2048
2049
2052
2056
2061
2065
2069
2073
2079
2085
2091
2094
2092
2087
2077
2072
2070
2076
2090
2105
2123
2137
2147
2153
2155
2150
2138
2120
2098
2081
2071
2069
2077
2084
2089
2086
2076
2064
2050
2040
2034
2032
2034
2035
2035
2028
2014
1997
1979
1970
1970
1975
1987
1996
2003
2008
2011
2012
2011
2006
1996
1988
1982
1981
1987
1994
2000
2005
2009
2015
2022
2026
2027
2024
2018
2014
2012
2012
2014
2014
2014
2016
2022
2032
2048
2062
2076
2084
2088
2087
2079
2069
2056
2045
2035
2029
2026
2025
2026
2027
2027
2027
2026
2026
2026
2029
2037
2044
2050
2049
2043
2035
2026
2021
2019
2018
2019
2022
2028
2038
2052
2063
2071
2073
2067
2062
2058
2055
2053
2049
2041
2035
2031
2034
2044
2055
2066
2072
2073
2073
2071
2067
2060
2051
2041
2037
2039
2047
2061
2073
2081
2089
2095
2102
2110
2108
2097
2079
2055
2038
2030
2028
2033
2034
2032
2028
2023
2023
2028
2035
2043
2049
2053
2054
2052
2047
2039
2031
2023
2018
2018
2021
2029
2038
2050
2061
2069
2072
2069
2063
2053
2047
2044
2044
2047
2049
2049
2049
2048
2049
2053
2058
2064
2067
2068
2067
2064
2059
2053
2046
2039
2036
2038
2045
2056
2065
2073
2079
2085
2092
2101
2103
2098
2083
2058
2037
2020
2013
2015
2017
2019
2018
2013
2011
2011
2014
2020
2027
2033
2037
2039
2036
2028
2017
2003
1994
1988
1989
1997
2009
2025
2039
2050
2052
2044
2032
2018
2010
2009
2013
2021
2028
2032
2035
2037
2039
2039
2038
2036
2034
2032
2031
2032
2032
2030
2028
2026
2027
2032
2040
2052
2064
2074
2081
2085
2088
2090
2092
2094
2088
2075
2058
2036
2025
2023
2029
2045
2054
2058
2055
2045
2037
2033
2033
2038
2044
2051
2056
2059
2055
2045
2032
2016
2009
2009
2015
2029
2041
2051
2056
2058
2058
2055
2051
2045
2041
2039
2039
2042
2044
2046
2047
2049
2051
2055
2056
2055
2053
2051
2048
2045
2037
2025
2014
2004
2005
2019
2038
2062
2079
2089
2093
2091
2085
2075
2061
2043
2030
2022
2025
2039
2052
2064
2068
2062
2055
2049
2049
2055
2064
2075
2081
2082
2077
2067
2058
2050
2051
2059
2072
2090
2104
2116
2121
2119
2114
2106
2100
2098
2096
2096
2090
2079
2067
2054
2049
2052
2058
2068
2072
2070
2063
2051
2037
2022
2009
1997
1991
1992
1999
2012
2025
2038
2048
2054
2055
2049
2037
2019
2002
1987
1979
1978
1979
1983
1984
1982
1980
1976
1976
1980
1988
2002
2013
2023
2026
2022
2015
2005
1999
1998
1999
2003
2009
2017
2028
2042
2052
2058
2060
2056
2053
2053
2053
2054
2051
2045
2041
2041
2044
2052
2057
2058
2057
2054
2054
2056
2056
2054
2049
2043
2042
2046
2054
2065
2075
2083
2091
2099
2104
2106
2100
2086
2070
2054
2042
2034
2027
2023
2019
2015
2013
2013
2015
2019
2026
2036
2046
2055
2058
2054
2046
2034
2025
2020
2019
2022
2027
2035
2044
2055
2062
2065
2064
2059
2057
2057
2059
2061
2060
2054
2050
2048
2050
2058
2065
2071
2075
2077
2076
2074
2067
2055
2043
2031
2028
2034
2042
2054
2066
2077
2090
2105
2115
2121
2114
2095
2074
2050
2034
2026
2022
2023
2023
2023
2023
2024
2026
2030
2036
2042
2048
2053
2055
2053
2047
2038
2029
2020
2015
2015
2020
2032
2045
2059
2067
2067
2062
2054
2048
2044
2041
2039
2038
2039
2043
2051
2058
2064
2066
2064
2063
2061
2060
2060
2058
2054
2051
2049
2047
2045
2044
2042
2045
2053
2062
2072
2078
2078
2078
2079
2083
2089
2089
2081
2068
2048
2033
2024
2022
2026
2029
2029
2027
2022
2018
2014
2014
2018
2022
2028
2030
2028
2022
2012
2004
1996
1990
1987
1987
1989
1997
2010
2022
2034
2039
2035
2029
2022
2021
2025
2029
2032
2032
2029
2030
2034
2039
2045
2045
2040
2036
2033
2035
2042
2045
2043
2037
2025
2021
2024
2036
2058
2077
2094
2104
2106
2107
2106
2103
2099
2086
2066
2045
2025
2017
2023
2035
2055
2066
2068
2061
2045
2032
2022
2019
2023
2028
2036
2042
2044
2042
2034
2025
2015
2012
2016
2025
2038
2047
2053
2053
2048
2043
2038
2037
2040
2044
2050
2053
2054
2054
2053
2053
2054
2055
2055
2056
2056
2058
2062
2063
2061
2056
2046
2040
2040
2048
2066
2083
2099
2109
2112
2112
2110
2105
2097
2086
2072
2063
2060
2066
2081
2093
2102
2102
2093
2085
2077
2076
2084
2093
2103
2107
2105
2095
2079
2062
2044
2034
2030
2030
2036
2039
2039
2033
2023
2011
1997
1987
1981
1980
1984
1989
1994
1998
2000
2003
2007
2011
2015
2017
2017
2015
2013
2007
1997
1987
1976
1974
1981
1995
2017
2034
2048
2058
2065
2071
2077
2076
2068
2056
2038
2025
2017
2013
2015
2017
2019
2021
2022
2022
2021
2021
2022
2027
2036
2042
2045
2042
2032
2024
2018
2016
2019
2023
2027
2035
2045
2056
2067
2070
2066
2060
2052
2049
2053
2055
2057
2056
2052
2050
2051
2053
2057
2059
2059
2060
2062
2062
2060
2057
2051
2048
2048
2051
2057
2060
2062
2064
2065
2068
2073
2079
2087
2093
2097
2096
2089
2078
2062
2050
2042
2038
2040
2039
2034
2028
2022
2020
2024
2029
2035
2040
2042
2045
2047
2049
2049
2045
2039
2032
2024
2021
2021
2024
2032
2041
2051
2058
2060
2058
2051
2046
2043
2043
2047
2051
2053
2053
2049
2047
2045
2045
2048
2052
2057
2059
2059
2056
2050
2044
2039
2037
2039
2043
2049
2055
2061
2064
2064
2064
2062
2060
2058
2055
2051
2050
2050
2058
2072
2085
2096
2096
2084
2068
2048
2037
2033
2032
2032
2027
2017
2008
2000
1999
2004
2010
2017
2021
2023
2022
2020
2014
2005
1994
1982
1974
1971
1976
1988
2003
2021
2035
2043
2047
2045
2042
2038
2036
2036
2036
2036
2036
2036
2034
2032
2031
2032
2036
2044
2053
2062
2066
2064
2059
2049
2042
2038
2040
2048
2058
2069
2076
2080
2082
2083
2084
2084
2080
2073
2066
2058
2055
2057
2061
2067
2068
2064
2057
2049
2046
2049
2055
2063
2065
2059
2050
2036
2028
2026
2029
2038
2044
2048
2047
2041
2032
2020
2010
2000
1996
1998
2004
2016
2027
2036
2042
2046
2049
2053
2054
2054
2051
2045
2040
2037
2036
2036
2037
2039
2044
2050
2054
2056
2055
2051
2047
2044
2041
2037
2031
2023
2021
2026
2039
2061
2080
2094
2101
2099
2094
2086
2075
2059
2042
2024
2017
2023
2038
2062
2079
2088
2088
2080
2074
2070
2070
2075
2080
2085
2088
2089
2087
2081
2073
2063
2058
2058
2064
2076
2084
2090
2092
2088
2084
2078
2072
2066
2060
2054
2050
2046
2042
2037
2032
2026
2024
2026
2028
2032
2031
2026
2018
2007
1998
1991
1986
1984
1984
1986
1991
1999
2007
2014
2019
2023
2027
2033
2040
2046
2050
2050
2046
2038
2030
2021
2016
2014
2014
2018
2019
2017
2012
2003
1997
1993
1996
2005
2016
2028
2039
2047
2052
2052
2049
2041
2033
2025
2020
2018
2020
2026
2033
2042
2050
2058
2062
2062
2061
2057
2056
2056
2056
2056
2054
2050
2048
2048
2052
2060
2065
2067
2067
2063
2059
2054
2048
2040
2035
2033
2035
2043
2051
2059
2066
2070
2075
2081
2082
2080
2071
2055
2042
2033
2034
2046
2060
2076
2088
2096
2099
2099
2094
2085
2074
2060
2052
2048
2045
2043
2036
2026
2018
2012
2013
2023
2035
2047
2055
2058
2059
2057
2052
2045
2035
2022
2013
2007
2010
2022
2036
2052
2062
2066
2065
2060
2056
2054
2052
2051
2049
2045
2041
2037
2036
2037
2038
2040
2039
2036
2032
2028
2024
2022
2018
2012
2006
1998
1995
1997
2003
2015
2025
2033
2038
2039
2039
2037
2035
2031
2025
2019
2016
2016
2022
2034
2049
2067
2082
2096
2103
2101
2090
2069
2049
2030
2025
2034
2049
2071
2083
2083
2073
2055
2042
2035
2037
2047
2056
2063
2063
2056
2046
2032
2021
2011
2007
2009
2017
2029
2041
2051
2056
2054
2050
2044
2042
2042
2044
2048
2050
2049
2048
2046
2046
2048
2050
2052
2054
2054
2057
2062
2067
2072
2072
2066
2057
2046
2041
2043
2050
2062
2070
2073
2074
2072
2073
2078
2081
2083
2079
2067
2057
2047
2039
2033
2025
2015
2009
2007
2015
2031
2044
2052
2049
2034
2020
2006
1999
2001
2007
2016
2024
2030
2031
2025
2016
2002
1995
1993
1999
2013
2025
2034
2040
2042
2047
2053
2059
2065
2069
2071
2074
2078
2085
2093
2101
2109
2115
2121
2126
2129
2130
2128
2125
2121
2117
2113
2108
2102
2095
2088
2082
2078
2076
2078
2084
2092
2099
2105
2103
2095
2082
2064
2048
2032
2019
2010
2006
2008
2010
2014
2014
2010
2002
1992
1983
1975
1969
1967
1967
1970
1973
1977
1978
1976
1974
1972
1973
1979
1986
1994
2001
2007
2012
2018
2024
2028
2031
2032
2033
2033
2033
2033
2032
2032
2036
2045
2054
2062
2063
2056
2047
2037
2032
2034
2038
2042
2045
2047
2050
2056
2059
2060
2058
2054
2054
2058
2065
2075
2080
2082
2082
2082
2083
2085
2084
2079
2071
2061
2054
2050
2046
2042
2036
2028
2023
2021
2023
2031
2038
2044
2046
2044
2043
2041
2040
2040
2037
2032
2026
2020
2018
2022
2031
2045
2055
2063
2065
2061
2058
2056
2056
2060
2062
2064
2062
2057
2052
2047
2046
2048
2053
2060
2066
2070
2072
2070
2066
2058
2051
2044
2041
2042
2046
2052
2059
2066
2072
2076
2079
2079
2077
2074
2073
2075
2077
2081
2079
2072
2062
2050
2042
2038
2038
2041
2041
2039
2036
2032
2030
2032
2036
2040
2044
2047
2048
2047
2043
2035
2027
2017
2011
2009
2013
2023
2034
2046
2053
2057
2058
2056
2054
2052
2051
2051
2049
2047
2043
2037
2031
2026
2023
2021
2020
2021
2022
2022
2020
2017
2013
2008
2005
2003
2004
2008
2016
2028
2040
2052
2061
2067
2070
2071
2071
2071
2067
2060
2048
2030
2015
2003
2002
2014
2030
2051
2062
2064
2060
2048
2040
2036
2035
2038
2042
2046
2049
2051
2049
2041
2031
2021
2017
2021
2028
2040
2046
2048
2046
2041
2038
2038
2040
2045
2051
2058
2063
2067
2068
2066
2065
2063
2063
2064
2065
2066
2067
2069
2069
2066
2058
2044
2032
2024
2027
2042
2060
2082
2095
2100
2101
2097
2092
2086
2074
2056
2039
2023
2018
2024
2035
2051
2057
2054
2044
2028
2017
2011
2012
2020
2025
2029
2026
2016
2006
1994
1989
1991
1997
2008
2018
2027
2034
2039
2042
2042
2040
2034
2030
2026
2028
2034
2042
2052
2063
2073
2083
2093
2100
2104
2105
2103
2100
2096
2092
2087
2085
2085
2091
2102
2112
2122
2129
2132
2133
2133
2126
2112
2093
2068
2051
2041
2041
2052
2060
2064
2060
2046
2032
2018
2009
2005
2003
2003
2001
1997
1989
1977
1966
1956
1954
1959
1968
1982
1993
2001
2007
2009
2011
2012
2013
2013
2013
2015
2017
2019
2021
2022
2026
2033
2041
2051
2057
2057
2055
2050
2049
2051
2053
2055
2053
2049
2049
2053
2061
2072
2080
2085
2089
2092
2093
2093
2086
2072
2057
2041
2032
2032
2034
2038
2037
2031
2024
2018
2016
2019
2024
2031
2035
2036
2034
2030
2024
2016
2009
2002
1999
2001
2008
2020
2032
2044
2052
2054
2055
2053
2051
2050
2049
2049
2049
2049
2049
2047
2044
2041
2041
2045
2052
2061
2067
2069
2070
2068
2065
2061
2056
2048
2044
2043
2048
2060
2072
2084
2094
2102
2110
2118
2117
2108
2090
2064
2043
2028
2022
2025
2028
2031
2032
2030
2029
2029
2030
2032
2036
2041
2046
2051
2052
2048
2040
2029
2020
2014
2013
2019
2029
2042
2053
2063
2067
2065
2062
2056
2052
2049
2048
2050
2052
2055
2057
2058
2058
2057
2057
2059
2060
2062
2062
2059
2055
2049
2045
2041
2038
2038
2041
2047
2056
2067
2076
2083
2089
2094
2097
2097
2089
2073
2052
2028
2011
2003
2001
2006
2008
2007
2004
1998
1995
1996
2000
2006
2011
2015
2016
2014
2010
2004
1997
1989
1985
1983
1986
1996
2009
2025
2035
2041
2041
2037
2033
2029
2028
2028
2029
2033
2038
2044
2051
2059
2064
2068
2070
2070
2071
2071
2070
2068
2066
2063
2060
2057
2055
2053
2053
2055
2060
2069
2079
2089
2096
2098
2096
2090
2081
2070
2057
2043
2032
2024
2023
2031
2040
2051
2056
2054
2048
2038
2032
2029
2029
2032
2035
2038
2038
2034
2025
2011
2002
1997
2002
2016
2030
2044
2051
2050
2049
2048
2049
2051
2050
2046
2043
2041
2044
2053
2061
2067
2070
2070
2070
2071
2073
2076
2077
2076
2072
2066
2059
2051
2048
2052
2064
2086
2108
2128
2139
2139
2134
2124
2114
2104
2094
2083
2077
2076
2082
2095
2102
2102
2092
2071
2054
2040
2035
2040
2045
2050
2050
2045
2037
2025
2014
2004
2000
2003
2010
2022
2028
2028
2023
2014
2008
2004
2003
2003
2002
2000
1997
1993
1990
1987
1987
1991
1997
2006
2012
2016
2015
2010
2006
2003
2002
2003
2005
2008
2014
2022
2033
2045
2056
2065
2072
2078
2081
2079
2072
2060
2048
2037
2030
2027
2025
2023
2022
2021
2022
2025
2028
2032
2036
2038
2040
2041
2040
2038
2035
2031
2027
2024
2022
2022
2024
2030
2038
2050
2059
2065
2069
2069
2069
2069
2066
2060
2052
2042
2038
2038
2043
2053
2061
2067
2070
2069
2068
2066
2064
2060
2055
2049
2044
2042
2043
2047
2054
2064
2075
2088
2100
2110
2114
2110
2097
2075
2054
2034
2025
2025
2027
2030
2028
2020
2016
2015
2021
2034
2044
2050
2052
2048
2044
2040
2037
2034
2030
2025
2023
2025
2031
2041
2050
2058
2061
2061
2058
2052
2047
2042
2041
2044
2048
2052
2054
2054
2053
2053
2055
2061
2065
2069
2069
2064
2057
2049
2043
2040
2040
2042
2045
2049
2052
2056
2060
2066
2073
2081
2089
2097
2102
2106
2104
2094
2078
2056
2041
2031
2028
2034
2036
2036
2031
2022
2017
2015
2018
2026
2034
2042
2047
2048
2044
2034
2021
2006
1997
1995
1999
2011
2023
2034
2040
2040
2038
2032
2027
2021
2018
2018
2019
2023
2024
2024
2021
2015
2012
2012
2017
2028
2035
2039
2036
2027
2020
2016
2016
2021
2024
2025
2028
2033
2043
2059
2073
2083
2090
2093
2096
2099
2093
2077
2052
2018
1997
1991
2002
2031
2054
2071
2073
2059
2045
2030
2023
2023
2028
2037
2044
2048
2046
2036
2024
2010
2005
2009
2017
2031
2041
2048
2052
2053
2052
2050
2046
2041
2039
2040
2042
2046
2047
2045
2044
2044
2046
2050
2053
2055
2056
2058
2060
2062
2057
2045
2032
2019
2019
2033
2051
2075
2088
2092
2093
2089
2086
2084
2078
2068
2059
2053
2058
2075
2092
2110
2117
2113
2106
2096
2092
2094
2099
2105
2109
2110
2104
2090
2075
2057
2049
2052
2063
2081
2094
2102
2104
2100
2097
2094
2087
2075
2062
2048
2039
2037
2035
2034
2030
2023
2020
2020
2020
2022
2019
2009
1998
1986
1977
1973
1971
1971
1972
1976
1981
1989
1999
2011
2023
2035
2042
2043
2037
2023
2011
2003
2000
2002
2002
1998
1994
1988
1987
1991
1997
2005
2011
2016
2022
2030
2034
2035
2030
2020
2012
2008
2009
2015
2022
2028
2036
2045
2055
2066
2072
2072
2069
2063
2062
2064
2067
2071
2073
2074
2078
2084
2091
2099
2105
2109
2114
2118
2121
2123
2122
2118
2118
2122
2131
2145
2157
2167
2176
2183
2186
2184
2173
2152
2129
2103
2083
2071
2059
2049
2034
2014
1992
1968
1944
1922
1904
1892
1887
1889
1892
1896
1894
1887
1879
1869
1861
1855
1850
1848
1850
1858
1875
1900
1932
1972
2011
2051
2081
2102
2114
2116
2120
2126
2137
2155
2176
2199
2219
2235
2239
2229
2204
2162
2115
2063
2024
1998
1995
2017
2060
2126
2196
2272
2326
2358
2353
2309
2236
2133
2019
1895
1772
1650
1538
1436
1372
1346
1379
1472
1595
1749
1869
1954
1976
1936
1858
1742
1624
1503
1415
1360
1403
1544
1804
2185
2570
2959
3208
3318
3301
3155
2975
2762
2553
2348
2190
2082
2085
2200
2362
2573
2704
2756
2737
2647
2551
2449
2314
2147
1948
1718
1551
1447
1433
1511
1615
1745
1865
1975
2059
2119
2119
2061
1956
1804
1680
1585
1561
1607
1692
1816
1923
2013
2061
2067
2042
1986
1929
1870
1829
1805
1801
1817
1843
1881
1926
1978
2035
2099
2155
2205
2232
2236
2223
2193
2161
2129
2099
2071
2052
2044
2055
2086
2120
2156
2170
2162
2140
2105
2076
2052
2032
2016
2003
1995
2004
2032
2071
2121
2155
2175
2174
2154
2128
2097
2068
2040
2016
1994
1981
1975
1977
1989
2003
2021
2035
2047
2053
2053
2046
2032
2020
2012
2012
2021
2032
2044
2052
2056
2061
2065
2070
2075
2074
2068
2057
2043
2032
2024
2021
2023
2027
2035
2046
2059
2068
2074
2072
2064
2055
2045
2039
2038
2040
2046
2052
2058
2061
2059
2056
2051
2049
2049
2048
2046
2039
2028
2020
2014
2014
2019
2023
2025
2029
2034
2042
2053
2059
2061
2059
2051
2047
2046
2046
2046
2041
2032
2025
2020
2021
2028
2033
2036
2036
2034
2034
2036
2041
2049
2054
2057
2057
2055
2050
2044
2036
2028
2022
2018
2018
2022
2027
2033
2036
2034
2030
2026
2022
2019
2017
2015
2015
2019
2026
2038
2047
2053
2054
2050
2045
2041
2038
2037
2038
2040
2046
2056
2066
2076
2080
2077
2070
2058
2048
2042
2041
2045
2051
2059
2065
2067
2071
2076
2083
2091
2096
2096
2091
2083
2074
2066
2056
2045
2035
2025
2024
2032
2040
2050
2053
2047
2041
2035
2033
2035
2033
2028
2026
2026
2031
2041
2047
2049
2047
2043
2044
2050
2055
2059
2058
2052
2049
2051
2055
2061
2060
2054
2047
2041
2040
2044
2050
2056
2061
2065
2067
2067
2062
2052
2043
2036
2034
2038
2044
2051
2059
2069
2081
2095
2105
2111
2109
2099
2085
2068
2051
2035
2022
2013
2012
2019
2027
2037
2043
2043
2043
2044
2045
2047
2044
2034
2024
2012
2007
2009
2013
2019
2025
2030
2037
2047
2052
2054
2049
2038
2030
2026
2024
2026
2024
2017
2010
2002
2001
2005
2009
2013
2014
2014
2014
2016
2017
2016
2013
2009
2009
2014
2022
2032
2041
2049
2059
2073
2087
2101
2104
2096
2079
2054
2035
2021
2015
2018
2025
2036
2046
2054
2057
2053
2047
2039
2035
2036
2037
2039
2035
2025
2018
2014
2016
2025
2034
2042
2047
2047
2047
2045
2045
2045
2045
2047
2049
2053
2054
2053
2051
2049
2049
2053
2057
2063
2066
2066
2064
2059
2054
2048
2045
2046
2051
2059
2067
2074
2077
2076
2075
2075
2076
2080
2083
2083
2081
2077
2074
2073
2075
2081
2086
2090
2093
2095
2098
2102
2106
2108
2104
2092
2078
2060
2051
2049
2055
2069
2081
2092
2097
2097
2093
2085
2074
2061
2049
2037
2028
2022
2019
2019
2019
2020
2021
2022
2024
2026
2028
2029
2027
2022
2016
2010
2005
2002
2000
2000
2001
2003
2009
2019
2027
2035
2040
2040
2038
2032
2025
2015
2004
1994
1987
1984
1983
1985
1987
1990
1998
2012
2026
2040
2044
2038
2030
2018
2011
2010
2011
2013
2017
2021
2030
2043
2053
2061
2063
2059
2059
2061
2064
2066
2061
2047
2032
2018
2013
2018
2026
2038
2048
2054
2059
2062
2063
2061
2056
2048
2041
2036
2036
2040
2045
2050
2054
2057
2061
2066
2069
2071
2070
2064
2057
2051
2047
2045
2044
2044
2047
2055
2068
2086
2098
2106
2105
2097
2087
2077
2066
2055
2043
2029
2022
2020
2023
2031
2038
2042
2046
2049
2052
2055
2051
2041
2028
2012
2004
2004
2010
2022
2033
2041
2050
2060
2068
2074
2073
2063
2052
2041
2037
2041
2046
2052
2053
2049
2046
2043
2042
2042
2042
2043
2047
2053
2059
2065
2065
2057
2048
2036
2031
2033
2038
2047
2053
2057
2059
2057
2056
2054
2053
2051
2050
2048
2047
2047
2047
2049
2050
2052
2051
2049
2046
2042
2041
2043
2047
2053
2060
2069
2079
2091
2100
2106
2104
2094
2080
2062
2047
2037
2031
2029
2029
2029
2029
2028
2028
2028
2031
2037
2042
2048
2048
2041
2029
2011
1997
1986
1983
1987
1997
2011
2025
2039
2046
2048
2041
2026
2010
1993
1985
1985
1991
2002
2009
2012
2014
2014
2018
2025
2030
2034
2035
2033
2033
2035
2036
2035
2030
2022
2018
2020
2029
2043
2053
2059
2062
2060
2060
2063
2066
2068
2067
2062
2058
2056
2057
2062
2066
2070
2069
2065
2059
2052
2049
2049
2053
2061
2069
2077
2082
2084
2084
2080
2074
2064
2053
2042
2036
2034
2037
2043
2047
2047
2043
2035
2030
2026
2027
2033
2038
2044
2043
2036
2025
2009
1997
1991
1991
1999
2011
2025
2038
2050
2055
2055
2049
2037
2027
2021
2021
2029
2035
2039
2039
2033
2031
2033
2039
2049
2055
2059
2061
2062
2065
2069
2071
2070
2067
2062
2060
2060
2061
2062
2062
2061
2066
2076
2090
2106
2114
2114
2108
2097
2091
2090
2090
2090
2086
2078
2072
2068
2068
2074
2077
2078
2076
2072
2068
2064
2059
2053
2045
2035
2026
2018
2012
2006
2003
2003
2008
2020
2033
2047
2054
2054
2047
2035
2026
2020
2018
2020
2022
2023
2022
2019
2018
2019
2022
2026
2029
2029
2027
2021
2016
2013
2013
2017
2021
2027
2033
2039
2041
2040
2034
2022
2013
2007
2009
2021
2036
2054
2067
2075
2078
2076
2071
2065
2056
2046
2036
2026
2021
2020
2021
2023
2025
2026
2028
2030
2035
2042
2047
2050
2048
2040
2032
2022
2016
2016
2018
2024
2029
2032
2035
2037
2040
2044
2047
2047
2048
2049
2052
2057
2059
2059
2055
2049
2045
2045
2047
2052
2054
2053
2051
2047
2047
2049
2052
2056
2055
2050
2045
2039
2036
2038
2042
2048
2052
2056
2059
2063
2066
2068
2068
2065
2061
2055
2052
2051
2053
2057
2064
2074
2083
2091
2094
2094
2092
2088
2083
2077
2066
2051
2037
2024
2019
2022
2027
2035
2039
2041
2043
2045
2047
2048
2044
2036
2028
2020
2018
2020
2023
2027
2032
2038
2048
2062
2069
2071
2065
2050
2040
2034
2037
2049
2057
2061
2060
2054
2049
2046
2046
2048
2050
2052
2055
2057
2059
2060
2059
2055
2050
2044
2040
2039
2041
2046
2052
2058
2063
2067
2069
2070
2069
2065
2058
2049
2042
2038
2038
2043
2048
2054
2061
2068
2076
2086
2092
2093
2087
2073
2058
2043
2033
2027
2022
2020
2018
2018
2018
2020
2021
2020
2018
2015
2013
2011
2006
1999
1990
1978
1972
1971
1975
1985
1997
2009
2021
2033
2041
2045
2041
2029
2019
2010
2010
2019
2028
2038
2041
2035
2031
2029
2032
2041
2049
2056
2060
2062
2064
2066
2067
2066
2064
2060
2058
2060
2062
2064
2066
2067
2069
2071
2072
2071
2068
2062
2058
2056
2057
2063
2068
2072
2075
2075
2074
2073
2070
2064
2055
2043
2035
2029
2028
2032
2035
2039
2040
2040
2039
2037
2037
2037
2036
2033
2027
2017
2008
2000
1997
1999
2005
2013
2023
2035
2047
2059
2065
2065
2060
2050
2044
2041
2042
2048
2051
2051
2050
2049
2053
2061
2069
2075
2077
2073
2071
2073
2078
2086
2090
2090
2086
2078
2072
2069
2070
2074
2081
2090
2098
2104
2106
2103
2098
2090
2085
2081
2077
2071
2063
2054
2048
2045
2044
2045
2045
2043
2042
2041
2042
2044
2045
2044
2038
2026
2012
1998
1989
1987
1991
2003
2013
2023
2029
2030
2029
2026
2022
2017
2014
2012
2012
2016
2019
2021
2021
2018
2018
2021
2026
2032
2033
2027
2021
2013
2013
2020
2029
2039
2045
2047
2046
2044
2040
2036
2030
2022
2018
2018
2025
2037
2050
2064
2076
2086
2092
2094
2090
2080
2066
2048
2035
2026
2022
2022
2024
2027
2031
2036
2040
2044
2046
2046
2045
2043
2038
2031
2024
2017
2015
2018
2022
2028
2032
2032
2034
2040
2049
2060
2064
2060
2053
2043
2041
2048
2056
2065
2065
2055
2046
2036
2032
2036
2041
2047
2052
2054
2057
2060
2060
2058
2054
2049
2047
2048
2050
2054
2056
2054
2054
2055
2058
2062
2065
2067
2068
2068
2070
2076
2081
2085
2086
2082
2077
2070
2064
2058
2051
2043
2036
2031
2031
2035
2040
2044
2045
2043
2042
2042
2044
2047
2045
2039
2031
2021
2016
2016
2019
2027
2036
2046
2054
2062
2065
2064
2059
2050
2045
2043
2046
2052
2056
2056
2054
2050
2047
2045
2044
2043
2043
2045
2050
2057
2061
2062
2058
2049
2042
2037
2037
2043
2049
2055
2060
2062
2063
2063
2062
2061
2060
2058
2056
2052
2047
2043
2041
2043
2050
2062
2075
2089
2098
2101
2097
2085
2069
2049
2034
2024
2020
2023
2027
2031
2032
2030
2027
2023
2021
2021
2019
2015
2008
1997
1986
1975
1969
1967
1970
1980
1992
2008
2022
2034
2036
2030
2019
2005
1997
1997
2003
2017
2026
2032
2031
2024
2019
2016
2018
2024
2032
2042
2051
2059
2063
2063
2060
2054
2051
2051
2056
2067
2077
2086
2090
2088
2084
2078
2074
2072
2070
2069
2069
2069
2072
2076
2081
2085
2087
2086
2083
2077
2069
2058
2048
2038
2033
2035
2040
2047
2049
2047
2043
2039
2038
2042
2046
2048
2044
2033
2022
2010
2004
2004
2006
2012
2020
2029
2039
2049
2055
2055
2051
2041
2033
2027
2026
2030
2035
2039
2042
2042
2042
2044
2046
2049
2050
2050
2050
2050
2052
2054
2053
2049
2041
2029
2022
2019
2023
2035
2047
2059
2066
2067
2067
2065
2065
2069
2070
2069
2063
2051
2042
2035
2036
2044
2052
2060
2064
2062
2061
2060
2062
2068
2071
2071
2066
2054
2042
2030
2024
2025
2034
2050
2066
2082
2090
2090
2082
2067
2054
2042
2036
2038
2041
2047
2050
2049
2047
2044
2044
2047
2048
2047
2042
2032
2028
2028
2034
2048
2056
2058
2054
2044
2038
2036
2038
2044
2047
2045
2045
2047
2052
2062
2066
2066
2060
2048
2038
2029
2022
2016
2009
2001
1997
1997
1999
2004
2009
2014
2021
2029
2035
2039
2036
2024
2013
2001
1996
1998
2003
2009
2016
2022
2032
2046
2056
2064
2064
2056
2050
2046
2047
2053
2053
2047
2041
2033
2034
2043
2052
2060
2062
2057
2054
2052
2054
2058
2059
2055
2051
2047
2045
2047
2048
2046
2045
2044
2047
2055
2063
2071
2078
2082
2086
2089
2088
2082
2074
2062
2055
2051
2048
2048
2044
2037
2031
2026
2025
2029
2032
2036
2039
2039
2039
2039
2037
2033
2029
2024
2022
2022
2024
2030
2037
2043
2050
2058
2062
2064
2062
2056
2050
2045
2046
2052
2058
2064
2065
2059
2054
2048
2045
2045
2047
2051
2055
2061
2065
2068
2066
2060
2052
2042
2037
2037
2041
2049
2057
2064
2068
2068
2067
2064
2062
2060
2058
2058
2058
2058
2062
2069
2078
2088
2092
2090
2083
2071
2061
2053
2045
2039
2033
2027
2027
2033
2039
2047
2051
2049
2048
2046
2045
2045
2040
2030
2020
2010
2007
2011
2017
2025
2032
2036
2042
2048
2051
2050
2043
2029
2019
2013
2014
2022
2027
2027
2023
2015
2011
2012
2016
2022
2026
2028
2029
2028
2026
2022
2018
2014
2014
2020
2028
2040
2048
2051
2051
2049
2049
2051
2052
2051
2047
2039
2035
2037
2044
2058
2071
2083
2092
2096
2097
2093
2084
2069
2054
2039
2032
2034
2040
2050
2056
2056
2052
2044
2041
2041
2045
2052
2053
2047
2037
2021
2010
2004
2005
2013
2022
2030
2039
2049
2059
2068
2069
2062
2050
2034
2026
2027
2034
2048
2054
2054
2049
2041
2038
2042
2047
2054
2058
2058
2058
2058
2058
2058
2055
2047
2039
2030
2026
2026
2029
2034
2039
2045
2052
2060
2066
2070
2070
2064
2058
2052
2047
2042
2034
2024
2017
2015
2019
2031
2039
2045
2046
2040
2038
2039
2042
2046
2044
2034
2023
2009
2002
2002
2008
2020
2035
2051
2065
2077
2082
2080
2073
2061
2055
2053
2057
2067
2077
2086
2091
2093
2095
2095
2096
2098
2098
2095
2090
2082
2077
2073
2072
2074
2071
2065
2056
2044
2037
2036
2040
2050
2057
2063
2068
2070
2073
2075
2074
2068
2058
2042
2029
2017
2011
2011
2013
2018
2021
2023
2024
2024
2024
2024
2023
2020
2013
2003
1993
1983
1979
1981
1990
2005
2018
2029
2035
2037
2037
2037
2035
2031
2026
2020
2020
2025
2032
2041
2044
2042
2040
2038
2041
2049
2052
2050
2043
2031
2026
2029
2036
2048
2054
2052
2048
2044
2043
2047
2048
2046
2044
2041
2044
2053
2062
2072
2078
2078
2077
2075
2074
2073
2069
2062
2054
2044
2036
2030
2027
2029
2032
2037
2041
2043
2044
2043
2042
2042
2041
2039
2035
2028
2023
2020
2021
2025
2030
2036
2042
2048
2055
2061
2062
2057
2049
2037
2033
2037
2047
2063
2072
2073
2067
2053
2043
2035
2033
2036
2040
2046
2051
2057
2062
2065
2064
2060
2056
2052
2051
2055
2059
2061
2061
2058
2056
2055
2056
2060
2064
2066
2067
2067
2068
2070
2074
2078
2081
2083
2083
2082
2079
2073
2064
2052
2040
2030
2025
2026
2028
2032
2035
2037
2040
2044
2048
2052
2051
2045
2036
2026
2020
2018
2019
2023
2028
2033
2041
2052
2062
2071
2072
2064
2054
2042
2038
2042
2048
2056
2058
2054
2051
2048
2049
2055
2059
2061
2061
2058
2056
2055
2053
2051
2047
2042
2039
2039
2042
2050
2056
2061
2063
2061
2060
2058
2057
2058
2058
2056
2052
2047
2047
2051
2060
2074
2084
2090
2090
2084
2074
2062
2048
2032
2021
2013
2012
2020
2028
2036
2038
2032
2028
2024
2023
2026
2024
2016
2006
1993
1987
1987
1990
1997
2002
2006
2012
2022
2031
2039
2039
2030
2020
2010
2008
2014
2021
2029
2033
2031
2032
2036
2040
2046
2047
2042
2039
2037
2041
2049
2054
2054
2051
2045
2044
2050
2058
2066
2070
2069
2067
2064
2061
2059
2055
2049
2045
2045
2048
2056
2063
2069
2074
2078
2080
2082
2078
2069
2058
2045
2038
2036
2038
2046
2052
2056
2058
2056
2055
2053
2052
2050
2045
2039
2030
2018
2009
2001
2000
2004
2011
2021
2031
2039
2046
2052
2053
2050
2044
2034
2027
2025
2027
2035
2040
2044
2045
2044
2047
2053
2059
2065
2067
2065
2062
2058
2058
2061
2063
2064
2062
2057
2053
2050
2051
2055
2063
2073
2083
2091
2097
2099
2099
2097
2094
2092
2088
2083
2077
2069
2064
2062
2063
2069
2072
2072
2068
2061
2057
2055
2056
2060
2057
2047
2032
2014
2003
1999
2002
2014
2025
2036
2044
2048
2048
2044
2037
2027
2020
2018
2019
2025
2028
2028
2026
2022
2021
2024
2026
2028
2025
2019
2015
2014
2018
2028
2036
2040
2040
2034
2030
2027
2025
2024
2023
2021
2022
2026
2035
2049
2062
2074
2081
2083
2081
2073
2063
2051
2039
2027
2019
2015
2014
2018
2023
2029
2031
2031
2030
2029
2030
2034
2035
2035
2030
2020
2012
2007
2007
2013
2020
2027
2035
2044
2054
2066
2070
2066
2056
2041
2034
2036
2042
2054
2058
2054
2048
2041
2040
2045
2050
2055
2058
2058
2059
2061
2061
2057
2052
2044
2041
2043
2048
2054
2057
2056
2055
2055
2057
2063
2066
2068
2067
2063
2060
2058
2059
2063
2069
2076
2081
2085
2085
2082
2077
2069
2061
2052
2044
2038
2035
2035
2035
2037
2039
2040
2041
2043
2046
2050
2050
2047
2041
2033
2026
2022
2020
2021
2023
2026
2032
2041
2050
2058
2060
2054
2047
2037
2035
2041
2049
2057
2059
2055
2049
2043
2041
2045
2048
2052
2055
2057
2059
2061
2059
2052
2044
2034
2031
2035
2042
2052
2058
2060
2060
2060
2060
2061
2060
2058
2055
2052
2051
2052
2055
2059
2067
2078
2089
2100
2103
2099
2087
2068
2050
2032
2022
2018
2020
2028
2036
2044
2047
2045
2042
2040
2039
2041
2040
2034
2025
2014
2008
2007
2009
2014
2020
2026
2037
2053
2066
2076
2075
2062
2048
2032
2026
2030
2037
2045
2049
2047
2044
2041
2040
2040
2040
2038
2035
2033
2031
2031
2029
2026
2023
2019
2018
2019
2022
2028
2033
2036
2035
2029
2023
2017
2015
2019
2024
2028
2031
2033
2040
2051
2063
2077
2080
2073
2060
2042
2028
2020
2017
2021
2027
2035
2042
2048
2050
2048
2044
2038
2036
2036
2036
2035
2030
2020
2013
2010
2013
2021
2029
2037
2045
2051
2058
2064
2065
2060
2051
2037
2031
2031
2036
2046
2052
2054
2054
2054
2056
2062
2065
2065
2061
2054
2051
2052
2055
2061
2064
2064
2063
2059
2056
2053
2051
2051
2055
2064
2074
2084
2090
2092
2090
2086
2082
2078
2073
2067
2060
2054
2052
2056
2064
2076
2084
2090
2092
2090
2088
2087
2086
2084
2078
2067
2055
2041
2033
2031
2036
2048
2058
2066
2071
2072
2070
2065
2056
2043
2032
2024
2022
2028
2033
2037
2036
2028
2023
2019
2020
2025
2027
2026
2024
2020
2018
2020
2022
2023
2022
2020
2019
2019
2017
2014
2010
2006
2008
2017
2030
2048
2060
2066
2066
2059
2051
2041
2032
2022
2014
2006
2003
2003
2006
2010
2015
2020
2026
2032
2038
2042
2040
2030
2019
2005
1998
1997
2001
2009
2017
2025
2033
2043
2053
2061
2063
2058
2053
2047
2047
2054
2058
2059
2054
2044
2039
2039
2045
2057
2064
2066
2066
2062
2060
2060
2058
2054
2050
2045
2044
2048
2052
2058
2060
2056
2055
2055
2058
2065
2068
2067
2064
2059
2058
2062
2068
2075
2078
2077
2075
2071
2066
2060
2053
2043
2036
2030
2029
2032
2035
2038
2040
2042
2044
2048
2049
2047
2042
2033
2026
2020
2017
2018
2019
2021
2025
2029
2036
2045
2051
2055
2051
2041
2030
2019
2015
2019
2024
2032
2034
2028
2021
2013
2010
2014
2019
2024
2026
2024
2024
2025
2026
2027
2025
2019
2017
2021
2029
2041
2048
2048
2046
2040
2041
2049
2055
2061
2064
2064
2068
2077
2085
2092
2088
2074
2059
2044
2040
2046
2054
2063
2066
2062
2057
2051
2049
2051
2055
2061
2063
2061
2054
2040
2027
2013
2006
2006
2012
2023
2033
2043
2052
2058
2060
2058
2051
2039
2031
2028
2032
2044
2053
2057
2055
2045
2040
2038
2042
2051
2057
2059
2060
2059
2059
2061
2058
2052
2042
2028
2021
2022
2030
2045
2055
2061
2064
2064
2065
2069
2071
2069
2060
2045
2032
2021
2018
2022
2030
2040
2048
2052
2054
2053
2053
2054
2056
2059
2059
2055
2049
2039
2034
2034
2042
2059
2077
2096
2109
2117
2121
2121
2117
2111
2104
2096
2093
2093
2095
2099
2101
2100
2097
2091
2085
2079
2072
2064
2058
2055
2053
2051
2047
2039
2032
2024
2020
2022
2023
2023
2019
2012
2009
2009
2014
2023
2028
2030
2027
2019
2010
2000
1990
1980
1972
1967
1967
1972
1977
1983
1990
1996
2004
2014
2018
2017
2011
1999
1994
1996
2003
2015
2024
2029
2035
2042
2052
2066
2073
2073
2067
2055
2047
2044
2044
2046
2047
2046
2047
2049
2053
2059
2063
2065
2067
2067
2065
2061
2054
2046
2041
2040
2041
2045
2046
2044
2042
2042
2047
2059
2072
2085
2092
2094
2093
2089
2083
2075
2066
2054
2041
2029
2020
2014
2013
2017
2023
2031
2037
2043
2047
2051
2054
2055
2052
2044
2037
2029
2026
2028
2030
2034
2039
2045
2054
2066
2074
2078
2072
2056
2043
2033
2035
2047
2057
2064
2063
2054
2048
2044
2044
2049
2052
2054
2057
2061
2064
2066
2063
2055
2046
2038
2036
2040
2045
2051
2055
2059
2069
2085
2101
2116
2119
2109
2091
2067
2046
2028
2016
2012
2013
2019
2027
2036
2042
2044
2046
2047
2049
2053
2053
2048
2039
2026
2017
2012
2011
2015
2021
2029
2040
2054
2065
2072
2069
2056
2043
2030
2026
2031
2037
2043
2045
2042
2041
2041
2044
2050
2053
2053
2050
2044
2039
2033
2027
2020
2015
2012
2014
2020
2026
2032
2037
2040
2047
2058
2067
2074
2070
2056
2037
2013
1999
1993
1995
2005
2013
2021
2026
2028
2029
2028
2027
2026
2026
2026
2023
2018
2012
2005
2003
2005
2013
2025
2037
2049
2057
2061
2062
2059
2054
2047
2044
2044
2047
2054
2059
2062
2064
2066
2070
2077
2082
2085
2084
2079
2074
2070
2065
2059
2053
2048
2048
2054
2060
2065
2064
2056
2052
2052
2058
2072
2081
2084
2080
2069
2059
2051
2042
2032
2022
2011
2006
2008
2013
2023
2031
2037
2041
2042
2040
2034
2027
2017
2013
2015
2025
2042
2058
2072
2081
2083
2082
2077
2073
2070
2071
2076
2082
2088
2093
2096
2100
2105
2111
2117
2119
2117
2113
2107
2102
2098
2092
2082
2074
2066
2066
2074
2081
2088
2089
2085
2081
2077
2074
2074
2068
2058
2044
2027
2013
2001
1992
1985
1980
1976
1975
1978
1985
1995
2002
2005
1999
1983
1968
1953
1950
1959
1972
1988
1999
2004
2007
2009
2013
2018
2020
2019
2019
2020
2024
2032
2036
2036
2033
2027
2025
2029
2037
2049
2057
2061
2061
2057
2051
2043
2037
2033
2032
2034
2039
2045
2052
2059
2066
2074
2080
2084
2086
2086
2082
2074
2062
2046
2032
2018
2011
2010
2011
2014
2016
2018
2023
2032
2040
2048
2049
2041
2032
2022
2019
2024
2030
2038
2043
2045
2051
2061
2071
2079
2081
2076
2073
2073
2077
2085
2086
2078
2065
2047
2037
2035
2039
2051
2061
2071
2078
2084
2085
2079
2068
2052
2039
2031
2029
2035
2043
2052
2062
2074
2087
2101
2108
2108
2098
2078
2056
2034
2017
2007
2003
2007
2012
2020
2027
2031
2037
2043
2050
2056
2057
2051
2040
2024
2012
2006
2007
2015
2026
2040
2054
2067
2075
2077
2073
2061
2051
2041
2038
2042
2046
2050
2049
2043
2040
2040
2044
2053
2058
2059
2057
2051
2046
2042
2035
2027
2020
2014
2017
2027
2036
2044
2044
2037
2035
2038
2048
2064
2073
2073
2064
2046
2027
2007
1991
1979
1977
1983
1995
2013
2024
2029
2030
2026
2025
2029
2032
2034
2032
2024
2019
2017
2016
2017
2018
2019
2026
2038
2052
2066
2071
2067
2060
2050
2047
2051
2055
2058
2057
2051
2048
2050
2054
2062
2065
2065
2064
2064
2066
2070
2071
2067
2060
2048
2043
2043
2047
2057
2063
2067
2069
2069
2072
2078
2082
2084
2079
2068
2054
2038
2026
2019
2018
2023
2028
2034
2036
2036
2036
2038
2040
2044
2043
2035
2023
2007
1994
1985
1984
1990
2002
2019
2035
2050
2057
2057
2051
2039
2032
2028
2028
2032
2036
2038
2041
2045
2051
2059
2066
2072
2077
2081
2086
2092
2096
2098
2097
2091
2089
2091
2100
2116
2128
2134
2133
2123
2117
2116
2121
2133
2137
2133
2121
2100
2085
2075
2071
2073
2072
2068
2063
2057
2055
2059
2060
2058
2045
2023
2000
1978
1966
1964
1970
1984
1997
2008
2014
2015
2014
2011
2007
2001
1995
1989
1984
1980
1979
1980
1982
1986
1991
1997
2004
2012
2015
2015
2012
2007
2007
2013
2021
2030
2034
2034
2033
2031
2034
2041
2047
2052
2055
2056
2059
2065
2072
2078
2080
2076
2067
2055
2043
2031
2023
2019
2018
2021
2025
2031
2037
2041
2044
2046
2047
2045
2041
2035
2031
2027
2026
2026
2029
2033
2039
2045
2051
2055
2057
2056
2055
2053
2052
2054
2054
2052
2046
2036
2030
2028
2031
2041
2051
2061
2069
2075
2078
2080
2076
2064
2051
2037
2031
2035
2042
2054
2061
2061
2062
2062
2066
2074
2080
2082
2082
2080
2080
2084
2086
2084
2078
2066
2055
2045
2038
2035
2033
2032
2032
2034
2038
2042
2046
2050
2053
2055
2054
2048
2039
2025
2016
2011
2013
2022
2031
2041
2049
2055
2060
2064
2065
2063
2058
2051
2048
2048
2050
2055
2056
2053
2049
2045
2044
2048
2052
2058
2061
2062
2063
2064
2062
2058
2050
2040
2034
2032
2036
2046
2052
2054
2052
2046
2042
2041
2041
2043
2045
2046
2050
2057
2063
2069
2067
2056
2041
2022
2007
1997
1990
1988
1988
1992
1997
2005
2009
2010
2010
2008
2009
2013
2016
2018
2014
2006
2000
1997
2000
2009
2019
2031
2043
2055
2063
2067
2067
2061
2055
2050
2050
2054
2056
2056
2054
2050
2051
2055
2061
2069
2073
2075
2077
2077
2077
2075
2069
2060
2052
2044
2041
2043
2047
2054
2062
2071
2078
2084
2088
2090
2091
2091
2088
2082
2073
2060
2047
2033
2024
2020
2022
2032
2042
2051
2054
2050
2043
2035
2030
2030
2030
2030
2025
2016
2008
2002
2001
2006
2014
2024
2035
2045
2052
2055
2051
2039
2027
2015
2012
2020
2030
2042
2047
2045
2042
2038
2040
2046
2050
2051
2049
2045
2044
2047
2048
2047
2040
2026
2019
2019
2028
2048
2063
2075
2079
2075
2075
2079
2084
2091
2091
2083
2073
2060
2054
2056
2064
2076
2086
2093
2096
2094
2093
2091
2090
2090
2084
2074
2060
2042
2033
2031
2037
2052
2066
2078
2084
2083
2079
2071
2061
2051
2043
2038
2037
2041
2044
2046
2046
2042
2042
2044
2047
2050
2047
2037
2027
2017
2012
2012
2012
2012
2010
2006
2003
2003
2002
2000
1998
1997
2003
2017
2033
2050
2058
2056
2049
2037
2028
2020
2011
2000
1992
1987
1990
2002
2012
2022
2026
2025
2026
2028
2030
2032
2029
2021
2017
2015
2018
2024
2028
2030
2034
2040
2050
2063
2069
2068
2063
2053
2050
2054
2059
2063
2060
2048
2038
2031
2032
2042
2051
2057
2059
2056
2054
2053
2053
2053
2050
2046
2044
2044
2048
2054
2058
2059
2058
2056
2056
2060
2066
2074
2079
2081
2083
2084
2085
2085
2084
2080
2076
2072
2068
2066
2061
2053
2045
2036
2031
2031
2032
2035
2037
2037
2039
2042
2044
2046
2043
2036
2029
2023
2021
2024
2028
2034
2042
2050
2058
2066
2068
2062
2054
2043
2040
2045
2051
2058
2057
2047
2037
2029
2028
2035
2042
2048
2051
2049
2047
2045
2042
2038
2031
2021
2015
2013
2016
2026
2033
2039
2040
2036
2033
2031
2032
2036
2041
2045
2052
2060
2070
2082
2089
2089
2081
2067
2055
2045
2039
2037
2036
2036
2039
2044
2049
2053
2054
2050
2047
2043
2039
2035
2027
2017
2009
2003
2003
2008
2011
2013
2016
2020
2027
2039
2046
2048
2044
2034
2029
2031
2038
2049
2054
2053
2051
2047
2048
2054
2060
2066
2070
2073
2076
2079
2078
2072
2065
2055
2048
2044
2042
2042
2043
2046
2052
2062
2073
2083
2089
2091
2091
2087
2082
2076
2067
2055
2042
2029
2020
2015
2016
2024
2034
2046
2051
2049
2044
2035
2030
2028
2028
2030
2026
2018
2009
2000
1997
1999
2004
2012
2021
2031
2040
2050
2054
2052
2045
2033
2025
2021
2022
2028
2033
2035
2036
2034
2035
2038
2043
2050
2055
2058
2059
2059
2057
2055
2053
2051
2050
2050
2051
2051
2052
2054
2059
2067
2077
2088
2095
2099
2100
2098
2095
2093
2089
2085
2080
2075
2073
2073
2077
2085
2091
2095
2092
2083
2073
2062
2056
2054
2050
2046
2037
2023
2016
2014
2022
2040
2056
2070
2076
2072
2065
2054
2043
2033
2025
2020
2020
2026
2032
2037
2038
2034
2031
2030
2029
2029
2024
2015
2010
2008
2012
2024
2032
2036
2035
2027
2022
2021
2021
2022
2019
2012
2010
2014
2025
2045
2060
2070
2071
2061
2052
2042
2035
2029
2022
2014
2008
2005
2006
2012
2018
2024
2030
2036
2043
2051
2054
2050
2039
2023
2011
2004
2004
2011
2018
2026
2036
2048
2061
2075
2081
2079
2070
2055
2046
2044
2046
2054
2056
2053
2048
2042
2040
2043
2047
2053
2056
2056
2057
2059
2060
2062
2062
2058
2053
2047
2044
2044
2047
2053
2059
2063
2067
2069
2070
2068
2063
2055
2050
2048
2052
2062
2073
2085
2093
2095
2095
2091
2084
2076
2065
2051
2042
2037
2037
2042
2045
2045
2043
2039
2038
2040
2042
2044
2041
2033
2025
2019
2015
2015
2015
2016
2020
2026
2036
2048
2055
2056
2049
2035
2023
2014
2011
2015
2016
2016
2011
2002
1995
1991
1989
1991
1992
1992
1995
2001
2009
2020
2027
2029
2029
2025
2026
2034
2046
2061
2070
2073
2073
2069
2064
2060
2054
2046
2043
2043
2051
2066
2081
2096
2108
2118
2126
2132
2131
2123
2107
2083
2064
2050
2045
2049
2055
2062
2067
2069
2069
2066
2060
2050
2043
2037
2034
2033
2029
2021
2013
2005
2002
2005
2010
2018
2026
2034
2043
2051
2053
2049
2039
2023
2014
2012
2020
2038
2051
2060
2062
2056
2052
2048
2047
2048
2049
2049
2053
2059
2067
2075
2078
2075
2067
2055
2043
2033
2025
2021
2020
2022
2029
2040
2050
2060
2064
2063
2060
2054
2049
2043
2035
2024
2013
2003
2000
2004
2014
2028
2039
2047
2050
2049
2048
2048
2047
2045
2040
2034
2028
2022
2022
2028
2040
2058
2077
2095
2109
2117
2120
2116
2110
2102
2099
2101
2107
2118
2125
2129
2129
2123
2120
2119
2119
2119
2114
2103
2092
2080
2075
2075
2077
2080
2078
2072
2065
2057
2050
2046
2041
2035
2028
2021
2017
2016
2018
2023
2026
2026
2020
2009
1997
1983
1973
1966
1962
1960
1958
1956
1956
1958
1964
1972
1982
1992
1998
2000
1996
1987
1980
1975
1976
1982
1989
1996
2004
2012
2024
2040
2052
2061
2062
2056
2050
2046
2045
2048
2049
2047
2046
2044
2045
2051
2057
2061
2063
2063
2064
2067
2069
2071
2069
2063
2060
2058
2058
2061
2062
2061
2059
2057
2057
2059
2064
2072
2078
2084
2086
2085
2082
2076
2072
2069
2067
2065
2062
2058
2053
2049
2046
2045
2043
2040
2039
2039
2041
2046
2048
2047
2042
2034
2028
2024
2024
2028
2033
2038
2043
2047
2053
2059
2064
2066
2065
2059
2053
2048
2049
2055
2061
2067
2067
2059
2051
2042
2039
2043
2047
2053
2056
2056
2056
2056
2054
2052
2047
2039
2034
2032
2033
2039
2042
2042
2040
2037
2036
2036
2035
2033
2031
2027
2027
2030
2034
2039
2039
2033
2024
2012
2004
2000
1999
2001
2005
2011
2018
2026
2034
2040
2043
2043
2041
2037
2033
2029
2024
2019
2017
2018
2022
2030
2038
2048
2059
2069
2076
2079
2075
2065
2056
2050
2051
2061
2069
2074
2072
2064
2059
2057
2059
2065
2067
2067
2068
2071
2076
2083
2084
2079
2073
2065
2063
2067
2068
2066
2062
2055
2055
2063
2073
2084
2087
2082
2076
2069
2066
2067
2064
2056
2045
2031
2022
2020
2022
2030
2035
2037
2037
2034
2032
2032
2033
2036
2037
2036
2030
2018
2005
1991
1982
1980
1986
2002
2020
2040
2052
2056
2052
2039
2027
2015
2012
2018
2028
2040
2047
2047
2044
2038
2035
2037
2041
2046
2048
2046
2046
2046
2046
2046
2042
2034
2025
2016
2015
2023
2034
2050
2059
2061
2060
2054
2052
2054
2055
2057
2053
2043
2033
2023
2018
2019
2022
2027
2030
2030
2028
2025
2023
2021
2019
2017
2013
2008
2003
1999
1999
2003
2014
2032
2049
2066
2078
2085
2089
2091
2092
2092
2093
2095
2099
2105
2114
2125
2133
2139
2144
2148
2153
2161
2168
2173
2173
2167
2159
2149
2139
2129
2120
2110
2104
2100
2098
2098
2093
2084
2074
2063
2055
2051
2044
2034
2019
1999
1983
1970
1961
1956
1950
1943
1937
1932
1930
1930
1932
1934
1937
1941
1944
1946
1945
1941
1938
1936
1942
1956
1972
1989
2000
2006
2012
2016
2024
2034
2042
2046
2048
2046
2047
2049
2051
2053
2052
2048
2048
2050
2055
2063
2067
2067
2066
2062
2061
2063
2065
2066
2065
2062
2061
2063
2064
2064
2062
2058
2057
2059
2064
2072
2078
2081
2083
2085
2086
2088
2086
2080
2074
2066
2060
2057
2053
2049
2044
2038
2036
2036
2037
2039
2039
2038
2039
2041
2043
2045
2043
2039
2035
2033
2032
2034
2037
2039
2044
2052
2060
2068
2069
2063
2054
2042
2038
2044
2053
2065
2070
2066
2058
2046
2038
2036
2036
2040
2043
2045
2048
2051
2051
2047
2039
2027
2016
2008
2005
2009
2014
2019
2020
2017
2013
2008
2004
2000
1997
1996
2001
2011
2027
2049
2064
2072
2071
2059
2048
2040
2036
2038
2040
2041
2042
2044
2047
2052
2055
2057
2059
2062
2066
2072
2070
2060
2045
2025
2015
2013
2017
2028
2037
2045
2055
2065
2073
2079
2078
2068
2059
2051
2051
2057
2061
2063
2060
2052
2049
2052
2058
2068
2074
2075
2074
2071
2069
2067
2064
2060
2055
2051
2048
2047
2046
2045
2045
2045
2047
2051
2055
2057
2057
2055
2052
2049
2047
2045
2041
2036
2031
2025
2023
2023
2026
2031
2033
2033
2030
2025
2023
2023
2025
2029
2029
2023
2014
2000
1990
1985
1989
2001
2016
2034
2047
2056
2059
2055
2048
2038
2031
2029
2032
2040
2049
2059
2067
2072
2076
2080
2084
2088
2091
2093
2096
2099
2104
2112
2117
2120
2119
2115
2114
2118
2128
2144
2152
2152
2144
2130
2122
2122
2126
2136
2137
2131
2120
2104
2091
2082
2073
2065
2055
2043
2032
2023
2014
2006
1997
1989
1980
1971
1960
1948
1938
1932
1933
1941
1951
1962
1968
1970
1972
1972
1972
1972
1972
1974
1978
1986
1994
2001
2003
2001
1999
1999
2002
2008
2014
2020
2024
2028
2033
2039
2043
2045
2047
2047
2048
2048
2048
2048
2047
2045
2044
2045
2048
2054
2063
2074
2084
2094
2098
2097
2091
2079
2067
2053
2041
2033
2029
2029
2030
2033
2034
2032
2030
2029
2031
2037
2042
2044
2043
2037
2032
2029
2029
2033
2036
2038
2042
2048
2056
2066
2072
2072
2066
2055
2048
2045
2047
2055
2060
2062
2061
2055
2049
2043
2040
2040
2043
2049
2057
2065
2071
2073
2071
2063
2056
2048
2046
2050
2057
2065
2070
2070
2068
2065
2064
2066
2068
2068
2066
2063
2064
2069
2075
2083
2086
2083
2078
2072
2065
2058
2048
2034
2021
2010
2006
2010
2013
2015
2014
2008
2005
2004
2003
2001
1993
1980
1971
1965
1964
1968
1972
1974
1980
1990
2007
2029
2043
2049
2045
2029
2021
2019
2024
2037
2044
2046
2045
2041
2043
2051
2059
2067
2072
2073
2075
2079
2083
2086
2084
2078
2072
2066
2064
2068
2072
2074
2074
2070
2069
2071
2076
2084
2089
2089
2087
2081
2080
2082
2085
2087
2081
2065
2048
2030
2020
2020
2024
2034
2040
2042
2041
2037
2034
2034
2034
2036
2035
2031
2023
2011
2001
1994
1994
2000
2010
2023
2034
2044
2050
2052
2050
2042
2032
2021
2017
2019
2027
2039
2046
2048
2047
2043
2042
2046
2049
2052
2051
2047
2045
2045
2047
2051
2048
2040
2032
2024
2026
2038
2050
2064
2071
2069
2068
2068
2075
2087
2095
2098
2094
2082
2074
2068
2068
2074
2081
2089
2097
2105
2112
2119
2124
2128
2128
2124
2117
2105
2092
2079
2074
2076
2085
2099
2109
2114
2111
2099
2085
2070
2059
2051
2047
2045
2043
2039
2032
2020
2009
1998
1991
1987
1985
1983
1980
1976
1974
1974
1976
1982
1987
1989
1989
1987
1984
1980
1977
1974
1975
1980
1992
2012
2031
2051
2062
2064
2060
2048
2035
2021
2009
1999
1995
1997
2002
2012
2019
2023
2027
2030
2035
2042
2045
2044
2038
2026
2019
2015
2016
2022
2025
2027
2031
2039
2051
2066
2073
2071
2063
2051
2046
2050
2056
2064
2063
2054
2047
2041
2043
2051
2058
2063
2064
2062
2061
2061
2060
2058
2056
2052
2050
2052
2054
2058
2059
2057
2055
2055
2056
2058
2060
2060
2060
2058
2055
2051
2050
2051
2057
2068
2080
2092
2099
2099
2095
2086
2077
2067
2057
2046
2037
2029
2027
2031
2037
2044
2047
2045
2043
2040
2039
2039
2039
2037
2034
2030
2027
2025
2024
2025
2030
2040
2052
2068
2077
2079
2074
2061
2052
2048
2049
2057
2060
2059
2055
2047
2042
2042
2043
2047
2051
2053
2056
2060
2062
2062
2059
2053
2048
2044
2044
2049
2055
2062
2066
2068
2068
2064
2060
2055
2052
2050
2048
2046
2045
2046
2052
2063
2074
2085
2086
2078
2064
2044
2028
2015
2005
1999
1996
1996
1998
2002
2004
2003
2000
1996
1992
1989
1985
1980
1975
1970
1970
1976
1984
1994
2005
2015
2028
2044
2055
2060
2055
2039
2028
2022
2027
2045
2059
2069
2071
2064
2061
2061
2064
2070
2072
2070
2068
2068
2070
2075
2076
2072
2068
2062
2062
2069
2075
2079
2078
2070
2063
2059
2059
2065
2071
2075
2078
2079
2080
2082
2082
2079
2071
2058
2045
2033
2026
2024
2027
2034
2039
2041
2041
2037
2035
2036
2038
2041
2038
2028
2016
2000
1991
1987
1989
1999
2011
2027
2043
2057
2063
2060
2051
2035
2023
2016
2016
2023
2030
2036
2041
2043
2046
2050
2054
2057
2059
2059
2058
2057
2055
2053
2049
2043
2036
2028
2023
2023
2027
2035
2042
2048
2049
2045
2044
2046
2050
2057
2057
2051
2039
2023
2013
2010
2011
2017
2021
2023
2026
2030
2035
2042
2045
2045
2041
2034
2029
2025
2023
2025
2032
2042
2058
2078
2098
2116
2128
2133
2132
2126
2122
2121
2126
2137
2145
2151
2150
2142
2135
2130
2129
2133
2133
2129
2120
2106
2096
2090
2085
2081
2075
2069
2064
2062
2058
2052
2042
2026
2012
2000
1992
1990
1987
1983
1979
1974
1970
1968
1963
1956
1948
1938
1932
1931
1936
1948
1961
1975
1983
1987
1987
1983
1981
1981
1985
1991
1996
2000
2002
2002
2006
2014
2023
2035
2045
2052
2059
2065
2070
2074
2072
2064
2054
2043
2038
2038
2042
2050
2057
2063
2068
2071
2072
2072
2068
2061
2057
2055
2055
2059
2060
2056
2054
2052
2058
2074
2090
2104
2108
2100
2091
2080
2072
2067
2058
2044
2031
2019
2018
2026
2036
2047
2051
2048
2045
2041
2040
2040
2040
2038
2037
2037
2039
2044
2047
2049
2051
2053
2057
2064
2068
2068
2062
2050
2042
2038
2042
2055
2064
2068
2064
2052
2043
2039
2040
2048
2055
2061
2066
2071
2074
2074
2065
2047
2028
2010
2003
2009
2019
2031
2039
2043
2050
2060
2067
2072
2065
2045
2020
1990
1969
1955
1951
1955
1965
1979
1994
2008
2019
2027
2032
2035
2035
2031
2025
2018
2017
2022
2030
2042
2049
2050
2052
2056
2064
2078
2086
2088
2086
2078
2074
2076
2078
2079
2076
2069
2068
2072
2081
2094
2100
2098
2094
2086
2081
2079
2073
2063
2054
2045
2046
2058
2071
2085
2092
2092
2090
2088
2088
2090
2087
2078
2064
2045
2031
2022
2019
2023
2029
2035
2039
2041
2040
2037
2034
2030
2025
2021
2014
2005
1997
1989
1989
1995
2006
2020
2031
2037
2041
2041
2039
2035
2030
2024
2021
2023
2030
2042
2050
2054
2052
2046
2042
2041
2041
2043
2043
2041
2041
2045
2049
2053
2052
2046
2042
2041
2046
2057
2062
2061
2055
2045
2042
2048
2055
2065
2065
2054
2041
2025
2017
2016
2016
2018
2020
2021
2025
2031
2036
2040
2040
2034
2028
2020
2013
2007
2006
2010
2020
2038
2057
2077
2090
2094
2093
2085
2080
2076
2079
2087
2097
2108
2115
2117
2118
2116
2118
2122
2127
2133
2134
2132
2126
2116
2108
2100
2094
2091
2090
2091
2091
2089
2085
2079
2075
2073
2075
2079
2079
2075
2065
2049
2032
2014
1997
1981
1969
1959
1954
1955
1959
1966
1972
1977
1979
1977
1971
1960
1948
1936
1931
1935
1945
1961
1976
1990
2002
2012
2021
2029
2034
2034
2031
2025
2022
2023
2026
2030
2032
2031
2032
2034
2041
2052
2060
2065
2066
2063
2062
2063
2063
2063
2060
2054
2052
2055
2061
2069
2073
2071
2069
2067
2072
2083
2092
2098
2098
2092
2085
2078
2069
2058
2046
2033
2027
2027
2031
2039
2043
2043
2041
2037
2035
2037
2037
2037
2035
2033
2033
2035
2037
2039
2038
2034
2034
2038
2045
2055
2061
2063
2059
2050
2046
2046
2051
2061
2066
2066
2061
2053
2050
2053
2057
2063
2066
2064
2064
2066
2070
2074
2072
2062
2053
2045
2044
2052
2058
2062
2063
2059
2059
2065
2070
2074
2071
2059
2051
2047
2052
2066
2076
2081
2078
2066
2054
2042
2030
2018
2007
1997
1993
1996
2001
2008
2008
2001
1994
1986
1984
1987
1987
1984
1979
1972
1972
1980
1992
2008
2019
2027
2034
2042
2049
2053
2050
2039
2029
2020
2021
2031
2042
2054
2060
2060
2062
2065
2069
2074
2076
2075
2074
2072
2071
2071
2069
2065
2063
2064
2068
2076
2080
2079
2074
2066
2063
2065
2072
2084
2091
2094
2094
2092
2091
2091
2089
2085
2078
2066
2054
2044
2038
2036
2036
2038
2037
2035
2033
2032
2034
2040
2043
2045
2041
2029
2014
1997
1986
1981
1983
1993
2006
2024
2040
2054
2061
2059
2050
2034
2023
2015
2015
2022
2028
2034
2037
2038
2040
2044
2048
2052
2053
2051
2050
2049
2049
2050
2048
2042
2035
2027
2025
2030
2040
2054
2062
2062
2057
2046
2044
2051
2062
2078
2084
2078
2066
2048
2038
2034
2036
2043
2050
2058
2066
2074
2078
2080
2079
2075
2073
2071
2067
2062
2059
2058
2065
2081
2099
2117
2127
2129
2126
2118
2107
2095
2083
2073
2068
2070
2073
2077
2074
2064
2055
2049
2048
2053
2053
2048
2040
2028
2021
2021
2020
2019
2016
2010
2008
2010
2012
2014
2011
2002
1998
1998
2005
2019
2029
2033
2032
2024
2015
2007
1997
1987
1979
1973
1974
1982
1990
1998
2003
2003
2005
2009
2013
2017
2016
2010
2007
2006
2009
2016
2021
2024
2028
2034
2044
2058
2067
2069
2065
2053
2045
2041
2040
2042
2041
2035
2033
2033
2040
2054
2064
2072
2074
2071
2069
2068
2067
2065
2060
2054
2051
2051
2054
2058
2060
2058
2057
2056
2058
2064
2068
2072
2073
2069
2062
2053
2047
2044
2047
2057
2070
2086
2097
2103
2104
2099
2092
2082
2071
2058
2046
2034
2028
2028
2030
2035
2037
2037
2035
2031
2030
2030
2029
2028
2026
2022
2020
2018
2017
2019
2023
2031
2041
2055
2066
2075
2077
2071
2063
2053
2049
2049
2050
2054
2056
2056
2056
2056
2056
2056
2057
2057
2060
2064
2068
2072
2071
2065
2058
2050
2046
2048
2052
2058
2061
2061
2060
2056
2052
2049
2047
2045
2042
2038
2036
2034
2037
2044
2053
2064
2071
2073
2069
2059
2045
2027
2010
1995
1987
1986
1989
1996
2000
2000
1999
1995
1994
1998
2001
2001
1996
1988
1984
1985
1991
2003
2011
2016
2022
2030
2044
2062
2072
2074
2066
2048
2038
2034
2039
2053
2062
2068
2070
2068
2068
2070
2073
2077
2080
2080
2081
2081
2080
2078
2076
2072
2068
2066
2066
2068
2070
2071
2070
2066
2065
2067
2072
2081
2086
2086
2081
2071
2065
2063
2064
2068
2067
2061
2052
2040
2034
2033
2033
2033
2031
2025
2024
2026
2033
2044
2050
2051
2044
2029
2014
1999
1991
1989
1991
1999
2009
2021
2034
2046
2053
2055
2051
2041
2032
2024
2022
2026
2030
2036
2039
2039
2039
2040
2042
2046
2047
2047
2046
2045
2047
2052
2056
2060
2058
2050
2042
2034
2033
2039
2049
2063
2074
2081
2084
2082
2080
2078
2077
2077
2078
2078
2075
2071
2067
2065
2066
2070
2077
2087
2094
2100
2102
2100
2094
2086
2077
2067
2057
2047
2037
2028
2024
2026
2034
2048
2062
2074
2080
2078
2072
2061
2050
2038
2029
2022
2018
2016
2014
2013
2012
2010
2009
2010
2011
2013
2013
2011
2009
2007
2007
2010
2012
2014
2014
2012
2012
2014
2016
2016
2015
2013
2016
2026
2042
2063
2077
2085
2084
2073
2061
2048
2036
2024
2015
2009
2008
2014
2022
2031
2035
2035
2035
2037
2041
2047
2046
2038
2026
2010
2003
2004
2010
2020
2027
2029
2034
2042
2053
2067
2072
2068
2058
2043
2036
2037
2041
2049
2051
2047
2044
2042
2043
2049
2052
2050
2048
2045
2048
2058
2063
2065
2060
2046
2038
2034
2038
2050
2057
2060
2062
2062
2065
2073
2078
2079
2075
2066
2060
2056
2054
2056
2058
2059
2064
2072
2082
2094
2101
2101
2095
2084
2073
2063
2053
2043
2036
2031
2030
2034
2037
2041
2042
2040
2038
2038
2038
2038
2035
2031
2027
2023
2022
2024
2025
2027
2033
2041
2053
2067
2075
2077
2071
2057
2045
2035
2033
2037
2042
2048
2050
2048
2045
2041
2039
2039
2041
2045
2050
2056
2060
2062
2060
2053
2046
2039
2038
2044
2052
2062
2068
2068
2066
2063
2062
2063
2062
2058
2052
2046
2043
2044
2046
2048
2050
2050
2055
2063
2074
2088
2094
2092
2083
2065
2047
2031
2019
2011
2007
2005
2005
2007
2007
2006
2005
2003
2002
2002
1999
1995
1988
1979
1973
1969
1969
1975
1984
1994
2005
2017
2027
2035
2036
2029
2020
2008
2004
2009
2021
2039
2052
2060
2062
2058
2055
2054
2055
2059
2062
2066
2070
2076
2079
2081
2077
2069
2061
2055
2054
2060
2066
2074
2079
2079
2077
2073
2070
2068
2065
2062
2059
2055
2053
2053
2055
2061
2067
2072
2075
2076
2076
2075
2074
2072
2066
2057
2047
2035
2028
2024
2025
2031
2036
2039
2038
2033
2028
2024
2022
2023
2024
2024
2020
2012
2003
1994
1990
1992
2001
2015
2029
2041
2048
2049
2045
2035
2027
2020
2019
2024
2032
2043
2050
2053
2052
2047
2043
2040
2038
2037
2037
2038
2042
2048
2053
2057
2056
2049
2042
2036
2033
2033
2035
2039
2046
2056
2067
2080
2087
2089
2088
2082
2079
2079
2079
2079
2073
2062
2055
2051
2057
2071
2085
2097
2103
2102
2100
2097
2096
2096
2092
2085
2075
2061
2050
2043
2042
2046
2053
2063
2071
2077
2080
2079
2075
2067
2058
2048
2043
2041
2043
2047
2048
2045
2039
2031
2025
2022
2020
2019
2016
2010
2007
2005
2007
2012
2014
2012
2006
1996
1989
1983
1980
1978
1978
1980
1988
2002
2018
2036
2049
2057
2060
2059
2055
2049
2039
2025
2012
2001
1998
2003
2010
2020
2025
2025
2026
2026
2028
2034
2037
2035
2030
2021
2015
2013
2014
2020
2025
2030
2037
2047
2056
2066
2070
2068
2063
2055
2051
2053
2056
2060
2060
2056
2051
2046
2044
2044
2044
2046
2049
2054
2060
2068
2070
2068
2062
2053
2048
2046
2046
2050
2053
2055
2056
2056
2058
2061
2063
2065
2066
2065
2064
2064
2062
2060
2057
2055
2058
2066
2078
2093
2103
2107
2105
2095
2083
2071
2060
2050
2041
2034
2031
2031
2033
2037
2040
2040
2040
2040
2041
2043
2043
2041
2035
2026
2019
2015
2015
2020
2029
2041
2054
2067
2074
2076
2071
2059
2048
2038
2036
2040
2046
2053
2055
2052
2047
2041
2037
2035
2035
2039
2044
2049
2051
2050
2044
2034
2024
2016
2012
2014
2017
2023
2026
2027
2026
2023
2019
2015
2011
2007
2006
2007
2010
2016
2025
2035
2047
2059
2069
2076
2077
2073
2065
2053
2044
2040
2041
2047
2054
2062
2065
2065
2061
2055
2051
2049
2049
2051
2051
2047
2040
2030
2023
2019
2020
2024
2029
2034
2041
2051
2059
2064
2060
2047
2035
2025
2026
2040
2053
2065
2067
2059
2053
2049
2051
2059
2063
2062
2061
2059
2062
2070
2073
2071
2063
2049
2043
2044
2048
2056
2060
2058
2057
2057
2060
2067
2071
2073
2072
2067
2063
2060
2056
2052
2045
2035
2027
2021
2019
2021
2025
2031
2032
2030
2026
2020
2019
2021
2023
2024
2019
2007
1996
1985
1981
1985
1992
2004
2017
2031
2044
2055
2057
2050
2039
2023
2017
2020
2029
2045
2055
2059
2059
2057
2059
2065
2070
2073
2074
2073
2076
2083
2088
2092
2088
2078
2073
2073
2081
2099
2111
2118
2118
2110
2109
2113
2120
2128
2126
2114
2097
2075
2060
2053
2051
2054
2056
2058
2059
2061
2062
2064
2062
2056
2046
2030
2015
1999
1990
1987
1991
2001
2012
2022
2028
2030
2028
2023
2017
2010
2004
2000
1998
1999
2000
2001
2000
1998
1997
1999
2004
2012
2018
2021
2020
2014
2011
2010
2013
2021
2028
2034
2037
2037
2035
2032
2030
2029
2030
2034
2040
2049
2057
2065
2071
2073
2075
2075
2075
2074
2071
2065
2057
2048
2041
2035
2032
2032
2033
2036
2038
2040
2041
2040
2039
2037
2036
2034
2032
2030
2028
2026
2025
2027
2031
2036
2041
2047
2053
2059
2060
2056
2050
2042
2039
2043
2050
2062
2067
2064
2055
2040
2030
2026
2027
2035
2043
2053
2061
2069
2073
2073
2067
2057
2049
2044
2044
2049
2053
2057
2060
2064
2068
2073
2075
2073
2068
2062
2058
2056
2055
2053
2051
2047
2047
2049
2054
2060
2066
2072
2078
2086
2093
2097
2096
2088
2078
2068
2060
2056
2051
2047
2042
2038
2035
2033
2032
2031
2030
2029
2029
2030
2031
2033
2033
2032
2030
2027
2025
2023
2023
2027
2034
2044
2052
2056
2055
2047
2039
2032
2030
2033
2037
2042
2043
2041
2038
2034
2031
2029
2028
2028
2028
2030
2031
2031
2022
2004
1967
1913
1850
1777
1753
1778
1919
2177
2474
2811
2969
2947
2700
2225
1773
1343
1118
1102
1200
1414
1652
1914
2212
2545
2799
2971
2924
2654
2296
1850
1542
1376
1355
1480
1648
1860
2083
2318
2509
2656
2668
2544
2328
2018
1768
1580
1516
1578
1694
1865
2011
2131
2214
2258
2276
2266
2225
2150
2059
1952
1875
1827
1820
1855
1903
1966
2034
2108
2181
2252
2281
2268
2202
2081
1965
1854
1797
1795
1836
1923
2021
2132
2223
2294
2315
2286
2214
2099
1993
1897
1851
1855
1894
1969
2040
2108
2154
2178
2180
2160
2129
2086
2046
2009
1984
1971
1968
1976
1990
2010
2032
2056
2077
2093
2100
2098
2085
2061
2034
2004
1983
1973
1977
1997
2022
2051
2072
2086
2092
2089
2082
2070
2059
2047
2042
2043
2052
2070
2090
2112
2129
2141
2143
2135
2120
2099
2080
2064
2057
2059
2065
2075
2081
2081
2079
2073
2067
2063
2058
2054
2048
2042
2034
2025
2018
2012
2012
2016
2026
2041
2054
2066
2071
2069
2061
2047
2029
2008
1989
1971
1962
1962
1971
1988
2001
2011
2014
2009
2004
1998
1995
1995
1995
1994
1992
1990
1991
1996
2002
2010
2016
2019
2022
2026
2031
2038
2042
2044
2043
2039
2039
2043
2047
2052
2054
2053
2052
2051
2051
2053
2054
2054
2053
2052
2052
2053
2053
2052
2051
2050
2050
2050
2050
2048
2046
2042
2042
2046
2051
2059
2065
2069
2072
2072
2073
2075
2076
2077
2077
2076
2076
2076
2076
2076
2070
2060
2047
2032
2023
2021
2023
2031
2037
2043
2046
2046
2045
2043
2037
2027
2019
2013
2013
2021
2028
2036
2039
2037
2037
2041
2048
2057
2059
2055
2049
2041
2041
2049
2057
2063
2061
2049
2040
2032
2031
2037
2045
2053
2060
2064
2067
2069
2069
2065
2060
2054
2051
2051
2052
2056
2060
2063
2065
2066
2066
2066
2065
2064
2063
2061
2059
2059
2062
2069
2076
2084
2087
2085
2078
2068
2058
2050
2042
2035
2031
2030
2033
2041
2046
2050
2051
2049
2048
2048
2046
2042
2034
2022
2012
2006
2004
2008
2011
2015
2021
2030
2040
2052
2053
2044
2029
2009
1998
1997
2002
2012
2016
2014
2008
1999
1995
1996
2001
2009
2019
2029
2037
2041
2040
2033
2025
2017
2015
2019
2027
2037
2042
2042
2037
2027
2023
2025
2034
2049
2062
2072
2080
2085
2092
2102
2110
2115
2110
2094
2077
2059
2048
2044
2044
2048
2053
2059
2065
2073
2078
2081
2080
2074
2065
2053
2040
2024
2008
1992
1984
1985
1994
2012
2029
2047
2060
2070
2074
2072
2065
2053
2043
2033
2029
2029
2029
2030
2030
2029
2031
2036
2043
2053
2060
2063
2063
2060
2057
2054
2050
2045
2038
2028
2020
2016
2019
2029
2042
2056
2065
2068
2068
2064
2062
2062
2062
2060
2053
2043
2034
2026
2024
2026
2032
2042
2053
2063
2070
2072
2071
2065
2061
2057
2054
2052
2047
2040
2037
2037
2046
2062
2078
2094
2104
2108
2109
2106
2100
2090
2083
2077
2077
2085
2091
2097
2095
2086
2078
2070
2066
2066
2064
2060
2057
2053
2052
2052
2049
2043
2034
2024
2017
2013
2012
2014
2016
2019
2026
2036
2045
2053
2052
2043
2030
2014
2000
1989
1981
1977
1974
1972
1973
1975
1979
1985
1993
2003
2011
2016
2016
2010
2005
1999
1997
2001
2006
2013
2019
2024
2031
2039
2047
2054
2056
2053
2050
2046
2045
2047
2049
2049
2048
2046
2046
2049
2053
2059
2063
2063
2062
2060
2060
2060
2059
2057
2054
2051
2050
2051
2052
2052
2051
2047
2046
2048
2052
2060
2066
2071
2074
2076
2078
2081
2082
2080
2076
2069
2063
2057
2053
2049
2044
2037
2032
2028
2027
2031
2035
2040
2043
2045
2044
2042
2037
2030
2024
2018
2016
2018
2022
2029
2038
2048
2059
2071
2077
2077
2070
2056
2046
2042
2044
2053
2058
2059
2056
2048
2044
2046
2050
2057
2061
2062
2062
2062
2060
2058
2053
2045
2040
2038
2040
2046
2051
2055
2057
2059
2061
2065
2069
2071
2075
2081
2087
2095
2098
2096
2087
2072
2058
2044
2034
2028
2025
2025
2028
2035
2040
2044
2044
2040
2038
2036
2034
2032
2026
2016
2009
2003
2003
2007
2012
2016
2022
2030
2038
2048
2049
2041
2027
2007
1997
1997
2001
2011
2015
2012
2008
2003
2004
2011
2018
2025
2029
2029
2032
2037
2041
2045
2045
2040
2036
2033
2034
2040
2045
2051
2056
2060
2064
2070
2076
2083
2089
2093
2096
2097
2093
2084
2071
2053
2038
2027
2025
2033
2044
2058
2066
2067
2062
2050
2041
2035
2032
2034
2033
2030
2025
2019
2015
2013
2013
2016
2021
2029
2038
2048
2055
2059
2056
2046
2037
2029
2027
2032
2038
2046
2050
2049
2048
2046
2049
2056
2062
2066
2067
2065
2064
2064
2065
2067
2064
2055
2045
2033
2030
2034
2043
2057
2065
2069
2070
2068
2067
2069
2068
2066
2058
2044
2031
2017
2010
2011
2016
2025
2031
2035
2037
2036
2036
2036
2037
2037
2034
2027
2019
2009
2002
2000
2003
2013
2026
2042
2056
2068
2075
2079
2078
2073
2068
2062
2060
2064
2071
2083
2094
2102
2108
2110
2112
2112
2110
2108
2105
2102
2100
2100
2097
2091
2081
2068
2060
2058
2061
2069
2075
2079
2081
2082
2084
2088
2086
2078
2062
2040
2021
2006
1996
1992
1988
1985
1984
1985
1988
1994
1997
1999
1996
1990
1981
1969
1959
1951
1951
1957
1968
1984
1997
2007
2016
2024
2031
2039
2042
2040
2036
2030
2028
2030
2032
2034
2033
2029
2028
2030
2035
2043
2047
2048
2048
2048
2049
2051
2052
2052
2052
2052
2056
2063
2067
2068
2063
2053
2046
2043
2046
2056
2065
2073
2077
2077
2076
2075
2074
2073
2072
2070
2070
2071
2069
2065
2056
2044
2036
2032
2034
2042
2046
2046
2040
2030
2024
2024
2027
2035
2038
2036
2033
2030
2030
2032
2034
2034
2036
2040
2047
2059
2065
2063
2054
2038
2031
2035
2046
2063
2069
2063
2053
2039
2034
2038
2044
2050
2053
2052
2054
2060
2065
2068
2064
2054
2046
2040
2041
2048
2054
2058
2061
2062
2064
2067
2069
2070
2070
2068
2066
2063
2060
2058
2060
2068
2078
2090
2097
2099
2096
2087
2077
2067
2056
2044
2035
2029
2028
2034
2039
2041
2040
2034
2031
2033
2035
2035
2030
2018
2008
2001
2000
2006
2009
2011
2013
2015
2022
2034
2038
2036
2026
2009
2000
2000
2005
2017
2022
2018
2013
2005
2005
2013
2024
2037
2045
2049
2052
2052
2050
2048
2045
2041
2040
2042
2044
2048
2052
2054
2058
2064
2070
2077
2079
2076
2069
2059
2051
2046
2045
2049
2056
2066
2077
2088
2093
2093
2087
2075
2063
2053
2046
2044
2043
2045
2046
2046
2045
2043
2039
2033
2031
2031
2033
2036
2033
2024
2012
1998
1991
1993
2001
2015
2027
2039
2049
2057
2061
2061
2054
2040
2029
2022
2023
2033
2039
2043
2042
2036
2034
2038
2045
2054
2058
2057
2056
2054
2053
2055
2055
2052
2048
2043
2041
2043
2046
2050
2053
2055
2060
2067
2074
2081
2084
2083
2079
2072
2065
2059
2053
2049
2046
2045
2047
2053
2060
2070
2078
2083
2085
2084
2084
2085
2086
2087
2083
2074
2063
2051
2044
2044
2048
2057
2067
2078
2087
2093
2093
2086
2073
2054
2041
2034
2035
2045
2052
2058
2058
2052
2047
2041
2038
2037
2035
2031
2027
2023
2020
2019
2019
2021
2020
2018
2014
2010
2006
2004
2003
2003
2005
2011
2022
2036
2049
2060
2063
2059
2050
2036
2024
2014
2007
2003
2002
2004
2009
2016
2021
2023
2024
2023
2025
2030
2033
2034
2029
2018
2010
2004
2004
2011
2017
2023
2028
2032
2040
2052
2060
2065
2062
2052
2044
2040
2040
2046
2050
2052
2051
2048
2047
2048
2048
2046
2045
2045
2048
2056
2059
2058
2052
2042
2037
2039
2046
2058
2064
2062
2058
2051
2051
2057
2065
2073
2075
2069
2063
2055
2053
2057
2065
2076
2084
2090
2092
2089
2083
2074
2064
2052
2042
2034
2031
2033
2036
2041
2043
2042
2040
2038
2036
2034
2033
2031
2029
2027
2025
2025
2025
2025
2027
2031
2039
2051
2061
2069
2069
2061
2052
2043
2042
2048
2055
2062
2062
2055
2048
2040
2039
2045
2051
2059
2062
2062
2061
2059
2057
2055
2051
2045
2043
2044
2049
2059
2064
2066
2063
2055
2049
2047
2046
2048
2047
2044
2045
2051
2062
2078
2091
2099
2099
2090
2078
2062
2048
2036
2028
2026
2028
2036
2044
2052
2055
2055
2053
2050
2046
2042
2036
2028
2021
2015
2013
2015
2019
2025
2031
2037
2045
2054
2061
2065
2063
2055
2044
2031
2025
2025
2029
2039
2044
2044
2042
2038
2038
2041
2042
2042
2037
2027
2020
2017
2017
2021
2020
2016
2012
2010
2012
2020
2023
2022
2018
2011
2011
2019
2029
2040
2045
2043
2046
2052
2064
2082
2089
2085
2071
2049
2032
2020
2017
2021
2029
2041
2052
2062
2067
2065
2059
2049
2044
2044
2043
2042
2035
2022
2013
2007
2010
2020
2029
2037
2043
2047
2053
2060
2061
2055
2045
2032
2027
2029
2036
2048
2054
2054
2053
2050
2051
2057
2063
2069
2073
2073
2071
2068
2066
2066
2064
2060
2055
2047
2043
2043
2045
2050
2054
2057
2061
2067
2072
2078
2076
2067
2056
2042
2033
2027
2020
2012
2005
1999
2005
2023
2040
2058
2062
2052
2039
2025
2017
2015
2011
2005
2001
1998
2003
2016
2029
2043
2053
2061
2070
2078
2080
2074
2062
2044
2037
2041
2054
2076
2093
2104
2110
2112
2114
2118
2120
2118
2114
2106
2100
2097
2096
2096
2094
2090
2085
2080
2077
2076
2075
2073
2071
2069
2071
2075
2079
2082
2079
2071
2058
2040
2024
2008
1998
1992
1990
1993
1996
2000
2002
2002
2000
1998
1994
1990
1982
1971
1962
1954
1955
1963
1975
1989
1999
2004
2007
2009
2013
2019
2023
2025
2025
2021
2019
2021
2023
2027
2030
2032
2037
2044
2051
2058
2059
2055
2051
2047
2049
2057
2061
2063
2060
2054
2051
2052
2053
2055
2054
2049
2050
2057
2070
2090
2102
2106
2101
2087
2074
2062
2050
2040
2031
2023
2021
2027
2033
2039
2038
2031
2026
2024
2026
2032
2035
2033
2030
2026
2024
2024
2023
2021
2022
2027
2037
2052
2062
2067
2066
2058
2055
2056
2059
2065
2065
2060
2055
2049
2047
2050
2054
2060
2065
2070
2073
2075
2072
2064
2055
2045
2038
2035
2037
2044
2055
2069
2084
2100
2109
2112
2108
2098
2084
2066
2049
2031
2021
2017
2019
2029
2037
2041
2043
2041
2042
2048
2054
2058
2056
2047
2039
2032
2030
2034
2037
2039
2044
2050
2060
2073
2079
2079
2072
2060
2051
2045
2041
2039
2033
2023
2015
2010
2012
2020
2030
2040
2049
2055
2059
2059
2055
2047
2040
2034
2033
2038
2043
2049
2055
2061
2073
2089
2104
2117
2119
2109
2093
2070
2049
2030
2017
2011
2010
2016
2023
2031
2037
2040
2043
2046
2046
2044
2035
2019
2004
1990
1983
1985
1988
1992
1997
2003
2013
2028
2038
2042
2037
2021
2010
2004
2006
2016
2022
2024
2024
2020
2022
2030
2038
2046
2050
2049
2046
2042
2038
2034
2031
2029
2032
2042
2054
2070
2082
2090
2096
2098
2099
2098
2093
2085
2074
2060
2049
2039
2035
2036
2039
2045
2048
2046
2042
2037
2036
2040
2045
2051
2049
2039
2030
2020
2017
2023
2030
2040
2047
2051
2055
2058
2059
2058
2055
2049
2046
2046
2049
2055
2059
2061
2061
2059
2060
2064
2068
2073
2075
2074
2070
2062
2054
2045
2040
2038
2041
2049
2055
2061
2064
2064
2061
2055
2050
2044
2038
2032
2025
2019
2014
2011
2010
2010
2011
2012
2013
2015
2019
2026
2030
2032
2028
2016
2005
1996
1996
2006
2022
2043
2061
2077
2086
2089
2088
2082
2078
2076
2076
2080
2085
2091
2095
2099
2101
2102
2101
2098
2094
2089
2083
2077
2067
2055
2046
2040
2041
2050
2058
2066
2071
2071
2073
2077
2080
2082
2076
2063
2049
2033
2022
2014
2008
2005
2005
2008
2013
2019
2024
2026
2028
2030
2028
2022
2008
1986
1971
1962
1966
1984
2001
2015
2023
2023
2027
2033
2038
2042
2040
2032
2030
2033
2037
2043
2040
2029
2022
2020
2026
2042
2053
2057
2056
2048
2046
2048
2050
2052
2049
2041
2036
2036
2039
2046
2052
2056
2062
2070
2078
2088
2092
2090
2080
2063
2045
2027
2013
2005
2002
2005
2008
2011
2011
2008
2007
2007
2009
2014
2015
2012
2006
1997
1995
2001
2018
2047
2082
2124
2160
2190
2200
2189
2155
2096
2039
1982
1950
1944
1958
1994
2035
2081
2124
2162
2183
2187
2169
2128
2085
2039
2006
1985
1971
1965
1969
1985
2015
2059
2092
2116
2120
2102
2084
2066
2054
2050
2043
2033
2026
2020
2023
2034
2043
2051
2052
2047
2040
2032
2021
2007
1995
1983
1979
1983
1993
2007
2018
2026
2030
2028
2022
2013
2004
1996
1992
1994
1998
2002
2005
2007
2013
2023
2037
2055
2064
2064
2055
2037
2022
2011
2009
2017
2030
2048
2064
2080
2089
2093
2090
2078
2065
2053
2047
2049
2054
2062
2069
2073
2081
2092
2105
2121
2127
2124
2111
2087
2064
2042
2026
2016
2012
2014
2020
2030
2040
2050
2056
2059
2060
2058
2051
2039
2023
2003
1989
1981
1983
1997
2012
2028
2041
2051
2057
2060
2058
2050
2043
2035
2032
2034
2038
2042
2044
2042
2043
2046
2051
2058
2062
2063
2063
2061
2058
2055
2051
2045
2043
2045
2051
2061
2070
2078
2082
2082
2083
2084
2085
2087
2087
2083
2080
2076
2075
2079
2084
2092
2095
2094
2090
2082
2078
2078
2078
2080
2075
2061
2047
2035
2034
2045
2060
2080
2091
2095
2091
2079
2065
2051
2041
2035
2037
2045
2051
2053
2049
2037
2027
2019
2017
2021
2024
2026
2027
2027
2026
2025
2023
2019
2017
2017
2019
2023
2024
2022
2019
2017
2020
2029
2037
2045
2048
2046
2043
2037
2028
2016
2005
1995
1989
1989
1991
1997
2003
2011
2021
2033
2039
2039
2031
2015
2005
2001
2004
2015
2023
2029
2034
2039
2047
2058
2062
2059
2053
2043
2041
2047
2052
2056
2053
2041
2035
2034
2039
2051
2057
2059
2058
2054
2054
2056
2056
2052
2046
2039
2038
2044
2050
2058
2062
2063
2067
2075
2085
2099
2107
2109
2104
2090
2074
2054
2035
2019
2010
2008
2013
2024
2033
2041
2046
2046
2045
2044
2042
2038
2033
2027
2024
2024
2026
2031
2036
2042
2049
2059
2066
2072
2070
2060
2051
2042
2042
2050
2057
2062
2060
2050
2044
2041
2044
2052
2059
2065
2069
2070
2070
2068
2062
2052
2044
2036
2035
2040
2048
2058
2070
2082
2094
2106
2111
2109
2100
2082
2063
2043
2029
2021
2018
2021
2025
2031
2033
2032
2032
2034
2039
2047
2050
2048
2040
2028
2021
2019
2021
2026
2029
2031
2037
2048
2059
2071
2072
2062
2054
2046
2048
2060
2067
2067
2060
2045
2038
2040
2047
2059
2064
2061
2057
2051
2047
2045
2040
2030
2023
2017
2021
2034
2047
2061
2069
2071
2077
2086
2096
2108
2109
2097
2077
2047
2023
2007
2002
2010
2020
2032
2038
2039
2039
2037
2037
2038
2037
2033
2025
2014
2006
2001
2000
2002
2004
2006
2009
2015
2024
2034
2038
2034
2025
2009
2001
1999
2001
2009
2011
2008
2005
2001
2004
2014
2023
2032
2036
2036
2033
2029
2024
2018
2015
2015
2023
2037
2052
2068
2081
2089
2096
2102
2105
2105
2097
2082
2066
2049
2038
2032
2031
2035
2040
2046
2048
2046
2043
2037
2036
2040
2045
2051
2048
2036
2024
2012
2009
2016
2026
2039
2048
2054
2057
2057
2054
2048
2042
2036
2035
2039
2043
2047
2048
2045
2045
2049
2057
2069
2075
2077
2075
2069
2062
2056
2051
2047
2046
2050
2057
2069
2079
2086
2089
2087
2086
2085
2085
2086
2085
2082
2080
2078
2079
2083
2085
2086
2086
2085
2087
2093
2099
2105
2103
2093
2077
2055
2040
2032
2034
2047
2061
2077
2087
2089
2085
2073
2059
2043
2032
2026
2026
2030
2033
2033
2031
2025
2020
2018
2017
2018
2017
2013
2006
1998
1992
1989
1988
1989
1989
1987
1987
1987
1992
2001
2010
2020
2026
2030
2033
2035
2033
2028
2019
2005
1995
1988
1986
1990
1992
1994
1998
2004
2015
2031
2040
2042
2037
2023
2013
2008
2007
2011
2013
2012
2014
2020
2032
2050
2064
2073
2076
2074
2074
2077
2079
2079
2073
2059
2047
2035
2033
2041
2052
2066
2076
2082
2085
2083
2078
2070
2062
2053
2049
2050
2057
2070
2081
2090
2094
2094
2093
2093
2090
2085
2073
2054
2036
2020
2011
2011
2012
2016
2019
2021
2026
2034
2039
2043
2041
2034
2028
2024
2023
2027
2029
2031
2033
2037
2044
2055
2062
2064
2060
2050
2044
2043
2047
2056
2058
2054
2046
2034
2031
2037
2048
2064
2073
2074
2074
2072
2073
2077
2074
2062
2047
2029
2026
2040
2062
2092
2110
2114
2109
2095
2083
2073
2061
2047
2032
2017
2011
2015
2020
2027
2029
2026
2026
2030
2036
2044
2045
2037
2029
2020
2017
2021
2025
2027
2029
2030
2035
2045
2052
2058
2058
2052
2050
2050
2050
2051
2048
2040
2034
2030
2032
2040
2049
2059
2066
2070
2071
2068
2062
2053
2045
2038
2037
2041
2052
2070
2088
2107
2118
2122
2118
2106
2091
2073
2056
2038
2022
2008
2002
2005
2012
2024
2031
2032
2032
2031
2032
2036
2034
2026
2014
1996
1986
1983
1987
1999
2011
2023
2032
2038
2038
2034
2026
2014
2005
1999
1997
1997
1996
1993
1993
1995
2004
2020
2034
2047
2054
2054
2052
2047
2041
2033
2025
2019
2021
2033
2052
2079
2101
2117
2121
2113
2100
2082
2067
2054
2045
2039
2037
2039
2045
2054
2059
2061
2059
2053
2050
2052
2056
2064
2064
2057
2046
2030
2022
2022
2028
2042
2051
2057
2060
2060
2059
2059
2056
2052
2047
2041
2039
2040
2042
2044
2046
2048
2052
2060
2067
2074
2075
2070
2062
2052
2045
2043
2044
2049
2056
2066
2075
2083
2087
2087
2084
2080
2076
2073
2073
2075
2080
2087
2091
2091
2087
2077
2070
2067
2070
2079
2083
2082
2073
2056
2043
2034
2033
2041
2052
2066
2076
2084
2084
2076
2063
2047
2036
2030
2030
2034
2035
2032
2027
2019
2015
2015
2015
2017
2016
2014
2011
2007
2003
2000
1998
1996
1998
2002
2009
2017
2025
2032
2037
2039
2040
2038
2036
2033
2029
2023
2018
2012
2009
2007
2007
2007
2006
2004
2006
2010
2016
2022
2025
2025
2024
2022
2023
2026
2027
2027
2027
2029
2036
2049
2060
2068
2070
2066
2064
2066
2071
2077
2076
2066
2056
2044
2039
2042
2048
2057
2065
2071
2076
2080
2078
2072
2064
2054
2048
2048
2050
2056
2063
2071
2079
2089
2096
2100
2099
2093
2085
2075
2061
2043
2027
2011
2003
2005
2011
2021
2027
2029
2031
2035
2040
2046
2048
2044
2037
2027
2021
2017
2015
2016
2022
2033
2047
2065
2074
2076
2071
2061
2056
2056
2055
2055
2049
2038
2032
2031
2038
2053
2066
2076
2080
2078
2072
2064
2055
2047
2040
2035
2034
2038
2046
2059
2075
2095
2109
2118
2117
2105
2090
2070
2052
2036
2023
2015
2012
2016
2023
2032
2037
2037
2038
2038
2040
2044
2044
2039
2031
2020
2015
2015
2019
2027
2035
2043
2054
2066
2073
2075
2068
2052
2041
2035
2036
2046
2051
2051
2047
2041
2041
2049
2057
2066
2070
2068
2066
2062
2056
2048
2039
2029
2027
2035
2046
2062
2073
2077
2081
2085
2092
2103
2106
2100
2084
2060
2039
2021
2009
2005
2004
2008
2015
2024
2030
2034
2035
2035
2035
2036
2033
2025
2013
1999
1991
1991
1996
2008
2018
2026
2032
2036
2038
2036
2030
2020
2014
2010
2010
2015
2017
2015
2013
2011
2015
2027
2039
2052
2058
2057
2052
2044
2037
2031
2025
2020
2017
2017
2023
2035
2053
2075
2092
2102
2101
2088
2072
2052
2038
2030
2026
2026
2027
2031
2035
2041
2045
2046
2047
2047
2048
2052
2050
2044
2033
2017
2007
2003
2008
2021
2033
2045
2055
2061
2065
2065
2062
2055
2049
2043
2041
2043
2046
2050
2052
2054
2056
2060
2064
2067
2068
2068
2065
2060
2052
2042
2034
2030
2033
2044
2056
2069
2076
2077
2077
2076
2076
2076
2072
2064
2056
2046
2043
2045
2051
2060
2066
2069
2070
2070
2072
2078
2083
2088
2087
2079
2070
2058
2053
2057
2067
2085
2099
2111
2116
2114
2107
2097
2087
2079
2073
2071
2069
2067
2064
2060
2059
2060
2061
2063
2061
2057
2052
2046
2040
2034
2026
2017
2011
2007
2008
2013
2017
2021
2023
2023
2023
2024
2024
2022
2017
2009
2001
1992
1985
1979
1976
1976
1977
1979
1981
1983
1987
1995
2003
2013
2016
2012
2005
1996
1995
2001
2009
2019
2024
2024
2026
2032
2040
2051
2056
2055
2053
2050
2053
2063
2068
2068
2060
2046
2037
2033
2037
2048
2056
2060
2062
2062
2062
2064
2063
2059
2053
2047
2046
2052
2062
2076
2087
2093
2096
2095
2094
2092
2087
2077
2064
2048
2035
2025
2020
2019
2018
2016
2018
2024
2034
2047
2053
2052
2044
2030
2020
2014
2013
2018
2023
2029
2037
2047
2058
2070
2074
2070
2063
2054
2051
2055
2059
2063
2060
2050
2041
2035
2036
2046
2056
2067
2073
2075
2075
2071
2066
2059
2051
2041
2035
2031
2034
2044
2055
2066
2071
2069
2069
2069
2076
2091
2101
2107
2102
2086
2069
2053
2041
2034
2029
2026
2027
2033
2039
2045
2046
2041
2038
2036
2038
2046
2048
2042
2032
2017
2010
2010
2015
2024
2031
2037
2046
2058
2065
2068
2062
2048
2038
2032
2035
2047
2054
2054
2049
2038
2033
2035
2040
2048
2054
2057
2060
2064
2065
2063
2056
2045
2038
2036
2040
2051
2059
2065
2067
2065
2063
2062
2061
2059
2058
2058
2063
2075
2084
2092
2089
2075
2058
2038
2023
2013
2008
2007
2009
2013
2018
2024
2027
2025
2023
2020
2017
2014
2007
1997
1986
1976
1972
1975
1980
1988
1997
2006
2018
2032
2042
2046
2043
2032
2025
2021
2022
2027
2027
2021
2018
2017
2026
2046
2063
2076
2079
2073
2068
2064
2061
2060
2054
2042
2036
2034
2041
2058
2071
2081
2084
2082
2082
2086
2089
2089
2080
2064
2048
2033
2026
2026
2030
2038
2044
2048
2049
2046
2043
2039
2037
2039
2038
2036
2028
2016
2008
2004
2008
2020
2032
2044
2052
2057
2059
2057
2051
2040
2031
2025
2025
2033
2039
2044
2046
2044
2046
2051
2055
2059
2060
2057
2056
2057
2057
2055
2049
2039
2035
2037
2047
2065
2078
2086
2089
2087
2088
2094
2097
2099
2095
2085
2079
2077
2080
2090
2100
2109
2113
2111
2109
2105
2103
2105
2105
2101
2088
2066
2044
2024
2018
2027
2042
2062
2074
2077
2074
2065
2055
2043
2031
2019
2010
2006
2003
2003
1999
1992
1987
1983
1983
1989
1992
1994
1994
1993
1994
1997
1998
1997
1994
1990
1990
1996
2004
2013
2019
2021
2027
2036
2048
2064
2074
2078
2076
2066
2054
2039
2024
2010
2001
1997
1998
2004
2009
2013
2017
2021
2026
2030
2031
2027
2023
2019
2019
2024
2027
2028
2027
2023
2027
2038
2050
2064
2070
2066
2061
2057
2057
2063
2064
2060
2052
2039
2033
2034
2040
2052
2060
2066
2069
2069
2067
2065
2060
2053
2047
2041
2039
2043
2048
2056
2061
2064
2067
2071
2079
2091
2100
2107
2106
2098
2085
2069
2054
2040
2028
2020
2017
2019
2025
2034
2039
2040
2039
2036
2035
2037
2036
2034
2029
2022
2019
2021
2025
2032
2037
2041
2046
2052
2057
2061
2059
2050
2041
2033
2032
2039
2045
2051
2050
2043
2040
2042
2049
2062
2070
2072
2069
2060
2055
2053
2052
2052
2049
2043
2041
2043
2049
2057
2061
2059
2060
2062
2072
2090
2103
2111
2108
2092
2074
2054
2039
2027
2018
2012
2013
2021
2032
2046
2051
2048
2043
2036
2035
2039
2040
2038
2029
2014
2004
1998
1998
2004
2011
2019
2029
2041
2049
2052
2044
2025
2009
1995
1992
2000
2008
2015
2017
2013
2012
2014
2019
2025
2028
2028
2027
2025
2025
2027
2026
2024
2022
2022
2026
2036
2044
2052
2057
2057
2060
2066
2076
2091
2101
2107
2104
2090
2074
2056
2042
2032
2028
2030
2035
2045
2054
2061
2060
2050
2040
2029
2028
2036
2045
2053
2051
2037
2022
2006
2001
2006
2015
2027
2038
2046
2052
2056
2055
2047
2038
2028
2024
2028
2035
2045
2050
2048
2047
2045
2046
2050
2053
2055
2055
2055
2057
2061
2061
2055
2044
2028
2019
2017
2026
2046
2063
2077
2082
2078
2074
2071
2070
2070
2065
2055
2046
2036
2033
2039
2049
2064
2075
2082
2085
2083
2082
2084
2087
2090
2088
2080
2070
2059
2056
2062
2072
2086
2095
2098
2098
2094
2089
2085
2077
2067
2058
2050
2048
2052
2053
2051
2044
2034
2028
2026
2024
2022
2016
2005
1998
1996
1997
2003
2005
2001
1996
1990
1989
1993
1993
1991
1990
1990
2001
2021
2040
2057
2062
2054
2044
2030
2019
2011
2006
2002
2003
2007
2013
2020
2022
2020
2019
2021
2025
2032
2034
2030
2023
2013
2008
2010
2013
2017
2022
2027
2036
2050
2061
2069
2069
2061
2055
2052
2052
2056
2054
2046
2040
2034
2035
2044
2052
2060
2063
2063
2062
2062
2059
2055
2048
2040
2036
2038
2043
2053
2059
2061
2059
2055
2055
2060
2069
2082
2091
2096
2095
2087
2078
2066
2055
2043
2033
2024
2021
2025
2031
2040
2043
2041
2036
2028
2026
2028
2031
2033
2032
2026
2021
2019
2019
2023
2027
2031
2038
2048
2060
2072
2075
2068
2057
2042
2037
2041
2048
2058
2059
2051
2044
2037
2038
2046
2054
2061
2064
2063
2062
2062
2058
2052
2043
2033
2029
2031
2037
2046
2051
2052
2055
2061
2071
2087
2095
2095
2084
2060
2035
2009
1991
1981
1979
1984
1990
1998
2003
2005
2008
2012
2016
2021
2021
2015
2007
1996
1991
1992
1996
2004
2010
2015
2023
2035
2044
2050
2048
2037
2029
2023
2028
2043
2055
2065
2067
2061
2059
2059
2063
2069
2072
2072
2071
2069
2069
2072
2073
2071
2067
2060
2056
2054
2055
2060
2065
2071
2079
2087
2095
2103
2104
2099
2087
2067
2050
2034
2024
2022
2023
2028
2034
2042
2046
2048
2045
2037
2031
2027
2026
2030
2029
2021
2009
1995
1990
1996
2007
2023
2034
2040
2044
2046
2048
2050
2047
2039
2035
2034
2040
2053
2063
2069
2073
2073
2076
2084
2090
2096
2098
2096
2096
2098
2100
2100
2097
2091
2091
2097
2105
2117
2122
2120
2117
2113
2113
2119
2121
2119
2108
2089
2071
2053
2043
2041
2042
2047
2048
2046
2039
2027
2017
2009
2001
1995
1983
1966
1952
1940
1940
1952
1966
1982
1992
1996
1998
1999
2000
2001
1999
1994
1992
1993
1997
2004
2008
2008
2008
2010
2015
2025
2030
2028
2023
2013
2011
2017
2027
2039
2045
2045
2045
2047
2053
2061
2067
2071
2075
2081
2091
2103
2108
2104
2094
2078
2066
2058
2053
2051
2049
2048
2050
2056
2062
2066
2067
2065
2063
2062
2058
2050
2038
2020
2008
2004
2007
2019
2030
2039
2046
2052
2056
2058
2053
2041
2032
2026
2031
2049
2061
2069
2064
2048
2036
2030
2032
2042
2051
2058
2063
2067
2068
2068
2060
2044
2032
2022
2023
2035
2046
2056
2062
2062
2067
2079
2092
2106
2110
2102
2087
2065
2047
2032
2021
2015
2012
2013
2017
2025
2032
2038
2043
2045
2046
2045
2041
2033
2026
2019
2017
2019
2023
2029
2034
2040
2049
2059
2066
2068
2064
2053
2046
2042
2045
2055
2060
2059
2054
2045
2042
2046
2051
2059
2063
2063
2064
2066
2067
2065
2057
2043
2035
2032
2037
2049
2058
2063
2066
2067
2075
2091
2102
2109
2103
2084
2064
2043
2029
2021
2017
2015
2017
2021
2027
2035
2041
2044
2047
2049
2051
2051
2047
2038
2029
2019
2015
2017
2022
2028
2036
2045
2055
2067
2071
2069
2060
2045
2037
2035
2040
2051
2056
2054
2049
2041
2040
2048
2056
2066
2070
2066
2060
2054
2049
2047
2042
2036
2032
2032
2037
2047
2054
2058
2060
2060
2067
2081
2095
2109
2110
2098
2079
2055
2035
2021
2012
2008
2009
2016
2025
2035
2040
2040
2036
2030
2027
2027
2027
2027
2022
2014
2007
2001
1999
2001
2007
2015
2026
2039
2048
2054
2052
2040
2028
2017
2016
2024
2034
2046
2052
2051
2050
2050
2054
2063
2069
2072
2072
2069
2068
2069
2068
2064
2060
2054
2055
2063
2073
2085
2088
2083
2082
2085
2095
2113
2121
2117
2102
2074
2052
2035
2026
2024
2026
2030
2038
2050
2057
2060
2056
2044
2036
2032
2030
2032
2030
2022
2015
2009
2010
2016
2021
2025
2030
2036
2045
2056
2060
2056
2045
2028
2019
2018
2023
2035
2041
2042
2042
2040
2041
2045
2047
2047
2046
2044
2045
2049
2051
2050
2046
2038
2034
2036
2042
2050
2056
2060
2066
2074
2082
2092
2095
2089
2075
2052
2030
2008
1993
1987
1989
2001
2013
2027
2032
2029
2023
2013
2009
2009
2007
2005
1998
1986
1979
1975
1975
1981
1987
1993
2003
2016
2028
2039
2041
2033
2026
2018
2017
2023
2026
2025
2020
2011
2012
2022
2038
2058
2071
2076
2076
2070
2063
2057
2049
2041
2037
2038
2046
2062
2076
2088
2096
2100
2103
2105
2101
2091
2077
2059
2047
2041
2043
2051
2057
2061
2061
2058
2057
2057
2058
2060
2060
2056
2048
2036
2024
2012
2006
2008
2016
2030
2042
2052
2058
2060
2058
2052
2045
2037
2034
2035
2039
2047
2051
2051
2048
2042
2040
2041
2045
2051
2055
2057
2055
2050
2044
2038
2035
2037
2044
2054
2063
2069
2072
2071
2071
2072
2074
2076
2076
2074
2072
2070
2070
2072
2074
2076
2077
2076
2076
2078
2083
2091
2097
2101
2096
2080
2063
2043
2034
2036
2045
2060
2071
2077
2080
2078
2074
2068
2059
2048
2040
2034
2031
2032
2031
2029
2026
2024
2022
2022
2019
2014
2008
2002
1999
2001
2004
2006
2006
2002
2000
2000
2003
2011
2018
2024
2029
2033
2038
2044
2047
2048
2044
2035
2026
2017
2012
2012
2011
2009
2007
2003
2007
2017
2031
2047
2054
2050
2040
2024
2016
2014
2016
2021
2024
2025
2029
2035
2044
2055
2062
2064
2065
2063
2063
2063
2062
2059
2055
2049
2044
2040
2039
2039
2043
2049
2056
2063
2066
2064
2060
2053
2048
2044
2043
2043
2046
2052
2063
2077
2091
2105
2112
2113
2108
2096
2081
2061
2043
2025
2015
2011
2014
2023
2031
2038
2044
2049
2053
2056
2054
2047
2038
2026
2019
2017
2020
2026
2032
2038
2046
2055
2063
2070
2070
2063
2055
2045
2043
2048
2053
2058
2057
2049
2042
2038
2040
2050
2059
2066
2069
2069
2068
2068
2065
2059
2051
2041
2038
2043
2051
2062
2067
2065
2067
2073
2086
2106
2117
2117
2104
2076
2052
2031
2019
2016
2015
2017
2020
2026
2032
2037
2038
2034
2031
2030
2031
2034
2031
2021
2011
1999
1994
1996
1999
2004
2011
2021
2032
2046
2050
2043
2028
2004
1993
1995
2004
2022
2030
2028
2025
2021
2024
2035
2044
2050
2052
2050
2049
2049
2046
2040
2031
2021
2020
2030
2044
2062
2074
2079
2083
2086
2090
2094
2091
2080
2065
2046
2033
2025
2023
2028
2036
2046
2053
2057
2055
2047
2041
2037
2037
2043
2044
2040
2032
2021
2016
2018
2024
2034
2042
2050
2056
2062
2064
2060
2052
2041
2037
2039
2045
2055
2060
2059
2057
2055
2056
2060
2063
2063
2062
2060
2059
2059
2056
2050
2042
2034
2032
2038
2046
2056
2062
2062
2061
2059
2059
2063
2063
2061
2054
2042
2032
2024
2021
2025
2030
2036
2038
2035
2032
2028
2028
2031
2031
2027
2019
2006
1998
1995
2000
2013
2027
2043
2056
2066
2071
2071
2067
2057
2049
2042
2042
2048
2056
2064
2069
2071
2075
2080
2087
2096
2102
2104
2105
2103
2100
2098
2095
2091
2089
2091
2097
2108
2115
2119
2116
2106
2096
2086
2080
2079
2077
2073
2067
2059
2054
2052
2052
2055
2054
2050
2040
2025
2013
2005
2001
2002
1999
1992
1980
1964
1954
1952
1957
1971
1983
1992
1997
1998
1999
2001
2001
1999
1998
1997
2001
2010
2018
2026
2029
2025
2023
2021
2022
2027
2031
2035
2038
2040
2044
2048
2051
2051
2049
2046
2046
2049
2054
2062
2066
2068
2070
2070
2074
2082
2087
2090
2085
2071
2055
2037
2025
2019
2017
2017
2016
2016
2019
2027
2035
2045
2050
2048
2043
2036
2033
2033
2034
2035
2035
2033
2035
2041
2050
2062
2068
2068
2063
2055
2052
2055
2059
2064
2062
2052
2042
2032
2031
2039
2048
2059
2066
2070
2074
2077
2075
2069
2057
2041
2031
2029
2034
2048
2058
2066
2074
2080
2090
2104
2112
2114
2107
2091
2073
2055
2038
2022
2012
2006
2009
2021
2034
2048
2055
2055
2055
2053
2053
2053
2048
2038
2030
2022
2019
2023
2028
2035
2042
2050
2057
2065
2068
2065
2059
2049
2044
2044
2046
2052
2055
2053
2050
2045
2045
2049
2056
2066
2071
2073
2071
2065
2058
2052
2047
2043
2041
2041
2045
2053
2058
2062
2062
2059
2062
2070
2083
2101
2108
2106
2093
2069
2048
2030
2018
2012
2009
2009
2013
2020
2024
2026
2023
2013
2008
2006
2008
2012
2010
2000
1989
1977
1971
1973
1977
1984
1993
2004
2017
2033
2041
2041
2033
2018
2011
2013
2019
2031
2035
2033
2032
2032
2040
2056
2068
2076
2078
2074
2072
2074
2073
2071
2063
2051
2044
2044
2050
2062
2070
2074
2077
2079
2084
2093
2096
2094
2083
2063
2047
2033
2028
2031
2035
2041
2045
2047
2048
2047
2046
2045
2045
2045
2044
2040
2033
2021
2010
2002
2000
2006
2015
2028
2039
2049
2056
2060
2059
2053
2045
2037
2033
2033
2036
2042
2046
2048
2052
2057
2061
2065
2064
2058
2053
2049
2047
2048
2047
2043
2042
2042
2049
2065
2080
2092
2096
2091
2087
2084
2085
2091
2092
2088
2081
2073
2071
2075
2082
2092
2097
2096
2092
2085
2082
2084
2087
2089
2082
2065
2045
2022
2013
2018
2031
2053
2067
2073
2073
2066
2058
2050
2040
2030
2023
2020
2022
2028
2031
2029
2025
2019
2016
2018
2020
2022
2022
2020
2019
2020
2019
2017
2012
2004
2001
2003
2009
2018
2024
2026
2029
2033
2041
2052
2059
2063
2061
2053
2042
2028
2017
2007
2003
2004
2006
2010
2013
2013
2014
2017
2022
2028
2031
2029
2024
2016
2012
2013
2016
2022
2025
2027
2031
2038
2046
2056
2059
2057
2053
2047
2047
2052
2055
2057
2053
2044
2038
2036
2039
2049
2056
2062
2064
2063
2062
2060
2056
2050
2043
2037
2036
2042
2048
2056
2063
2068
2076
2088
2099
2111
2113
2107
2094
2075
2057
2041
2027
2017
2012
2013
2019
2031
2041
2049
2052
2050
2048
2047
2045
2042
2037
2031
2027
2025
2025
2029
2033
2039
2047
2058
2065
2069
2066
2058
2052
2048
2050
2058
2061
2059
2053
2043
2038
2040
2047
2059
2066
2070
2070
2067
2064
2060
2055
2049
2042
2034
2032
2036
2044
2054
2060
2062
2065
2067
2076
2092
2102
2108
2103
2085
2065
2043
2028
2019
2014
2012
2013
2019
2025
2031
2032
2028
2023
2018
2016
2018
2016
2010
2002
1992
1988
1989
1993
2001
2009
2018
2029
2043
2050
2050
2042
2026
2017
2015
2020
2034
2042
2046
2046
2042
2043
2047
2052
2057
2059
2057
2053
2049
2045
2041
2039
2039
2043
2051
2059
2067
2073
2076
2077
2076
2076
2078
2083
2091
2096
2096
2088
2070
2052
2032
2021
2019
2022
2032
2040
2048
2053
2053
2050
2042
2036
2031
2030
2034
2035
2033
2025
2013
2005
2001
2005
2016
2028
2042
2052
2060
2063
2059
2051
2037
2028
2024
2026
2035
2041
2045
2048
2048
2050
2056
2059
2061
2061
2057
2053
2051
2048
2044
2039
2034
2034
2039
2046
2056
2064
2068
2074
2080
2087
2095
2099
2097
2093
2087
2084
2084
2086
2092
2098
2104
2107
2106
2102
2095
2091
2089
2087
2085
2077
2062
2048
2034
2028
2030
2035
2041
2047
2052
2058
2064
2066
2062
2054
2040
2032
2028
2026
2027
2023
2014
2008
2004
2005
2013
2018
2020
2019
2014
2011
2011
2009
2005
2002
1998
2001
2009
2018
2028
2034
2036
2039
2045
2053
2061
2064
2060
2052
2039
2027
2015
2008
2004
2005
2010
2013
2015
2014
2012
2013
2019
2024
2030
2029
2022
2016
2011
2011
2017
2020
2020
2022
2024
2033
2048
2059
2065
2065
2057
2055
2059
2064
2072
2071
2060
2048
2036
2033
2040
2048
2058
2064
2066
2069
2073
2073
2069
2062
2050
2043
2043
2047
2057
2062
2062
2062
2062
2069
2084
2096
2105
2104
2092
2078
2062
2048
2036
2026
2019
2017
2021
2027
2035
2040
2040
2039
2037
2037
2039
2037
2032
2026
2018
2015
2017
2021
2029
2038
2048
2057
2065
2068
2064
2057
2045
2040
2040
2044
2053
2057
2055
2051
2044
2042
2046
2052
2062
2069
2071
2069
2063
2056
2049
2043
2037
2033
2031
2033
2039
2048
2059
2066
2068
2071
2073
2080
2092
2101
2107
2102
2086
2069
2049
2035
2025
2021
2022
2027
2037
2044
2050
2051
2045
2041
2039
2040
2046
2046
2039
2030
2018
2012
2014
2018
2025
2032
2040
2050
2064
2070
2069
2059
2039
2026
2022
2027
2041
2049
2050
2047
2039
2037
2043
2050
2059
2063
2062
2060
2056
2053
2050
2047
2043
2042
2043
2046
2052
2055
2057
2058
2056
2055
2055
2060
2071
2083
2097
2102
2098
2086
2065
2045
2027
2015
2010
2011
2017
2026
2038
2045
2047
2047
2043
2042
2043
2042
2038
2030
2016
2007
2001
2000
2004
2010
2018
2030
2044
2056
2066
2065
2051
2035
2017
2008
2010
2016
2025
2030
2030
2028
2025
2022
2019
2017
2017
2019
2024
2026
2024
2020
2014
2011
2013
2016
2020
2020
2016
2014
2014
2017
2023
2027
2030
2036
2044
2052
2059
2055
2041
2022
1999
1982
1972
1967
1969
1977
1989
2002
2014
2020
2018
2020
2028
2048
2081
2107
2127
2132
2123
2120
2124
2135
2155
2167
2171
2171
2165
2158
2150
2136
2116
2096
2076
2067
2067
2067
2068
2065
2058
2053
2049
2040
2028
2009
1984
1969
1965
1974
1996
2014
2026
2029
2022
2017
2015
2014
2016
2013
2005
1998
1994
1998
2012
2026
2040
2046
2043
2037
2028
2022
2018
2017
2017
2018
2018
2019
2021
2025
2031
2038
2046
2050
2048
2039
2024
2011
1999
1997
2004
2017
2035
2053
2070
2080
2084
2082
2074
2068
2065
2067
2074
2078
2078
2076
2073
2077
2087
2097
2106
2109
2107
2106
2107
2108
2109
2104
2093
2086
2084
2087
2097
2101
2099
2091
2079
2073
2073
2073
2075
2072
2062
2051
2039
2029
2021
2017
2016
2016
2018
2017
2013
2007
1999
1996
1997
1995
1991
1981
1966
1959
1961
1971
1989
2002
2010
2015
2015
2016
2019
2019
2015
2012
2009
2013
2024
2032
2037
2036
2030
2029
2033
2040
2048
2051
2047
2045
2043
2044
2050
2052
2049
2046
2042
2044
2051
2056
2060
2062
2060
2061
2067
2074
2082
2084
2078
2069
2056
2044
2033
2025
2021
2020
2022
2025
2029
2032
2034
2037
2041
2044
2044
2040
2032
2027
2023
2022
2024
2027
2030
2036
2046
2057
2071
2076
2073
2065
2051
2045
2047
2053
2062
2062
2054
2044
2033
2031
2038
2047
2059
2065
2066
2066
2064
2062
2058
2052
2044
2040
2041
2047
2059
2067
2069
2070
2068
2073
2085
2097
2109
2111
2103
2088
2068
2050
2034
2023
2017
2016
2022
2030
2040
2046
2048
2049
2048
2048
2050
2048
2044
2037
2027
2022
2020
2020
2022
2025
2029
2039
2053
2065
2075
2074
2062
2051
2040
2039
2048
2056
2062
2062
2054
2048
2046
2049
2057
2063
2065
2064
2060
2057
2057
2056
2054
2049
2041
2037
2037
2042
2054
2061
2065
2066
2066
2072
2085
2096
2106
2104
2090
2072
2050
2032
2019
2009
2001
1998
2000
2008
2021
2029
2031
2029
2023
2019
2018
2014
2008
1997
1981
1972
1969
1972
1980
1989
1998
2011
2027
2041
2053
2052
2040
2027
2015
2013
2023
2031
2039
2040
2036
2035
2039
2046
2056
2062
2062
2061
2059
2060
2064
2065
2062
2055
2043
2037
2035
2039
2049
2059
2069
2076
2080
2086
2094
2099
2101
2092
2074
2054
2032
2020
2016
2019
2029
2037
2045
2050
2051
2049
2043
2039
2037
2037
2041
2038
2030
2017
1999
1990
1991
2001
2019
2035
2047
2055
2057
2056
2051
2043
2031
2023
2021
2025
2035
2043
2047
2049
2047
2049
2054
2057
2059
2058
2053
2051
2053
2056
2059
2058
2053
2052
2054
2061
2073
2081
2084
2085
2084
2087
2095
2101
2107
2106
2098
2092
2086
2084
2088
2094
2102
2108
2111
2112
2111
2108
2104
2096
2086
2072
2055
2042
2032
2031
2040
2052
2066
2074
2076
2072
2062
2051
2040
2031
2024
2020
2019
2019
2019
2016
2010
2005
2002
2004
2010
2015
2017
2016
2012
2009
2007
2005
2001
1997
1991
1988
1990
1995
2003
2010
2014
2021
2031
2044
2059
2066
2066
2058
2042
2028
2014
2006
2002
2000
2002
2004
2006
2009
2012
2018
2027
2035
2043
2044
2037
2029
2019
2015
2019
2023
2029
2033
2034
2039
2047
2055
2063
2065
2059
2055
2053
2057
2065
2067
2062
2052
2036
2029
2030
2036
2048
2054
2056
2057
2057
2057
2057
2054
2048
2042
2038
2039
2046
2051
2055
2055
2051
2050
2054
2060
2070
2076
2078
2079
2078
2079
2081
2082
2080
2077
2071
2067
2063
2059
2055
2049
2043
2039
2038
2038
2039
2039
2038
2039
2041
2044
2046
2044
2038
2031
2024
2021
2023
2025
2029
2034
2042
2051
2063
2069
2069
2064
2052
2045
2043
2046
2055
2060
2060
2056
2048
2044
2043
2044
2046
2048
2049
2051
2053
2054
2052
2048
2040
2033
2025
2021
2019
2021
2026
2031
2035
2037
2035
2032
2028
2025
2023
2021
2019
2019
2021
2029
2042
2054
2065
2068
2062
2051
2036
2023
2013
2008
2008
2015
2027
2038
2048
2050
2045
2040
2034
2033
2036
2037
2035
2030
2021
2017
2017
2021
2031
2042
2054
2065
2075
2080
2079
2071
2056
2044
2034
2033
2040
2047
2054
2057
2055
2054
2056
2060
2068
2072
2074
2072
2068
2064
2061
2059
2059
2057
2055
2052
2049
2048
2048
2050
2054
2059
2063
2067
2071
2074
2074
2072
2069
2065
2060
2052
2040
2028
2014
2008
2008
2015
2028
2037
2043
2042
2036
2032
2030
2031
2033
2030
2021
2009
1995
1986
1984
1988
2000
2015
2031
2044
2054
2057
2053
2046
2036
2030
2029
2034
2046
2056
2066
2070
2069
2069
2070
2074
2081
2085
2087
2088
2088
2090
2095
2098
2100
2097
2089
2085
2085
2091
2103
2111
2115
2113
2103
2096
2092
2090
2092
2087
2077
2063
2045
2033
2029
2030
2038
2045
2051
2054
2052
2048
2042
2037
2031
2024
2016
2007
1996
1988
1984
1986
1995
2007
2022
2033
2040
2043
2042
2040
2036
2032
2028
2025
2023
2021
2019
2015
2010
2008
2008
2011
2018
2024
2029
2031
2029
2029
2030
2032
2034
2034
2031
2028
2026
2027
2031
2035
2038
2041
2044
2051
2061
2070
2078
2079
2075
2069
2061
2052
2042
2030
2018
2012
2013
2020
2032
2040
2044
2043
2039
2037
2039
2038
2036
2029
2019
2014
2014
2018
2026
2032
2034
2038
2044
2053
2063
2067
2065
2059
2051
2049
2055
2060
2066
2066
2059
2052
2046
2044
2047
2050
2053
2054
2052
2051
2050
2049
2047
2044
2040
2039
2039
2042
2048
2053
2057
2060
2061
2062
2064
2066
2068
2067
2063
2058
2053
2050
2049
2049
2049
2049
2051
2054
2058
2064
2071
2078
2084
2089
2093
2095
2094
2092
2088
2082
2074
2063
2050
2039
2031
2028
2032
2037
2043
2044
2042
2040
2038
2037
2037
2036
2032
2029
2025
2024
2026
2028
2030
2033
2037
2044
2055
2064
2071
2071
2063
2053
2041
2036
2038
2044
2052
2057
2058
2056
2051
2047
2043
2041
2041
2044
2050
2054
2058
2057
2051
2043
2034
2030
2031
2037
2047
2054
2058
2058
2054
2052
2052
2055
2061
2064
2064
2059
2050
2044
2041
2041
2045
2047
2047
2046
2044
2045
2049
2052
2056
2061
2066
2074
2085
2093
2099
2096
2085
2071
2053
2038
2026
2018
2014
2014
2018
2021
2024
2024
2020
2016
2013
2012
2012
2010
2006
1999
1990
1985
1983
1985
1991
1998
2006
2019
2036
2050
2062
2062
2050
2035
2019
2014
2020
2029
2039
2042
2037
2034
2033
2037
2047
2054
2058
2060
2058
2057
2059
2059
2057
2054
2050
2050
2053
2056
2059
2060
2058
2058
2058
2059
2059
2058
2056
2055
2055
2057
2061
2065
2069
2073
2077
2078
2074
2064
2048
2033
2021
2016
2020
2028
2039
2046
2049
2048
2043
2038
2032
2029
2029
2028
2027
2023
2015
2007
2000
2000
2006
2016
2029
2039
2047
2051
2053
2054
2052
2048
2042
2040
2042
2046
2054
2060
2064
2066
2067
2071
2078
2084
2090
2091
2088
2087
2088
2091
2096
2096
2092
2086
2080
2079
2085
2093
2103
2108
2109
2110
2110
2111
2114
2112
2105
2092
2074
2057
2043
2035
2033
2035
2040
2043
2043
2041
2036
2031
2025
2021
2017
2010
2000
1986
1970
1959
1953
1958
1972
1986
2000
2008
2012
2016
2020
2021
2021
2017
2011
2009
2011
2017
2026
2030
2030
2030
2032
2038
2046
2048
2042
2035
2025
2025
2034
2043
2053
2055
2049
2047
2048
2051
2057
2058
2052
2050
2050
2058
2072
2082
2086
2084
2074
2063
2053
2041
2029
2019
2011
2009
2014
2018
2021
2021
2019
2021
2028
2035
2043
2044
2037
2029
2020
2016
2016
2016
2016
2018
2023
2034
2052
2065
2075
2075
2067
2060
2056
2056
2060
2059
2053
2045
2037
2036
2044
2054
2064
2070
2070
2070
2070
2068
2065
2058
2046
2038
2035
2039
2049
2056
2059
2062
2065
2075
2091
2104
2114
2111
2096
2078
2057
2039
2025
2015
2010
2011
2019
2029
2039
2045
2047
2048
2050
2051
2053
2049
2039
2030
2020
2017
2021
2025
2029
2032
2034
2041
2053
2062
2069
2067
2055
2046
2039
2039
2047
2052
2054
2051
2044
2041
2042
2046
2053
2057
2059
2060
2059
2058
2056
2053
2049
2047
2046
2047
2050
2053
2056
2058
2058
2060
2063
2070
2082
2095
2107
2110
2102
2087
2063
2042
2024
2015
2015
2018
2026
2033
2039
2042
2040
2039
2038
2041
2048
2051
2049
2039
2021
2008
1999
1997
2003
2008
2013
2020
2028
2038
2049
2050
2040
2025
2004
1994
1994
2000
2013
2019
2017
2013
2007
2007
2013
2021
2029
2033
2031
2029
2028
2029
2032
2032
2030
2028
2026
2029
2039
2048
2058
2066
2070
2077
2085
2093
2099
2097
2085
2070
2052
2039
2031
2027
2029
2033
2041
2049
2055
2055
2049
2043
2037
2037
2045
2050
2052
2046
2032
2021
2013
2013
2021
2029
2037
2046
2055
2063
2069
2068
2059
2049
2038
2035
2040
2045
2051
2053
2051
2050
2051
2052
2054
2054
2050
2049
2050
2052
2056
2055
2047
2038
2030
2030
2039
2049
2059
2064
2063
2063
2063
2064
2067
2065
2057
2047
2035
2028
2026
2028
2036
2044
2052
2056
2058
2059
2059
2060
2062
2062
2059
2052
2041
2037
2040
2053
2076
2097
2116
2126
2128
2127
2121
2114
2104
2095
2088
2087
2092
2095
2096
2091
2080
2071
2063
2058
2058
2056
2052
2049
2046
2043
2041
2036
2030
2025
2022
2021
2023
2023
2019
2015
2012
2014
2021
2027
2031
2030
2022
2012
2000
1987
1973
1964
1958
1960
1970
1982
1996
2005
2011
2013
2013
2009
2001
1994
1986
1986
1994
2004
2018
2027
2029
2031
2032
2037
2045
2051
2055
2056
2054
2054
2057
2059
2059
2055
2047
2044
2044
2047
2055
2060
2060
2059
2057
2056
2058
2058
2056
2052
2048
2048
2053
2057
2061
2061
2057
2059
2067
2081
2099
2109
2111
2103
2087
2070
2052
2035
2021
2012
2008
2012
2024
2032
2038
2039
2034
2033
2036
2040
2044
2041
2030
2020
2012
2011
2019
2025
2031
2037
2042
2051
2065
2073
2074
2067
2051
2043
2042
2047
2059
2063
2058
2051
2041
2040
2048
2056
2063
2065
2061
2060
2062
2064
2066
2063
2055
2049
2046
2048
2056
2061
2062
2060
2056
2055
2059
2063
2066
2065
2060
2058
2060
2067
2081
2091
2097
2094
2083
2070
2056
2044
2036
2030
2028
2029
2033
2038
2042
2043
2039
2036
2032
2030
2030
2028
2024
2017
2009
2003
2001
2001
2004
2008
2014
2024
2037
2046
2051
2046
2030
2016
2004
2001
2009
2016
2022
2021
2013
2007
2005
2008
2018
2026
2033
2038
2041
2044
2046
2046
2044
2040
2034
2032
2033
2038
2047
2055
2063
2068
2070
2069
2067
2065
2064
2064
2066
2070
2074
2079
2084
2086
2086
2081
2073
2063
2051
2041
2033
2029
2030
2035
2045
2054
2061
2062
2057
2050
2041
2035
2031
2027
2023
2018
2011
2006
2002
2003
2009
2018
2030
2041
2052
2058
2060
2057
2047
2037
2029
2027
2033
2041
2050
2053
2051
2048
2044
2044
2050
2056
2060
2061
2057
2054
2052
2052
2054
2054
2050
2048
2047
2052
2064
2076
2088
2093
2092
2092
2093
2098
2108
2112
2111
2103
2089
2078
2072
2073
2082
2091
2099
2103
2101
2098
2093
2089
2085
2081
2075
2066
2053
2041
2029
2023
2024
2030
2042
2052
2060
2064
2062
2056
2044
2031
2017
2008
2004
2006
2012
2016
2017
2015
2010
2008
2008
2007
2006
2003
1997
1995
1997
2001
2009
2013
2013
2013
2012
2012
2014
2014
2010
2007
2006
2015
2034
2055
2077
2089
2090
2083
2067
2051
2035
2021
2009
2004
2004
2008
2017
2023
2026
2027
2026
2029
2037
2042
2046
2043
2033
2024
2016
2013
2016
2019
2023
2029
2038
2051
2069
2077
2076
2066
2048
2038
2037
2042
2054
2056
2050
2043
2035
2036
2047
2056
2064
2065
2059
2057
2057
2057
2057
2052
2043
2039
2041
2046
2055
2059
2057
2055
2052
2053
2059
2062
2064
2065
2063
2062
2062
2059
2053
2046
2040
2039
2044
2050
2058
2065
2071
2078
2087
2093
2097
2096
2089
2080
2070
2059
2049
2039
2031
2027
2029
2033
2039
2042
2041
2041
2041
2042
2042
2038
2028
2020
2012
2011
2017
2023
2029
2033
2036
2043
2054
2063
2069
2067
2055
2045
2036
2035
2043
2050
2056
2056
2049
2043
2037
2036
2042
2048
2054
2058
2060
2060
2059
2057
2054
2050
2044
2041
2041
2043
2049
2052
2054
2056
2058
2061
2067
2069
2067
2062
2052
2046
2042
2041
2041
2040
2038
2038
2041
2047
2056
2063
2069
2075
2082
2090
2098
2101
2097
2087
2069
2051
2035
2024
2018
2017
2020
2024
2030
2033
2033
2032
2030
2027
2025
2020
2014
2006
1996
1989
1985
1983
1985
1990
1998
2010
2026
2040
2050
2051
2041
2029
2014
2008
2012
2021
2035
2043
2045
2045
2041
2039
2040
2041
2043
2044
2043
2042
2040
2036
2030
2027
2026
2032
2044
2057
2069
2076
2077
2076
2072
2069
2066
2061
2053
2048
2045
2047
2055
2063
2071
2077
2081
2083
2083
2078
2069
2057
2041
2029
2023
2023
2031
2038
2045
2047
2045
2040
2034
2030
2029
2028
2028
2023
2014
2006
1998
1995
1999
2004
2012
2019
2026
2035
2045
2052
2054
2049
2036
2025
2017
2017
2027
2037
2047
2052
2052
2054
2057
2060
2062
2062
2058
2055
2055
2058
2066
2074
2082
2086
2086
2085
2081
2077
2073
2074
2078
2087
2101
2113
2125
2131
2133
2130
2122
2112
2102
2093
2085
2078
2072
2070
2072
2076
2084
2088
2088
2082
2069
2058
2050
2044
2042
2034
2021
2007
1991
1985
1987
1994
2004
2011
2015
2017
2017
2013
2007
1999
1989
1984
1986
1992
2003
2009
2011
2011
2010
2012
2018
2021
2021
2017
2009
2008
2012
2021
2035
2044
2048
2048
2044
2042
2040
2038
2034
2029
2025
2027
2035
2048
2066
2079
2087
2090
2086
2081
2075
2067
2057
2045
2030
2019
2011
2012
2021
2029
2036
2036
2030
2027
2027
2030
2037
2037
2030
2021
2011
2006
2008
2011
2015
2018
2022
2032
2049
2063
2073
2071
2056
2043
2033
2034
2048
2060
2071
2074
2068
2062
2056
2052
2051
2049
2046
2045
2045
2049
2056
2060
2062
2058
2050
2044
2040
2043
2052
2059
2065
2066
2062
2060
2060
2061
2065
2067
2067
2067
2069
2073
2079
2083
2083
2080
2072
2064
2058
2052
2046
2041
2035
2033
2035
2038
2043
2045
2045
2044
2042
2040
2038
2034
2028
2021
2015
2013
2016
2020
2026
2031
2034
2039
2045
2051
2057
2057
2051
2045
2039
2039
2046
2052
2058
2058
2051
2045
2041
2042
2050
2057
2063
2064
2060
2056
2054
2052
2050
2048
2044
2044
2048
2056
2068
2075
2079
2077
2070
2065
2061
2058
2058
2056
2052
2051
2053
2062
2078
2092
2102
2102
2092
2076
2056
2038
2023
2014
2010
2012
2022
2032
2043
2048
2046
2041
2033
2028
2024
2018
2008
1996
1982
1976
1976
1980
1988
1996
2004
2014
2026
2035
2041
2036
2022
2010
2000
1999
2007
2016
2024
2029
2031
2033
2037
2040
2042
2042
2039
2038
2039
2040
2040
2038
2034
2033
2036
2045
2059
2069
2075
2073
2064
2057
2053
2054
2061
2068
2076
2081
2085
2090
2094
2095
2092
2083
2067
2052
2039
2034
2037
2042
2049
2052
2050
2047
2041
2039
2040
2043
2047
2048
2044
2034
2016
1999
1984
1980
1986
1999
2019
2037
2052
2060
2062
2057
2046
2035
2023
2020
2026
2034
2046
2051
2049
2045
2039
2038
2044
2051
2058
2061
2060
2060
2060
2061
2061
2057
2049
2042
2036
2038
2046
2057
2069
2079
2085
2092
2099
2106
2112
2114
2110
2102
2088
2075
2065
2061
2065
2073
2085
2093
2099
2101
2097
2093
2089
2085
2081
2075
2065
2052
2036
2026
2022
2023
2031
2038
2046
2052
2056
2057
2055
2048
2035
2021
2007
2000
2000
2004
2011
2013
2011
2008
2005
2005
2009
2012
2014
2012
2008
2007
2010
2015
2023
2028
2028
2026
2022
2019
2018
2017
2017
2017
2019
2027
2041
2056
2071
2079
2081
2077
2067
2056
2042
2028
2014
2006
2004
2007
2017
2024
2026
2026
2023
2025
2032
2038
2044
2043
2035
2027
2020
2017
2017
2016
2014
2015
2021
2036
2059
2074
2081
2075
2055
2039
2029
2030
2042
2053
2061
2063
2057
2054
2052
2051
2053
2054
2054
2055
2057
2059
2061
2059
2053
2048
2044
2045
2053
2059
2063
2063
2057
2054
2052
2053
2059
2064
2069
2073
2075
2078
2082
2083
2081
2075
2066
2057
2049
2043
2040
2038
2038
2038
2038
2040
2042
2045
2049
2051
2051
2048
2041
2033
2024
2019
2017
2018
2023
2028
2034
2041
2049
2058
2066
2068
2064
2056
2044
2038
2040
2046
2056
2061
2059
2053
2043
2039
2039
2040
2044
2047
2048
2050
2052
2053
2053
2049
2041
2037
2039
2046
2060
2067
2069
2066
2058
2054
2056
2059
2065
2069
2069
2071
2077
2084
2094
2096
2092
2081
2064
2050
2039
2032
2028
2028
2031
2035
2040
2041
2039
2036
2032
2032
2034
2033
2027
2018
2004
1994
1989
1989
1995
2000
2006
2014
2024
2034
2044
2045
2036
2023
2006
1998
1999
2005
2015
2022
2024
2026
2027
2030
2034
2037
2038
2038
2038
2039
2043
2044
2042
2039
2034
2035
2042
2051
2062
2066
2064
2060
2055
2056
2064
2072
2080
2085
2085
2086
2087
2087
2085
2076
2060
2044
2029
2022
2023
2029
2039
2048
2054
2056
2054
2050
2046
2044
2045
2044
2042
2034
2020
2009
1999
1997
2003
2012
2024
2034
2044
2052
2057
2054
2044
2032
2018
2014
2018
2026
2038
2045
2046
2046
2045
2046
2050
2052
2050
2047
2042
2041
2045
2050
2055
2054
2047
2039
2031
2030
2037
2048
2064
2075
2081
2084
2084
2085
2087
2089
2089
2085
2075
2065
2054
2049
2051
2058
2072
2086
2098
2105
2107
2105
2101
2097
2094
2089
2082
2071
2057
2047
2041
2043
2053
2064
2076
2083
2087
2086
2080
2071
2057
2046
2037
2033
2035
2037
2038
2035
2028
2023
2019
2016
2014
2009
2001
1997
1997
2002
2012
2019
2023
2023
2019
2016
2015
2014
2012
2008
2003
2005
2013
2028
2050
2065
2075
2076
2066
2052
2035
2021
2009
2001
1997
1999
2005
2011
2017
2020
2020
2020
2022
2025
2029
2029
2024
2017
2009
2005
2006
2009
2015
2020
2026
2036
2050
2062
2072
2073
2064
2054
2043
2039
2043
2046
2048
2047
2043
2043
2049
2055
2063
2064
2058
2054
2050
2051
2055
2057
2055
2052
2048
2049
2055
2059
2061
2059
2052
2050
2053
2059
2069
2075
2077
2078
2080
2083
2089
2090
2086
2079
2068
2060
2054
2048
2044
2039
2033
2030
2030
2033
2039
2042
2044
2046
2046
2044
2041
2034
2024
2015
2009
2008
2014
2021
2031
2040
2050
2058
2066
2068
2064
2055
2041
2035
2035
2041
2052
2057
2057
2053
2045
2043
2046
2050
2056
2059
2059
2061
2064
2065
2064
2058
2047
2040
2037
2040
2050
2057
2061
2061
2057
2055
2055
2056
2058
2060
2061
2066
2076
2086
2095
2095
2086
2072
2054
2039
2028
2023
2023
2028
2036
2043
2049
2051
2048
2045
2042
2041
2043
2042
2038
2029
2017
2007
2001
1999
2002
2009
2020
2033
2049
2059
2063
2057
2041
2026
2012
2007
2012
2017
2023
2023
2019
2015
2012
2012
2016
2019
2023
2026
2028
2030
2032
2030
2024
2019
2015
2019
2029
2039
2049
2051
2047
2044
2042
2046
2055
2063
2071
2077
2081
2085
2089
2089
2083
2073
2057
2046
2038
2036
2042
2047
2053
2056
2054
2051
2047
2046
2048
2051
2055
2055
2049
2039
2025
2015
2009
2008
2014
2023
2035
2047
2057
2064
2066
2063
2053
2044
2035
2033
2039
2047
2056
2059
2055
2049
2043
2042
2048
2055
2063
2066
2065
2064
2063
2059
2053
2041
2023
2012
2008
2014
2032
2045
2054
2057
2053
2054
2062
2071
2080
2076
2059
2040
2018
2008
2008
2014
2026
2037
2047
2056
2064
2068
2070
2069
2066
2063
2059
2054
2048
2043
2039
2042
2054
2068
2086
2101
2111
2117
2118
2113
2101
2088
2072
2065
2067
2073
2083
2085
2079
2072
2065
2063
2067
2068
2066
2061
2053
2050
2050
2049
2047
2041
2033
2030
2032
2035
2038
2035
2027
2022
2021
2026
2038
2045
2048
2044
2032
2020
2006
1993
1983
1977
1977
1980
1987
1992
1995
1997
1999
2003
2010
2013
2013
2008
1998
1993
1994
1999
2008
2014
2018
2024
2030
2039
2051
2057
2057
2054
2046
2043
2044
2045
2046
2044
2040
2039
2042
2049
2060
2067
2070
2070
2066
2062
2058
2052
2046
2041
2039
2041
2049
2056
2062
2065
2064
2067
2074
2084
2097
2103
2101
2090
2072
2053
2035
2022
2014
2012
2017
2024
2034
2039
2041
2041
2039
2038
2040
2042
2042
2039
2033
2028
2025
2025
2029
2034
2040
2049
2060
2067
2071
2068
2058
2050
2045
2047
2056
2061
2061
2057
2047
2043
2045
2050
2058
2062
2063
2064
2066
2067
2067
2063
2053
2044
2037
2037
2044
2050
2056
2057
2055
2053
2051
2052
2056
2062
2072
2084
2098
2105
2105
2096
2079
2062
2046
2035
2029
2026
2027
2029
2033
2036
2038
2038
2037
2038
2042
2045
2047
2042
2030
2019
2007
2001
2001
2003
2009
2018
2030
2043
2059
2066
2064
2051
2028
2012
2004
2006
2020
2029
2032
2028
2016
2009
2007
2010
2018
2024
2026
2028
2030
2031
2033
2031
2026
2024
2026
2035
2049
2059
2065
2064
2057
2053
2052
2054
2060
2066
2072
2079
2086
2091
2093
2088
2076
2061
2045
2035
2031
2034
2044
2053
2061
2063
2057
2051
2043
2042
2048
2052
2054
2047
2029
2012
1998
1994
2001
2011
2025
2037
2047
2056
2063
2062
2052
2038
2020
2012
2016
2026
2044
2053
2053
2048
2039
2037
2043
2050
2059
2063
2061
2060
2058
2057
2059
2058
2052
2046
2040
2039
2045
2053
2065
2072
2075
2076
2075
2075
2077
2076
2072
2064
2052
2040
2028
2022
2022
2026
2036
2043
2049
2048
2041
2035
2030
2029
2033
2032
2028
2017
2000
1988
1981
1983
1993
2006
2020
2033
2044
2052
2056
2055
2047
2037
2025
2019
2021
2027
2039
2048
2054
2059
2063
2069
2077
2082
2084
2085
2083
2083
2087
2090
2094
2096
2094
2094
2096
2101
2109
2115
2118
2118
2115
2113
2113
2112
2110
2105
2095
2083
2069
2058
2049
2044
2042
2044
2050
2054
2058
2056
2047
2036
2022
2013
2007
2001
1993
1981
1966
1959
1959
1966
1982
1992
1998
2000
1996
1996
1999
2001
2001
1998
1994
1995
2003
2012
2023
2029
2029
2029
2028
2029
2033
2034
2032
2029
2027
2029
2035
2042
2050
2054
2056
2057
2059
2059
2059
2056
2050
2046
2044
2048
2056
2065
2075
2082
2084
2084
2082
2079
2075
2068
2059
2049
2039
2032
2029
2029
2033
2034
2034
2034
2034
2036
2042
2044
2044
2038
2028
2021
2017
2017
2023
2027
2030
2034
2039
2047
2059
2066
2066
2059
2045
2037
2036
2043
2059
2069
2073
2071
2061
2054
2050
2048
2048
2048
2048
2052
2060
2066
2070
2067
2057
2047
2038
2037
2043
2051
2060
2065
2065
2064
2064
2064
2066
2067
2066
2064
2061
2061
2065
2070
2078
2083
2083
2080
2072
2065
2059
2054
2050
2046
2042
2040
2040
2041
2042
2041
2037
2034
2033
2034
2038
2038
2035
2030
2024
2021
2023
2026
2031
2037
2045
2054
2066
2072
2074
2068
2054
2044
2038
2041
2052
2058
2059
2054
2042
2036
2036
2041
2050
2055
2056
2055
2052
2050
2049
2046
2041
2037
2034
2035
2041
2047
2053
2054
2050
2047
2044
2042
2041
2038
2032
2024
2016
2011
2011
2016
2028
2042
2056
2066
2071
2068
2057
2043
2025
2012
2002
2001
2009
2020
2032
2039
2039
2036
2028
2023
2023
2024
2028
2027
2023
2016
2006
2000
1996
1997
2003
2014
2029
2045
2061
2071
2075
2071
2061
2054
2050
2052
2059
2063
2063
2061
2056
2055
2059
2066
2074
2079
2079
2078
2077
2078
2080
2078
2070
2059
2047
2041
2041
2044
2050
2051
2049
2048
2048
2053
2063
2069
2072
2070
2063
2058
2056
2056
2060
2061
2059
2052
2041
2032
2025
2023
2026
2031
2038
2042
2044
2045
2043
2042
2040
2037
2033
2027
2017
2008
1998
1995
1998
2006
2020
2034
2046
2053
2053
2049
2041
2033
2026
2024
2026
2031
2038
2042
2044
2044
2043
2044
2046
2049
2051
2052
2050
2049
2047
2047
2047
2046
2044
2041
2037
2036
2036
2038
2042
2048
2054
2060
2066
2069
2069
2068
2065
2063
2062
2060
2057
2052
2045
2042
2042
2047
2059
2070
2080
2084
2082
2081
2079
2078
2078
2075
2069
2063
2056
2052
2052
2053
2057
2063
2071
2080
2090
2095
2097
2094
2084
2074
2062
2054
2050
2050
2054
2055
2055
2051
2045
2039
2033
2027
2022
2017
2011
2010
2013
2018
2026
2028
2024
2016
2004
1997
1995
1996
1998
2000
2000
2004
2014
2027
2043
2054
2060
2061
2055
2047
2035
2023
2009
2000
1997
2000
2008
2014
2018
2020
2019
2021
2027
2031
2034
2031
2021
2014
2010
2012
2020
2027
2032
2034
2033
2038
2048
2061
2075
2080
2076
2066
2052
2044
2042
2044
2050
2054
2054
2055
2055
2056
2058
2058
2054
2052
2050
2052
2060
2065
2065
2060
2050
2045
2045
2049
2058
2061
2059
2056
2052
2055
2064
2072
2079
2082
2081
2083
2087
2091
2093
2090
2081
2072
2062
2054
2048
2043
2037
2035
2037
2041
2047
2048
2044
2040
2036
2036
2040
2042
2040
2034
2022
2015
2013
2016
2025
2034
2043
2052
2061
2067
2070
2067
2057
2049
2041
2041
2048
2054
2059
2059
2054
2050
2047
2046
2048
2049
2050
2052
2056
2059
2062
2061
2056
2050
2043
2041
2045
2051
2061
2066
2068
2065
2059
2053
2048
2045
2044
2045
2049
2056
2066
2072
2074
2069
2055
2037
2017
2002
1992
1987
1989
1993
1998
2001
2003
2003
2001
2001
2002
2002
2002
1999
1993
1989
1985
1986
1991
1998
2007
2018
2032
2046
2060
2067
2067
2061
2051
2046
2048
2053
2063
2067
2065
2063
2059
2060
2065
2070
2074
2075
2073
2070
2066
2064
2063
2064
2066
2070
2076
2078
2076
2071
2061
2054
2050
2053
2063
2075
2087
2094
2096
2093
2084
2072
2058
2044
2030
2021
2016
2016
2022
2030
2038
2042
2042
2040
2036
2035
2037
2039
2039
2032
2016
2001
1985
1978
1982
1992
2008
2022
2034
2043
2048
2048
2044
2035
2022
2014
2011
2016
2030
2041
2050
2053
2049
2045
2043
2042
2044
2045
2043
2042
2042
2045
2051
2052
2049
2043
2033
2029
2033
2043
2059
2069
2075
2076
2073
2073
2077
2080
2082
2079
2069
2061
2057
2061
2074
2087
2100
2107
2109
2111
2113
2116
2122
2124
2124
2119
2109
2098
2088
2082
2080
2084
2092
2101
2109
2113
2111
2103
2089
2073
2056
2044
2037
2033
2031
2027
2020
2012
2004
1998
1994
1989
1981
1973
1963
1960
1964
1972
1983
1989
1989
1986
1981
1979
1979
1980
1982
1986
1992
2003
2017
2032
2047
2056
2058
2054
2043
2031
2017
2008
2004
2002
2004
2005
2006
2009
2015
2024
2038
2047
2052
2050
2040
2032
2025
2022
2022
2023
2024
2028
2034
2043
2055
2063
2067
2067
2063
2062
2062
2062
2060
2056
2049
2045
2044
2046
2051
2054
2056
2058
2061
2064
2068
2069
2065
2061
2056
2054
2056
2057
2057
2057
2057
2063
2077
2092
2109
2116
2114
2103
2084
2065
2045
2030
2018
2012
2011
2013
2019
2024
2030
2037
2043
2048
2052
2052
2046
2039
2032
2029
2031
2034
2037
2039
2041
2046
2054
2062
2069
2069
2063
2057
2053
2055
2063
2068
2070
2066
2055
2048
2046
2049
2057
2064
2069
2072
2072
2069
2063
2054
2042
2032
2026
2025
2030
2035
2041
2047
2054
2063
2075
2080
2080
2071
2053
2034
2012
1994
1978
1968
1963
1965
1973
1981
1989
1994
1996
1999
2003
2008
2012
2011
2005
2000
1998
2001
2011
2021
2030
2038
2045
2053
2061
2065
2063
2059
2054
2055
2063
2070
2076
2075
2068
2065
2066
2071
2079
2082
2078
2074
2070
2070
2074
2074
2070
2063
2053
2050
2056
2064
2074
2079
2078
2078
2080
2083
2087
2084
2073
2059
2041
2028
2022
2020
2023
2026
2030
2034
2038
2041
2043
2043
2041
2038
2033
2026
2016
2007
1998
1995
1998
2006
2020
2033
2045
2050
2050
2045
2035
2027
2020
2018
2021
2026
2034
2039
2043
2046
2047
2048
2050
2052
2053
2053
2052
2050
2047
2045
2043
2045
2051
2059
2069
2077
2083
2086
2085
2085
2087
2092
2098
2103
2106
2108
2108
2109
2113
2117
2121
2123
2123
2121
2118
2117
2117
2115
2113
2106
2096
2084
2070
2060
2054
2053
2059
2067
2077
2081
2080
2071
2055
2038
2020
2009
2005
2004
2006
2004
1996
1986
1972
1963
1961
1964
1974
1980
1984
1984
1980
1978
1977
1977
1977
1978
1982
1991
2005
2020
2034
2042
2044
2044
2044
2044
2046
2042
2032
2022
2010
2005
2005
2006
2006
2005
2003
2008
2020
2031
2040
2039
2029
2022
2019
2023
2035
2040
2040
2037
2031
2034
2045
2055
2063
2064
2058
2055
2056
2061
2071
2073
2069
2059
2045
2037
2035
2038
2047
2055
2062
2067
2070
2071
2070
2066
2060
2054
2049
2049
2055
2064
2077
2088
2098
2104
2107
2107
2103
2094
2078
2060
2039
2024
2014
2010
2012
2012
2012
2015
2021
2031
2045
2053
2055
2051
2041
2036
2037
2040
2046
2048
2044
2043
2045
2052
2064
2069
2068
2064
2056
2054
2058
2062
2066
2063
2052
2043
2037
2038
2048
2058
2067
2071
2069
2064
2056
2046
2036
2026
2018
2015
2017
2026
2041
2055
2069
2075
2071
2062
2046
2029
2013
1997
1981
1970
1964
1966
1976
1986
1996
2002
2004
2009
2017
2023
2029
2027
2019
2013
2009
2012
2020
2027
2032
2038
2044
2053
2063
2067
2063
2056
2048
2046
2052
2058
2062
2062
2056
2054
2058
2065
2075
2079
2077
2074
2070
2066
2062
2057
2049
2045
2047
2055
2070
2082
2091
2093
2089
2082
2072
2061
2049
2039
2031
2030
2034
2040
2048
2051
2049
2045
2041
2040
2043
2048
2054
2055
2051
2042
2028
2021
2019
2028
2047
2067
2088
2101
2107
2108
2104
2099
2094
2092
2093
2098
2107
2116
2126
2132
2134
2136
2136
2137
2137
2135
2129
2119
2106
2096
2088
2084
2086
2088
2090
2089
2084
2078
2072
2065
2059
2051
2042
2032
2020
2008
1996
1987
1980
1973
1965
1956
1946
1942
1943
1950
1962
1968
1967
1960
1946
1940
1942
1952
1969
1982
1990
1997
2002
2009
2018
2022
2022
2019
2014
2015
2023
2032
2041
2044
2040
2037
2035
2038
2044
2048
2050
2052
2052
2052
2054
2054
2050
2047
2045
2051
2065
2078
2091
2096
2092
2088
2082
2078
2074
2065
2050
2036
2022
2016
2020
2023
2025
2022
2015
2015
2022
2032
2046
2051
2045
2038
2028
2026
2032
2038
2044
2047
2046
2048
2053
2057
2061
2061
2055
2054
2056
2062
2072
2075
2069
2058
2044
2038
2042
2052
2066
2075
2078
2078
2074
2070
2064
2055
2044
2040
2043
2056
2079
2097
2109
2109
2096
2082
2066
2053
2043
2032
2021
2013
2009
2007
2009
2010
2010
2012
2016
2022
2030
2032
2028
2020
2010
2003
1999
1997
1996
1997
2001
2008
2018
2024
2026
2024
2018
2018
2023
2027
2031
2028
2018
2012
2010
2015
2028
2038
2046
2051
2051
2050
2050
2048
2044
2040
2038
2042
2053
2068
2088
2101
2108
2105
2091
2074
2056
2044
2038
2038
2044
2050
2056
2060
2062
2060
2054
2047
2039
2036
2040
2043
2047
2042
2030
2020
2012
2015
2029
2044
2060
2068
2066
2062
2055
2050
2046
2043
2043
2044
2048
2051
2053
2053
2049
2047
2047
2051
2059
2065
2069
2067
2059
2053
2048
2047
2051
2058
2068
2077
2087
2093
2097
2097
2091
2086
2080
2080
2085
2092
2102
2108
2108
2103
2092
2084
2078
2079
2089
2098
2106
2104
2090
2072
2050
2039
2039
2048
2064
2076
2083
2084
2079
2071
2059
2046
2030
2019
2013
2013
2018
2017
2010
2000
1987
1982
1986
1992
1999
2000
1995
1993
1995
1999
2005
2008
2006
2009
2018
2034
2057
2068
2067
2056
2034
2023
2021
2025
2033
2034
2026
2019
2013
2011
2013
2014
2012
2012
2015
2022
2033
2036
2030
2021
2007
2003
2009
2018
2029
2035
2036
2039
2043
2047
2050
2048
2041
2042
2050
2066
2089
2101
2103
2099
2087
2082
2083
2083
2081
2077
2069
2066
2070
2073
2075
2069
2056
2048
2044
2042
2044
2035
2016
1992
1961
1931
1902
1869
1831
1792
1753
1719
1693
1668
1644
1623
1605
1594
1591
1589
1588
1587
1585
1592
1610
1642
1687
1746
1817
1892
1970
2024
2053
2068
2068
2115
2211
2373
2602
2844
3099
3334
3548
3720
3849
3896
3859
3776
3644
3558
3519
3515
3548
3562
3556
3563
3582
3594
3600
3471
3202
2793
2240
1690
1145
654
220
0
0
0
0
0
0
0
0
0
0
0
0
0
0
0
0
0
0
0
0
0
0
0
0
0
0
0
0
0
0
143
435
1148
2296
3178
3786
4095
4095
4095
4095
4095
4095
4095
4095
4095
4095
4095
4095
4095
4095
4095
4095
4095
4095
4095
4095
4095
4095
4095
4095
4095
4095
4095
4095
4095
4095
4018
3861
3643
3361
3067
2762
2390
1949
1491
1015
582
196
0
0
0
0
0
0
0
0
0
0
0
0
0
0
0
0
0
0
0
0
597
1811
2623
3018
2951
2405
1718
884
347
117
0
0
44
134
1015
2712
3702
3962
4095
4095
4095
4095
4095
4095
4095
4095
4095
4095
4095
4095
4095
4095
4095
4095
4095
4095
4095
4095
4095
4095
4095
4095
4095
4095
4095
4095
4095
4095
4036
3918
3916
4034
4075
4034
3842
3494
3015
2399
1682
861
334
112
0
0
0
0
0
0
0
0
0
0
0
0
0
0
0
0
0
0
0
0
568
1725
2751
3642
4095
4095
4095
4095
4095
4095
4066
4007
3690
3105
2651
2332
2250
2411
2651
2972
3183
3282
3294
3217
3100
2943
2708
2392
2030
1620
1254
934
675
478
338
255
255
341
497
726
969
1227
1470
1696
1906
2101
2280
2441
2570
2666
2725
2747
2753
2743
2735
2729
2723
2715
2708
2702
2708
2726
2756
2798
2850
2912
2982
3061
3131
3191
3222
3224
3201
3153
3092
3019
2942
2863
2799
2752
2731
2738
2751
2769
2768
2746
2704
2642
2575
2502
2429
2357
2287
2220
2163
2116
2090
2084
2097
2130
2171
2220
2267
2312
2350
2381
2396
2394
2379
2350
2325
2305
2297
2301
2308
2316
2322
2324
2327
2329
2327
2320
2302
2274
2238
2195
2151
2105
2065
2032
2012
2006
2008
2020
2028
2034
2032
2021
2004
1980
1956
1932
1913
1901
1894
1892
1890
1888
1885
1881
1880
1880
1882
1888
1896
1908
1924
1944
1972
2009
2053
2106
2155
2201
2238
2266
2293
2319
2344
2368
2382
2384
2380
2370
2361
2355
2345
2333
2314
2288
2260
2232
2205
2179
2152
2121
2087
2050
2016
1985
1960
1944
1932
1924
1917
1910
1902
1892
1874
1848
1815
1776
1747
1731
1732
1751
1768
1784
1797
1805
1823
1851
1878
1904
1919
1922
1929
1941
1965
2000
2031
2055
2074
2088
2110
2141
2171
2200
2214
2212
2205
2191
2182
2177
2173
2170
2167
2165
2167
2175
2182
2190
2190
2182
2169
2150
2129
2106
2082
2056
2029
2002
1982
1968
1964
1970
1981
1996
2006
2011
2009
1999
1989
1981
1978
1981
1988
1999
2011
2025
2040
2056
2068
2076
2081
2083
2085
2089
2096
2105
2112
2118
2123
2125
2126
2126
2124
2120
2118
2118
2123
2131
2137
2141
2137
2125
2108
2088
2071
2058
2051
2050
2053
2059
2066
2073
2077
2079
2075
2066
2055
2042
2033
2027
2024
2026
2028
2028
2026
2024
2023
2024
2025
2027
2028
2030
2033
2038
2043
2047
2050
2050
2051
2053
2056
2060
2062
2061
2059
2055
2053
2052
2053
2057
2064
2074
2085
2095
2100
2098
2089
2073
2060
2048
2046
2053
2065
2083
2096
2106
2108
2102
2090
2072
2055
2039
2027
2019
2015
2015
2015
2015
2015
2013
2011
2011
2012
2014
2015
2015
2013
2010
2009
2010
2013
2017
2020
2021
2021
2021
2021
2022
2021
2018
2014
2008
2004
2004
2005
2008
2010
2012
2016
2023
2031
2041
2044
2042
2039
2035
2039
2051
2064
2078
2085
2083
2074
2060
2045
2030
2019
2013
2013
2021
2029
2037
2041
2039
2035
2030
2026
2023
2022
2022
2024
2028
2033
2038
2042
2046
2052
2062
2071
2080
2081
2073
2062
2048
2038
2034
2034
2038
2045
2055
2065
2077
2083
2083
2077
2067
2061
2059
2064
2075
2086
2098
2105
2109
2108
2104
2101
2100
2102
2106
2103
2091
2068
2033
2002
1974
1957
1949
1946
1946
1948
1951
1953
1955
1950
1939
1924
1904
1888
1876
1873
1877
1886
1899
1912
1924
1941
1962
1993
2035
2079
2126
2163
2191
2220
2252
2314
2406
2535
2702
2881
3072
3251
3416
3574
3723
3866
4001
4076
4088
4095
4095
4095
4095
4095
4095
4095
4095
4095
4095
4095
4095
4095
4095
4095
4095
4092
4088
3934
3627
3322
3019
2717
2416
2108
1793
1471
1141
809
475
230
77
0
0
0
0
0
0
0
0
0
0
0
0
0
0
0
0
0
0
0
0
0
0
0
0
0
0
107
327
644
1063
1442
1781
2068
2302
2510
2693
2856
3000
3107
3178
3228
3257
3285
3311
3312
3286
3227
3132
3042
2958
2897
2859
2814
2763
2685
2579
2434
2247
1992
1664
1268
800
423
142
0
0
0
0
0
0
0
0
0
0
0
0
0
0
0
0
0
0
0
0
459
1395
2063
2452
2607
2520
2369
2150
1957
1790
1699
1685
1848
2194
2794
3656
4095
4095
4095
4095
4095
4095
4095
4095
4095
4095
4095
4095
4095
4095
4095
4095
4095
4095
4095
4095
4095
4095
4095
4095
4095
4095
4095
4095
4095
4095
4095
4095
4095
4095
4095
4095
3965
3701
3310
2789
2086
1193
558
188
0
0
0
0
0
0
0
0
0
0
0
0
0
0
0
0
0
0
0
0
0
0
0
0
0
0
0
0
388
1178
2197
3455
4095
4095
3823
3269
2368
1107
351
118
55
168
790
1938
2908
3694
4095
4095
4095
4095
4095
4095
4095
4095
4095
4095
3960
3685
3296
2788
2331
1928
1588
1313
1022
715
508
404
428
584
729
863
956
1006
1027
1018
965
865
785
724
719
772
830
895
969
1052
1182
1360
1558
1777
1968
2131
2240
2294
2297
2248
2183
2104
2048
2016
2026
2081
2162
2270
2354
2413
2418
2369
2302
2215
2153
2118
2112
2135
2165
2203
2232
2252
2260
2254
2245
2233
2230
2234
2240
2248
2243
2225
2197
2160
2132
2114
2118
2143
2181
2233
2277
2312
2321
2303
2266
2207
2156
2114
2099
2113
2141
2184
2216
2238
2244
2234
2217
2194
2176
2162
2159
2169
2185
2206
2216
2216
2205
2184
2172
2168
2176
2198
2218
2238
2254
2265
2273
2279
2279
2272
2266
2260
2269
2293
2322
2355
2371
2370
2358
2334
2316
2304
2299
2299
2302
2308
2321
2341
2355
2363
2355
2329
2300
2267
2243
2229
2218
2210
2200
2188
2176
2165
2151
2135
2121
2109
2110
2126
2146
2170
2181
2177
2168
2154
2148
2150
2157
2168
2179
2190
2201
2213
2219
2217
2207
2188
2173
2163
2159
2162
2164
2166
2170
2176
2190
2211
2230
2248
2262
2272
2286
2303
2317
2327
2324
2308
2287
2262
2243
2231
2221
2213
2209
2207
2209
2215
2216
2210
2200
2185
2176
2173
2173
2175
2175
2172
2171
2173
2174
2172
2161
2143
2128
2116
2114
2121
2122
2118
2108
2092
2083
2081
2084
2094
2104
2116
2129
2144
2156
2165
2167
2161
2159
2161
2171
2189
2200
2206
2202
2188
2171
2151
2128
2102
2074
2045
2028
2023
2031
2051
2067
2079
2085
2083
2085
2091
2098
2104
2104
2096
2088
2082
2083
2091
2102
2116
2131
2147
2163
2177
2185
2185
2181
2171
2158
2144
2123
2096
2071
2047
2038
2044
2060
2085
2107
2127
2147
2167
2189
2213
2229
2235
2229
2209
2186
2159
2137
2120
2111
2109
2114
2126
2139
2153
2164
2172
2173
2169
2164
2158
2156
2158
2161
2165
2168
2168
2170
2176
2183
2191
2191
2183
2171
2157
2150
2150
2151
2153
2149
2137
2122
2102
2085
2071
2064
2065
2074
2090
2107
2125
2140
2152
2167
2183
2197
2209
2212
2206
2191
2168
2142
2113
2089
2071
2065
2072
2084
2102
2113
2117
2116
2112
2110
2112
2115
2117
2121
2127
2136
2146
2151
2149
2142
2131
2126
2128
2130
2133
2128
2114
2100
2087
2083
2088
2094
2102
2102
2095
2081
2059
2036
2014
2003
2005
2020
2049
2078
2107
2132
2152
2168
2180
2184
2181
2171
2153
2134
2114
2097
2083
2073
2068
2070
2080
2090
2101
2106
2106
2103
2098
2096
2096
2097
2101
2107
2115
2125
2135
2141
2142
2137
2125
2114
2104
2097
2094
2089
2083
2074
2064
2059
2061
2071
2089
2102
2112
2109
2091
2065
2031
2004
1984
1979
1989
2010
2041
2071
2102
2128
2150
2164
2172
2170
2158
2140
2116
2095
2075
2059
2046
2040
2040
2048
2063
2075
2085
2085
2076
2068
2060
2059
2065
2070
2076
2083
2090
2101
2115
2125
2130
2126
2112
2097
2080
2068
2062
2060
2063
2066
2070
2075
2081
2093
2111
2134
2163
2183
2195
2193
2176
2153
2124
2098
2077
2069
2075
2096
2133
2170
2207
2229
2236
2235
2225
2215
2205
2194
2180
2164
2144
2127
2111
2099
2091
2086
2086
2086
2088
2085
2078
2067
2052
2040
2030
2027
2031
2042
2060
2079
2097
2109
2115
2116
2110
2102
2090
2078
2064
2057
2056
2061
2073
2079
2081
2081
2077
2078
2086
2092
2096
2091
2077
2061
2041
2020
1996
1974
1956
1955
1972
2001
2042
2075
2099
2118
2130
2145
2161
2170
2170
2163
2149
2141
2139
2138
2140
2138
2130
2126
2125
2129
2138
2142
2140
2137
2132
2134
2143
2157
2175
2194
2214
2235
2257
2277
2295
2313
2331
2356
2390
2429
2474
2505
2521
2512
2477
2428
2365
2299
2232
2159
2080
1993
1898
1808
1723
1660
1619
1609
1630
1677
1752
1832
1919
1994
2057
2106
2143
2167
2179
2168
2134
2075
1990
1890
1772
1649
1520
1394
1270
1158
1058
980
923
899
909
953
1031
1128
1244
1366
1492
1615
1734
1837
1925
1992
2038
2075
2104
2136
2173
2210
2249
2288
2327
2373
2428
2492
2567
2642
2715
2771
2808
2814
2788
2738
2664
2593
2524
2472
2437
2412
2396
2383
2372
2366
2365
2365
2365
2360
2348
2331
2309
2279
2242
2198
2145
2098
2057
2033
2025
2025
2033
2041
2048
2057
2067
2075
2081
2079
2067
2052
2032
2014
1999
1989
1984
1989
2003
2025
2054
2075
2089
2089
2073
2053
2027
2007
1991
1980
1976
1977
1983
1990
1998
2001
1999
1999
2003
2016
2038
2056
2068
2069
2057
2049
2045
2048
2060
2068
2071
2066
2053
2039
2023
2005
1985
1967
1951
1947
1955
1971
1995
2017
2037
2051
2057
2057
2049
2038
2024
2014
2007
2002
1999
1997
1996
2000
2010
2021
2033
2036
2028
2017
2001
1990
1983
1977
1973
1970
1970
1973
1981
1987
1991
1993
1992
1996
2006
2015
2025
2029
2028
2031
2038
2049
2065
2074
2076
2069
2055
2038
2018
1999
1983
1974
1973
1980
1994
2008
2021
2030
2034
2036
2035
2031
2024
2018
2012
2010
2011
2013
2017
2022
2028
2034
2040
2040
2032
2022
2008
1999
1996
1994
1994
1992
1988
1987
1989
1993
1997
1999
1997
2000
2008
2021
2037
2050
2058
2065
2070
2078
2090
2096
2098
2089
2071
2049
2023
2002
1984
1976
1977
1986
2003
2019
2034
2041
2041
2039
2035
2035
2038
2040
2040
2038
2034
2032
2034
2036
2039
2037
2031
2024
2018
2016
2018
2020
2020
2017
2009
2000
1992
1986
1984
1986
1994
2004
2017
2029
2041
2053
2065
2079
2095
2107
2115
2116
2108
2095
2075
2052
2026
2006
1990
1986
1993
2004
2018
2028
2032
2034
2032
2032
2034
2040
2049
2058
2068
2070
2066
2057
2045
2037
2035
2034
2034
2028
2016
2006
1999
1999
2005
2011
2016
2018
2016
2012
2007
2003
1999
2000
2008
2025
2049
2072
2094
2109
2118
2124
2128
2125
2116
2100
2078
2056
2034
2018
2007
2001
2001
2004
2011
2019
2027
2033
2036
2038
2038
2038
2039
2045
2056
2068
2081
2083
2073
2056
2033
2019
2013
2010
2010
2006
1998
1994
1996
2005
2021
2032
2038
2038
2032
2025
2018
2010
2001
1998
2001
2017
2046
2075
2104
2124
2134
2138
2134
2124
2108
2089
2065
2044
2026
2015
2010
2010
2014
2022
2032
2038
2039
2035
2026
2024
2030
2042
2059
2071
2078
2083
2087
2089
2090
2081
2061
2040
2018
2006
2004
2003
2002
1998
1990
1993
2007
2026
2050
2064
2067
2062
2050
2035
2019
2003
1987
1984
1992
2014
2049
2080
2106
2120
2122
2121
2116
2107
2095
2077
2053
2033
2015
2005
2003
2004
2010
2017
2026
2033
2038
2039
2035
2034
2035
2043
2059
2075
2093
2105
2113
2116
2115
2108
2096
2079
2059
2045
2038
2039
2049
2055
2059
2063
2067
2078
2098
2118
2138
2146
2143
2132
2114
2093
2071
2053
2039
2038
2051
2074
2107
2135
2155
2165
2163
2157
2145
2130
2110
2088
2064
2045
2032
2023
2019
2015
2013
2013
2017
2021
2024
2022
2014
2008
2004
2011
2029
2049
2071
2085
2092
2094
2091
2084
2074
2062
2048
2039
2035
2034
2034
2028
2017
2006
1996
1992
1996
1999
1999
1991
1977
1960
1940
1921
1903
1892
1889
1900
1926
1954
1983
2002
2009
2010
2004
1998
1990
1977
1961
1945
1929
1919
1914
1909
1904
1900
1896
1899
1911
1928
1950
1969
1985
2000
2012
2027
2043
2059
2075
2088
2096
2102
2104
2106
2106
2108
2110
2116
2124
2132
2140
2142
2136
2130
2122
2120
2122
2125
2128
2128
2126
2124
2122
2119
2116
2114
2112
2118
2132
2144
2154
2154
2143
2132
2121
2117
2121
2121
2117
2110
2098
2089
2081
2070
2056
2041
2027
2022
2028
2037
2051
2059
2062
2064
2066
2068
2071
2072
2070
2068
2066
2064
2060
2056
2050
2048
2048
2047
2046
2040
2028
2020
2014
2011
2012
2008
1999
1993
1989
1995
2011
2025
2036
2039
2033
2027
2021
2015
2008
1998
1986
1982
1988
2001
2023
2042
2058
2072
2082
2091
2099
2100
2092
2079
2061
2045
2033
2022
2012
2006
2003
2007
2018
2028
2036
2039
2035
2033
2031
2034
2040
2046
2050
2053
2055
2058
2060
2061
2061
2058
2052
2047
2041
2036
2032
2029
2025
2021
2016
2015
2017
2025
2037
2047
2055
2059
2057
2055
2052
2046
2038
2027
2014
2009
2013
2022
2038
2048
2052
2052
2049
2049
2053
2054
2052
2044
2030
2020
2016
2015
2017
2017
2013
2011
2011
2017
2031
2043
2052
2049
2034
2013
1987
1967
1953
1952
1964
1989
2026
2064
2105
2133
2148
2149
2136
2122
2106
2091
2077
2063
2048
2036
2027
2021
2019
2015
2009
2007
2007
2013
2025
2035
2043
2047
2047
2049
2055
2062
2072
2078
2082
2083
2079
2072
2062
2050
2036
2026
2022
2023
2031
2039
2048
2054
2056
2055
2051
2046
2040
2037
2035
2035
2037
2039
2041
2041
2039
2037
2033
2031
2031
2034
2040
2039
2032
2020
2004
1995
1994
1999
2011
2020
2025
2031
2037
2047
2059
2064
2060
2047
2023
2001
1981
1971
1971
1983
2009
2044
2091
2134
2174
2200
2212
2215
2211
2205
2197
2187
2174
2160
2146
2134
2124
2113
2099
2086
2073
2066
2066
2068
2072
2073
2069
2069
2073
2085
2107
2128
2148
2157
2153
2140
2118
2093
2066
2042
2022
2010
2006
2009
2019
2024
2025
2019
2006
1996
1989
1988
1994
2000
2006
2011
2015
2022
2032
2043
2053
2061
2067
2072
2075
2074
2068
2061
2052
2050
2056
2064
2075
2080
2079
2077
2075
2073
2071
2060
2039
2011
1974
1943
1918
1903
1897
1903
1920
1949
1990
2027
2062
2080
2080
2071
2053
2035
2017
1995
1969
1943
1917
1898
1887
1880
1876
1870
1860
1849
1839
1832
1828
1826
1826
1833
1845
1867
1899
1934
1973
2004
2028
2042
2047
2049
2047
2046
2048
2055
2067
2085
2109
2135
2161
2183
2200
2212
2220
2224
2225
2220
2209
2196
2180
2168
2161
2158
2158
2162
2168
2179
2193
2202
2204
2194
2170
2143
2112
2086
2064
2046
2032
2028
2036
2054
2083
2106
2121
2125
2119
2115
2115
2115
2117
2110
2096
2081
2065
2052
2042
2030
2017
2006
1997
1993
1995
1995
1994
1994
1995
2003
2017
2033
2049
2061
2069
2076
2081
2082
2078
2068
2052
2038
2026
2021
2022
2025
2029
2032
2033
2031
2027
2022
2016
2012
2011
2012
2016
2022
2028
2034
2038
2041
2041
2040
2038
2035
2033
2030
2028
2026
2024
2022
2020
2014
2005
1994
1980
1972
1968
1973
1985
2003
2026
2049
2071
2086
2094
2096
2092
2090
2091
2091
2089
2078
2059
2041
2024
2013
2009
2003
1995
1991
1989
1996
2012
2027
2040
2047
2048
2051
2057
2062
2067
2067
2061
2057
2054
2052
2050
2045
2035
2029
2026
2028
2036
2040
2041
2039
2035
2032
2030
2030
2030
2032
2038
2043
2049
2047
2037
2024
2009
2002
2004
2006
2010
2012
2010
2012
2020
2028
2036
2034
2022
2006
1988
1975
1969
1967
1971
1984
2006
2037
2076
2107
2129
2137
2129
2118
2104
2092
2082
2072
2061
2053
2049
2046
2045
2039
2028
2018
2008
2007
2017
2029
2043
2052
2055
2058
2061
2066
2073
2077
2079
2077
2073
2067
2061
2051
2039
2026
2014
2008
2009
2015
2027
2037
2045
2048
2045
2040
2034
2031
2033
2036
2040
2037
2027
2016
2004
1998
1998
2002
2010
2016
2020
2026
2033
2041
2049
2051
2047
2035
2015
1998
1982
1974
1976
1988
2009
2037
2073
2109
2144
2169
2181
2183
2173
2163
2151
2142
2135
2128
2122
2117
2115
2113
2111
2106
2097
2089
2082
2081
2087
2092
2098
2104
2109
2120
2137
2152
2164
2164
2151
2133
2109
2088
2070
2054
2040
2030
2025
2028
2038
2048
2056
2057
2049
2040
2028
2019
2014
2011
2009
2008
2007
2007
2009
2013
2021
2031
2042
2050
2056
2060
2060
2059
2056
2047
2033
2011
1982
1954
1928
1915
1913
1926
1953
1991
2039
2085
2128
2151
2155
2144
2116
2090
2066
2048
2036
2021
2005
1991
1979
1971
1968
1961
1949
1930
1906
1886
1870
1862
1862
1863
1867
1873
1881
1890
1900
1908
1912
1915
1915
1913
1909
1907
1905
1909
1919
1937
1963
1987
2009
2025
2034
2039
2041
2046
2054
2066
2082
2101
2121
2141
2161
2180
2200
2215
2226
2225
2213
2194
2169
2148
2132
2121
2116
2119
2130
2151
2182
2210
2232
2237
2224
2206
2183
2167
2159
2151
2143
2133
2121
2111
2104
2097
2089
2081
2073
2068
2068
2065
2059
2049
2033
2026
2027
2039
2063
2083
2100
2110
2113
2112
2108
2098
2084
2069
2053
2045
2043
2046
2052
2055
2055
2050
2040
2025
2007
1987
1967
1948
1930
1914
1902
1895
1893
1897
1908
1920
1934
1945
1954
1964
1976
1988
2000
2008
2011
2013
2013
2014
2018
2025
2033
2045
2060
2075
2091
2102
2108
2110
2106
2101
2096
2093
2091
2088
2084
2080
2074
2069
2063
2056
2047
2036
2024
2017
2015
2021
2034
2046
2058
2065
2067
2067
2066
2064
2061
2057
2051
2046
2043
2041
2040
2038
2034
2031
2031
2033
2039
2043
2045
2043
2037
2032
2028
2026
2028
2030
2034
2037
2039
2040
2039
2038
2036
2037
2039
2040
2039
2033
2021
2008
1996
1989
1989
1990
1994
1997
1997
1998
2002
2007
2014
2017
2015
2008
1996
1985
1977
1977
1987
2007
2037
2068
2101
2123
2133
2135
2128
2120
2112
2100
2086
2069
2051
2040
2037
2038
2044
2042
2032
2021
2009
2006
2013
2022
2034
2043
2048
2055
2063
2071
2079
2081
2077
2071
2065
2058
2050
2039
2024
2012
2002
2004
2016
2032
2050
2061
2063
2060
2052
2045
2039
2037
2037
2040
2044
2048
2052
2052
2048
2042
2034
2029
2027
2027
2031
2034
2036
2035
2031
2027
2023
2022
2026
2032
2040
2044
2044
2039
2030
2024
2021
2020
2022
2021
2019
2018
2019
2025
2035
2040
2040
2030
2010
1991
1973
1964
1965
1977
2000
2032
2073
2111
2147
2167
2169
2160
2140
2121
2105
2091
2079
2066
2052
2041
2033
2030
2030
2027
2021
2015
2009
2009
2015
2023
2031
2039
2045
2057
2073
2089
2105
2111
2105
2093
2073
2056
2040
2027
2018
2015
2018
2029
2047
2066
2086
2097
2101
2101
2096
2092
2089
2088
2088
2089
2093
2098
2106
2110
2111
2109
2103
2101
2103
2107
2113
2112
2102
2085
2062
2046
2038
2039
2051
2062
2074
2084
2090
2095
2098
2096
2090
2077
2057
2034
2008
1985
1963
1948
1939
1943
1961
1993
2040
2085
2128
2152
2157
2150
2130
2111
2095
2080
2066
2051
2037
2030
2032
2036
2042
2036
2020
2002
1982
1974
1978
1988
2003
2017
2031
2047
2065
2082
2096
2102
2100
2095
2087
2077
2067
2054
2039
2029
2023
2024
2031
2034
2032
2025
2011
2000
1993
1989
1987
1980
1970
1960
1951
1950
1956
1964
1974
1976
1972
1961
1943
1921
1895
1867
1835
1807
1783
1772
1774
1789
1816
1851
1894
1941
1992
2037
2077
2102
2110
2110
2100
2094
2091
2092
2096
2099
2101
2102
2104
2108
2114
2121
2128
2132
2132
2130
2126
2124
2124
2129
2140
2155
2175
2193
2211
2220
2221
2214
2198
2179
2158
2141
2127
2120
2118
2120
2126
2131
2133
2128
2116
2100
2080
2066
2058
2054
2054
2053
2050
2048
2048
2052
2061
2067
2069
2062
2046
2027
2006
1991
1981
1979
1984
1998
2020
2045
2072
2089
2094
2090
2076
2065
2057
2051
2047
2040
2028
2016
2006
1998
1992
1983
1971
1962
1954
1952
1956
1962
1970
1978
1988
1999
2011
2022
2030
2042
2057
2075
2097
2109
2111
2105
2089
2078
2071
2065
2059
2049
2033
2022
2016
2020
2032
2042
2050
2056
2060
2070
2086
2098
2107
2106
2094
2081
2069
2061
2059
2055
2049
2041
2029
2019
2011
2004
2000
1994
1986
1980
1976
1977
1983
1993
2007
2023
2040
2057
2075
2088
2095
2091
2075
2055
2030
2010
1995
1986
1982
1982
1985
1989
1994
1997
1998
1997
1994
1995
2000
2010
2026
2041
2057
2070
2080
2085
2087
2086
2080
2074
2066
2059
2054
2050
2046
2041
2035
2030
2027
2028
2033
2039
2047
2050
2048
2043
2034
2029
2027
2026
2028
2025
2017
2008
1998
1996
2001
2008
2017
2023
2025
2029
2035
2041
2047
2044
2033
2018
1998
1983
1973
1972
1980
2001
2034
2075
2122
2159
2184
2191
2181
2166
2147
2132
2121
2111
2102
2096
2094
2097
2107
2113
2117
2116
2108
2102
2098
2100
2108
2115
2123
2129
2134
2138
2140
2141
2139
2133
2124
2111
2093
2074
2054
2038
2027
2023
2027
2035
2047
2055
2059
2057
2047
2033
2017
2007
2003
2005
2013
2017
2019
2021
2023
2028
2036
2039
2036
2023
2001
1978
1955
1940
1933
1940
1961
1996
2046
2090
2129
2146
2140
2128
2110
2098
2092
2082
2068
2053
2036
2028
2029
2026
2018
1999
1968
1941
1920
1910
1910
1909
1906
1904
1902
1905
1914
1920
1923
1920
1910
1899
1886
1872
1858
1846
1836
1833
1838
1847
1861
1875
1891
1910
1932
1956
1981
2006
2031
2055
2078
2094
2104
2108
2106
2105
2107
2111
2116
2121
2127
2140
2162
2188
2219
2240
2249
2250
2244
2241
2242
2241
2237
2224
2202
2183
2165
2153
2146
2137
2126
2115
2105
2097
2091
2083
2073
2065
2060
2064
2076
2090
2106
2115
2119
2120
2116
2108
2094
2075
2052
2036
2026
2024
2028
2029
2027
2021
2011
2004
2001
2000
2002
2002
2000
2001
2003
2006
2010
2012
2012
2012
2014
2014
2012
2008
2001
2000
2006
2021
2045
2063
2075
2077
2068
2061
2057
2055
2057
2055
2047
2041
2035
2034
2038
2037
2029
2019
2006
2002
2008
2018
2032
2039
2041
2044
2047
2053
2063
2070
2074
2076
2076
2074
2070
2062
2050
2038
2026
2019
2015
2011
2008
2007
2009
2015
2024
2031
2035
2038
2040
2043
2049
2052
2052
2045
2033
2022
2012
2005
2001
1997
1995
2000
2014
2034
2061
2078
2086
2085
2073
2065
2059
2054
2050
2043
2032
2024
2020
2018
2019
2014
2004
1994
1984
1987
2003
2021
2041
2053
2055
2056
2054
2057
2065
2069
2069
2065
2055
2044
2034
2023
2013
2007
2005
2010
2023
2032
2038
2035
2023
2016
2014
2018
2028
2033
2033
2032
2030
2032
2038
2038
2030
2018
2002
1992
1990
1989
1990
1993
1999
2016
2047
2079
2113
2132
2136
2132
2122
2113
2105
2095
2083
2072
2062
2056
2054
2049
2039
2027
2013
2008
2013
2024
2040
2054
2066
2076
2086
2096
2106
2113
2117
2116
2112
2105
2096
2084
2070
2056
2043
2038
2041
2050
2065
2073
2073
2064
2048
2038
2036
2042
2056
2066
2072
2073
2069
2069
2071
2070
2064
2053
2036
2022
2011
2005
2003
2005
2013
2033
2066
2101
2140
2163
2171
2168
2155
2144
2136
2125
2111
2095
2076
2063
2056
2050
2045
2033
2015
2000
1988
1988
1998
2012
2029
2044
2058
2071
2083
2091
2094
2091
2081
2071
2060
2051
2043
2039
2037
2039
2046
2053
2061
2062
2056
2049
2040
2036
2038
2041
2043
2042
2036
2032
2029
2025
2019
2005
1983
1959
1932
1908
1889
1877
1871
1877
1893
1915
1942
1959
1963
1956
1938
1922
1908
1897
1889
1878
1864
1855
1852
1857
1870
1881
1891
1898
1903
1911
1923
1937
1955
1976
2001
2031
2067
2103
2139
2167
2187
2198
2200
2196
2185
2173
2160
2154
2155
2160
2168
2172
2172
2169
2163
2161
2161
2158
2154
2146
2135
2130
2130
2132
2138
2139
2134
2126
2114
2103
2095
2087
2079
2076
2080
2092
2113
2130
2144
2149
2143
2138
2132
2128
2124
2117
2105
2095
2085
2077
2071
2058
2040
2022
2004
1994
1993
1995
2001
2007
2013
2024
2040
2057
2075
2083
2082
2073
2055
2034
2012
1994
1980
1975
1979
1990
2006
2019
2028
2031
2028
2023
2016
2008
1998
1988
1979
1976
1978
1984
1992
1998
2002
2006
2011
2018
2026
2031
2031
2027
2019
2012
2005
2000
1997
2001
2013
2034
2065
2092
2116
2126
2122
2115
2103
2094
2088
2080
2072
2063
2054
2048
2045
2039
2029
2017
2003
2000
2006
2018
2036
2048
2052
2055
2055
2058
2064
2067
2067
2061
2051
2044
2040
2035
2031
2022
2009
2001
1997
2002
2014
2024
2032
2036
2034
2033
2033
2032
2030
2027
2023
2023
2026
2030
2035
2037
2036
2034
2030
2027
2025
2024
2022
2022
2022
2024
2026
2028
2029
2029
2028
2030
2034
2041
2049
2054
2055
2051
2042
2035
2029
2027
2031
2035
2038
2040
2042
2047
2057
2067
2077
2077
2069
2057
2041
2030
2026
2029
2039
2059
2090
2127
2172
2203
2221
2219
2197
2172
2145
2125
2111
2097
2082
2069
2057
2050
2049
2045
2037
2024
2006
1995
1989
1987
1990
1993
1997
2004
2016
2027
2036
2035
2024
2011
1995
1983
1975
1963
1947
1932
1917
1914
1924
1938
1958
1972
1978
1981
1979
1978
1979
1979
1978
1977
1977
1980
1986
1996
2008
2022
2038
2050
2060
2062
2055
2046
2034
2030
2033
2040
2051
2060
2067
2074
2082
2089
2093
2090
2078
2063
2045
2032
2026
2026
2034
2052
2081
2114
2152
2177
2187
2181
2157
2137
2119
2108
2104
2097
2085
2072
2058
2050
2048
2047
2047
2043
2035
2028
2021
2016
2013
2014
2018
2030
2050
2073
2099
2115
2119
2112
2092
2070
2046
2025
2007
1996
1992
1996
2009
2022
2036
2044
2046
2046
2046
2046
2046
2040
2030
2018
2005
2000
2004
2013
2025
2034
2040
2044
2046
2047
2046
2041
2031
2017
2000
1984
1969
1962
1964
1980
2013
2054
2104
2144
2173
2185
2178
2162
2138
2115
2093
2076
2062
2051
2043
2039
2040
2041
2043
2041
2035
2029
2023
2023
2027
2032
2037
2040
2042
2049
2060
2071
2081
2083
2075
2061
2041
2025
2011
2001
1995
1991
1990
1991
1995
2001
2009
2019
2029
2037
2041
2042
2038
2038
2040
2044
2050
2048
2038
2025
2008
1996
1990
1989
1994
2008
2030
2063
2106
2143
2173
2187
2183
2177
2169
2165
2165
2163
2157
2148
2136
2126
2116
2103
2089
2076
2064
2059
2062
2069
2081
2094
2108
2124
2141
2154
2164
2166
2158
2144
2122
2097
2069
2044
2022
2009
2003
2004
2010
2018
2028
2038
2048
2055
2058
2055
2046
2039
2033
2030
2030
2025
2015
2001
1981
1962
1946
1936
1932
1942
1968
2006
2055
2092
2118
2126
2116
2106
2096
2090
2090
2086
2079
2074
2070
2069
2069
2059
2040
2019
1995
1982
1980
1979
1979
1977
1973
1976
1987
2001
2019
2028
2030
2024
2010
1991
1965
1936
1904
1878
1858
1847
1843
1840
1838
1837
1838
1839
1841
1840
1835
1831
1829
1832
1840
1849
1859
1870
1882
1900
1924
1951
1984
2024
2071
2124
2182
2227
2258
2270
2262
2250
2234
2224
2220
2215
2210
2205
2200
2197
2195
2192
2186
2181
2177
2177
2183
2186
2187
2183
2174
2169
2167
2170
2178
2181
2178
2167
2147
2124
2100
2078
2060
2045
2033
2027
2025
2027
2035
2043
2053
2056
2053
2045
2032
2022
2014
2010
2010
2008
2006
2005
2006
2010
2018
2025
2031
2038
2046
2056
2069
2077
2079
2075
2063
2057
2055
2061
2073
2080
2082
2076
2061
2045
2027
2011
1996
1985
1978
1979
1987
2000
2018
2033
2046
2056
2064
2069
2071
2067
2057
2047
2037
2030
2026
2022
2018
2014
2010
2011
2017
2022
2026
2022
2011
2001
1991
1987
1990
1993
1996
1999
2003
2011
2024
2033
2039
2035
2022
2009
1996
1989
1987
1990
1999
2016
2041
2070
2101
2120
2128
2126
2114
2103
2093
2086
2081
2075
2067
2062
2058
2053
2047
2036
2021
2011
2005
2008
2020
2033
2045
2054
2058
2063
2067
2071
2075
2075
2069
2057
2040
2023
2005
1991
1979
1968
1959
1954
1952
1957
1971
1985
2001
2008
2007
2005
2001
2004
2016
2027
2039
2047
2049
2053
2059
2064
2070
2079
2091
2113
2145
2175
2202
2213
2207
2200
2192
2193
2204
2207
2201
2185
2158
2139
2127
2117
2109
2095
2074
2059
2049
2048
2057
2062
2064
2065
2063
2064
2070
2074
2076
2073
2064
2054
2042
2029
2016
2004
1994
1985
1979
1975
1973
1974
1978
1984
1992
1996
1997
1999
2003
2010
2022
2030
2033
2026
2009
1990
1968
1953
1943
1946
1960
1988
2031
2072
2113
2136
2142
2138
2122
2109
2099
2091
2086
2080
2072
2065
2057
2045
2031
2012
1989
1971
1958
1955
1961
1970
1981
1989
1994
1999
2005
2012
2022
2028
2030
2026
2014
1998
1976
1953
1929
1909
1893
1887
1890
1898
1910
1918
1922
1921
1915
1910
1907
1905
1903
1900
1894
1890
1888
1891
1900
1916
1940
1974
2019
2066
2117
2155
2179
2189
2184
2178
2172
2169
2169
2167
2164
2159
2152
2146
2142
2139
2137
2136
2136
2136
2137
2139
2143
2147
2153
2159
2165
2171
2179
2186
2191
2188
2178
2161
2137
2114
2092
2075
2061
2052
2048
2051
2062
2071
2079
2077
2065
2052
2038
2031
2031
2031
2030
2030
2032
2041
2055
2064
2066
2061
2047
2040
2042
2048
2058
2061
2055
2050
2044
2045
2053
2057
2059
2057
2051
2046
2042
2032
2018
2001
1983
1975
1978
1989
2008
2025
2039
2051
2061
2067
2071
2071
2065
2056
2046
2036
2027
2019
2012
2008
2006
2005
2005
2005
2005
2004
2002
1997
1990
1983
1975
1974
1979
1989
2004
2015
2023
2028
2030
2031
2033
2032
2028
2025
2023
2030
2045
2061
2078
2088
2091
2091
2088
2085
2081
2075
2065
2055
2046
2039
2033
2025
2015
2007
2001
2003
2015
2028
2042
2049
2047
2043
2039
2040
2048
2054
2059
2058
2052
2045
2039
2033
2027
2018
2006
1999
1999
2006
2022
2028
2024
2010
1986
1973
1971
1981
2004
2020
2028
2031
2029
2031
2039
2042
2041
2033
2017
2003
1993
1987
1985
1987
1993
2010
2039
2071
2107
2131
2143
2145
2135
2124
2111
2096
2080
2064
2048
2036
2029
2024
2020
2014
2007
2004
2004
2010
2021
2031
2041
2049
2055
2062
2071
2080
2088
2091
2087
2077
2061
2045
2029
2016
2006
1999
1995
1999
2011
2027
2046
2058
2064
2063
2055
2049
2044
2041
2039
2037
2037
2038
2040
2041
2041
2038
2032
2028
2024
2021
2020
2019
2019
2019
2021
2022
2024
2028
2035
2045
2059
2068
2071
2065
2049
2035
2023
2016
2015
2014
2014
2016
2021
2033
2052
2069
2084
2088
2081
2069
2051
2039
2033
2039
2059
2090
2133
2174
2212
2233
2237
2229
2207
2186
2165
2147
2132
2118
2104
2094
2086
2081
2078
2072
2062
2051
2039
2035
2037
2044
2054
2064
2073
2083
2093
2101
2107
2104
2090
2072
2049
2030
2015
2003
1994
1990
1990
2001
2021
2041
2061
2071
2069
2063
2053
2046
2042
2039
2037
2036
2036
2040
2047
2052
2056
2057
2055
2052
2048
2041
2032
2022
2011
2006
2006
2010
2018
2023
2025
2024
2019
2012
2002
1986
1964
1935
1899
1864
1831
1810
1802
1811
1840
1877
1922
1957
1981
1990
1983
1972
1956
1945
1937
1929
1923
1918
1914
1915
1922
1933
1949
1964
1976
1984
1988
1992
1996
2006
2024
2052
2089
2127
2167
2199
2221
2233
2233
2225
2211
2194
2174
2158
2146
2142
2147
2155
2166
2172
2174
2174
2170
2168
2168
2164
2156
2143
2125
2108
2094
2085
2082
2080
2079
2078
2076
2075
2073
2069
2063
2055
2045
2035
2027
2018
2010
2004
2000
2005
2020
2043
2076
2104
2128
2137
2132
2121
2103
2091
2083
2076
2070
2059
2044
2031
2020
2015
2015
2013
2011
2008
2004
2004
2010
2018
2028
2037
2045
2053
2063
2073
2081
2084
2080
2071
2058
2044
2030
2017
2007
2003
2005
2013
2026
2037
2046
2048
2044
2038
2030
2025
2023
2022
2022
2022
2024
2027
2032
2035
2035
2029
2018
2008
2000
1998
2003
2008
2013
2014
2010
2008
2008
2011
2015
2015
2010
2001
1988
1979
1973
1975
1986
2007
2038
2071
2108
2132
2144
2142
2125
2108
2092
2081
2076
2070
2064
2056
2047
2040
2036
2030
2024
2016
2008
2004
2006
2013
2026
2039
2051
2061
2069
2074
2078
2079
2077
2073
2065
2055
2043
2031
2021
2014
2011
2012
2016
2020
2024
2026
2028
2030
2030
2028
2026
2024
2024
2025
2029
2032
2032
2026
2015
2006
1999
1999
2005
2013
2021
2027
2030
2032
2034
2034
2033
2028
2018
2006
1991
1978
1967
1965
1972
1992
2025
2063
2104
2133
2149
2150
2137
2123
2107
2095
2087
2079
2073
2066
2060
2053
2047
2040
2032
2023
2015
2010
2008
2010
2016
2026
2038
2052
2068
2084
2099
2107
2108
2100
2082
2063
2044
2030
2020
2011
2003
2001
2005
2018
2038
2054
2066
2068
2060
2051
2041
2035
2031
2028
2026
2026
2030
2033
2033
2027
2013
2003
1997
1998
2008
2016
2021
2023
2022
2025
2032
2037
2039
2034
2021
2006
1990
1979
1974
1981
2001
2030
2071
2107
2138
2157
2161
2161
2155
2149
2143
2135
2125
2115
2105
2098
2094
2089
2084
2079
2074
2071
2070
2070
2072
2078
2087
2101
2121
2138
2154
2162
2162
2155
2141
2123
2101
2078
2053
2036
2027
2027
2037
2048
2062
2071
2077
2079
2075
2066
2052
2039
2025
2017
2015
2019
2029
2038
2044
2045
2039
2032
2024
2020
2022
2027
2033
2036
2034
2031
2025
2021
2019
2016
2010
2000
1985
1970
1955
1949
1953
1971
2004
2045
2094
2131
2156
2165
2156
2144
2130
2120
2114
2108
2100
2092
2084
2079
2077
2074
2070
2063
2054
2047
2043
2039
2035
2034
2036
2044
2059
2074
2090
2099
2101
2097
2087
2072
2050
2023
1989
1960
1937
1926
1928
1932
1936
1936
1932
1928
1924
1917
1909
1893
1871
1852
1836
1831
1839
1851
1869
1883
1893
1900
1902
1901
1895
1885
1873
1865
1861
1867
1883
1910
1947
1995
2056
2119
2186
2235
2267
2277
2265
2247
2223
2206
2194
2186
2182
2180
2180
2179
2179
2176
2170
2164
2158
2154
2151
2146
2138
2133
2131
2138
2152
2166
2178
2183
2179
2171
2158
2140
2115
2089
2060
2039
2026
2023
2030
2041
2057
2070
2082
2084
2076
2062
2040
2024
2016
2015
2022
2025
2024
2022
2018
2019
2027
2034
2040
2038
2028
2018
2006
1998
1993
1994
2002
2017
2042
2066
2090
2102
2102
2096
2084
2076
2072
2069
2065
2058
2049
2042
2036
2029
2021
2009
1994
1986
1984
1991
2008
2023
2037
2047
2051
2056
2062
2066
2068
2063
2053
2043
2033
2027
2023
2018
2013
2010
2008
2011
2019
2026
2034
2038
2036
2032
2026
2022
2020
2019
2019
2016
2011
2007
2003
2002
2004
2007
2011
2014
2015
2017
2021
2024
2026
2020
2007
1992
1975
1965
1963
1968
1980
2001
2030
2064
2103
2131
2147
2145
2125
2104
2082
2069
2064
2059
2053
2046
2039
2036
2036
2034
2029
2021
2009
2005
2008
2017
2033
2046
2057
2065
2071
2077
2081
2082
2078
2070
2058
2045
2033
2022
2012
2005
2001
2001
2006
2015
2029
2040
2046
2045
2037
2029
2023
2022
2028
2032
2033
2027
2013
2002
1994
1992
1998
2004
2010
2014
2018
2023
2031
2035
2035
2029
2015
2000
1985
1975
1970
1970
1976
1991
2016
2048
2088
2121
2147
2156
2146
2131
2109
2092
2080
2070
2061
2052
2043
2040
2042
2045
2048
2044
2033
2025
2019
2022
2036
2051
2067
2077
2083
2092
2104
2116
2128
2130
2124
2112
2094
2079
2066
2057
2051
2052
2060
2076
2099
2119
2137
2144
2138
2127
2111
2100
2094
2090
2089
2084
2074
2064
2052
2046
2046
2050
2058
2063
2067
2070
2072
2072
2070
2063
2052
2038
2021
2004
1988
1974
1964
1963
1973
1998
2038
2079
2121
2146
2152
2147
2129
2114
2103
2095
2090
2082
2072
2065
2061
2059
2061
2055
2041
2024
2004
1994
1992
1995
2003
2009
2011
2016
2023
2032
2044
2048
2045
2035
2017
1999
1981
1964
1950
1939
1932
1931
1937
1943
1948
1947
1939
1928
1915
1904
1894
1885
1877
1873
1874
1882
1898
1914
1930
1939
1940
1937
1929
1920
1910
1897
1883
1873
1868
1878
1903
1943
2000
2060
2123
2177
2222
2249
2259
2256
2240
2222
2202
2187
2179
2173
2171
2166
2160
2151
2140
2130
2122
2116
2114
2113
2114
2117
2122
2131
2145
2161
2179
2191
2197
2192
2175
2152
2122
2095
2070
2051
2037
2029
2027
2034
2049
2065
2082
2089
2085
2071
2049
2031
2017
2011
2013
2017
2021
2024
2026
2028
2029
2029
2029
2028
2028
2025
2020
2011
1999
1991
1987
1997
2020
2047
2080
2105
2123
2129
2125
2114
2096
2078
2060
2048
2040
2036
2034
2032
2028
2024
2018
2013
2008
2006
2007
2012
2022
2031
2041
2050
2057
2065
2075
2081
2085
2081
2071
2058
2042
2027
2015
2005
1997
1996
2002
2012
2027
2038
2044
2044
2037
2031
2025
2023
2023
2024
2024
2022
2018
2015
2011
2008
2006
2006
2008
2010
2012
2016
2020
2024
2026
2022
2010
1996
1979
1968
1962
1966
1978
1999
2029
2064
2105
2135
2154
2155
2138
2118
2095
2079
2071
2062
2052
2043
2034
2031
2035
2036
2032
2022
2006
1997
1996
2004
2022
2038
2051
2062
2070
2080
2091
2097
2097
2089
2073
2057
2039
2024
2012
2004
2001
2003
2011
2021
2033
2042
2048
2051
2051
2047
2041
2035
2030
2028
2028
2028
2030
2030
2030
2027
2023
2016
2006
1999
1995
1995
2001
2006
2010
2012
2011
2015
2023
2033
2045
2048
2043
2031
2011
1992
1974
1963
1960
1973
2004
2045
2096
2136
2163
2169
2155
2136
2114
2099
2091
2082
2074
2063
2049
2039
2032
2027
2025
2022
2018
2018
2022
2030
2040
2049
2057
2064
2071
2080
2091
2097
2099
2092
2078
2061
2041
2024
2010
2002
2000
2005
2019
2034
2052
2063
2066
2062
2052
2043
2035
2032
2032
2032
2032
2033
2034
2035
2035
2033
2029
2026
2024
2024
2028
2028
2024
2014
2000
1992
1990
1998
2015
2030
2043
2052
2057
2062
2068
2067
2059
2042
2015
1989
1964
1948
1942
1951
1974
2011
2064
2117
2172
2207
2221
2217
2194
2171
2148
2130
2118
2106
2095
2086
2079
2074
2070
2067
2063
2060
2060
2062
2067
2071
2075
2082
2091
2105
2125
2142
2157
2162
2156
2142
2119
2094
2065
2042
2024
2017
2021
2034
2055
2073
2089
2095
2091
2082
2067
2054
2044
2038
2036
2035
2035
2036
2039
2045
2055
2060
2060
2053
2039
2028
2020
2019
2027
2033
2039
2042
2042
2046
2053
2059
2063
2059
2046
2027
2001
1976
1953
1938
1932
1942
1969
2010
2063
2109
2148
2166
2162
2149
2126
2106
2088
2073
2059
2046
2034
2025
2019
2013
2005
1994
1978
1963
1949
1940
1934
1931
1931
1936
1945
1957
1972
1981
1985
1980
1968
1952
1934
1916
1898
1883
1871
1866
1868
1879
1898
1916
1932
1943
1949
1956
1964
1975
1989
1998
2001
2002
2002
2010
2028
2051
2080
2104
2122
2137
2149
2160
2168
2169
2161
2148
2128
2112
2098
2091
2091
2099
2117
2145
2186
2224
2260
2277
2274
2257
2226
2198
2176
2160
2150
2137
2120
2100
2077
2062
2055
2055
2063
2066
2064
2055
2040
2028
2020
2021
2032
2049
2071
2090
2104
2110
2106
2096
2078
2057
2035
2016
2000
1993
1995
2003
2019
2032
2044
2049
2049
2047
2043
2041
2039
2037
2033
2029
2023
2020
2018
2018
2021
2023
2025
2027
2027
2027
2028
2029
2029
2027
2023
2016
2008
2001
1996
1995
1997
2005
2018
2038
2065
2092
2119
2135
2138
2129
2107
2086
2068
2056
2050
2043
2036
2028
2018
2012
2008
2003
1997
1991
1983
1981
1987
1999
2017
2031
2041
2049
2055
2063
2072
2076
2075
2067
2053
2039
2027
2017
2009
2004
2000
2003
2013
2025
2040
2048
2050
2048
2040
2033
2029
2027
2029
2032
2034
2035
2034
2033
2031
2031
2035
2037
2037
2030
2018
2006
1995
1992
1996
2002
2008
2012
2014
2018
2024
2031
2039
2041
2037
2027
2013
1996
1976
1959
1946
1949
1967
2002
2053
2101
2146
2170
2174
2165
2144
2125
2108
2092
2076
2061
2045
2036
2033
2033
2037
2035
2027
2020
2013
2014
2023
2032
2040
2045
2047
2054
2065
2076
2088
2091
2085
2076
2062
2049
2037
2024
2010
2001
1997
2003
2019
2037
2056
2067
2070
2067
2058
2049
2040
2033
2028
2025
2024
2025
2028
2030
2032
2032
2030
2028
2027
2029
2034
2037
2037
2030
2016
2005
1996
1995
2003
2014
2028
2038
2046
2053
2057
2058
2055
2044
2025
2004
1980
1962
1950
1946
1949
1964
1991
2032
2087
2137
2181
2200
2194
2174
2141
2116
2098
2086
2078
2069
2057
2050
2046
2045
2047
2044
2036
2030
2027
2032
2045
2058
2070
2083
2095
2112
2134
2149
2159
2157
2142
2124
2102
2084
2068
2055
2044
2040
2044
2057
2079
2101
2121
2133
2136
2133
2123
2112
2098
2085
2074
2068
2066
2066
2070
2073
2073
2070
2062
2054
2047
2044
2045
2047
2051
2054
2054
2055
2057
2061
2067
2067
2062
2047
2022
1994
1964
1941
1926
1926
1942
1972
2018
2063
2106
2131
2135
2128
2108
2093
2083
2075
2069
2059
2043
2030
2019
2012
2010
2006
2000
1993
1987
1984
1986
1988
1990
1992
1996
2004
2018
2029
2039
2040
2034
2024
2011
1997
1981
1965
1947
1934
1928
1927
1932
1933
1929
1921
1910
1903
1901
1897
1891
1882
1868
1862
1864
1878
1905
1931
1956
1976
1992
2004
2013
2015
2010
2001
1987
1981
1983
1995
2016
2045
2082
2127
2182
2234
2283
2310
2316
2306
2278
2251
2224
2204
2191
2181
2175
2169
2164
2159
2153
2147
2141
2136
2132
2124
2112
2098
2080
2067
2059
2062
2075
2092
2114
2130
2140
2139
2127
2107
2080
2054
2028
2009
1997
1996
2006
2021
2041
2056
2065
2066
2059
2050
2039
2028
2016
2005
1996
1993
1996
2002
2011
2017
2020
2022
2023
2024
2024
2022
2016
2007
1995
1984
1976
1973
1977
1990
2015
2047
2086
2116
2136
2142
2132
2117
2098
2083
2073
2063
2055
2047
2040
2037
2038
2037
2033
2025
2012
2003
