2053
2053
2051
2054
2064
2077
2095
2112
2125
2135
2140
2147
2155
2162
2167
2167
2162
2153
2140
2126
2109
2095
2085
2081
2086
2090
2095
2094
2084
2072
2055
2041
2029
2020
2017
2017
2020
2024
2029
2034
2039
2045
2051
2056
2060
2064
2066
2068
2070
2070
2066
2061
2054
2050
2051
2055
2063
2068
2069
2068
2064
2060
2057
2054
2052
2050
2048
2046
2044
2041
2037
2034
2032
2032
2037
2041
2044
2046
2045
2044
2043
2042
2041
2040
2040
2040
2041
2042
2042
2043
2046
2051
2059
2067
2074
2078
2078
2078
2080
2085
2092
2097
2098
2097
2094
2093
2097
2103
2113
2122
2130
2136
2139
2138
2133
2127
2120
2114
2109
2102
2090
2075
2053
2033
2016
2003
1996
1988
1980
1973
1966
1960
1958
1956
1954
1954
1959
1968
1985
2001
2013
2021
2021
2019
2016
2012
2007
2002
1999
2002
2017
2032
2048
2054
2044
2034
2022
2018
2028
2036
2042
2040
2027
2016
2007
2003
2006
2009
2011
2011
2009
2003
1991
1972
1945
1918
1893
1875
1868
1864
1864
1863
1861
1865
1876
1891
1913
1934
1954
1976
1999
2026
2059
2093
2130
2163
2191
2213
2226
2235
2236
2237
2239
2246
2261
2280
2302
2322
2337
2346
2348
2346
2341
2338
2336
2336
2338
2333
2320
2299
2266
2230
2193
2161
2137
2117
2104
2092
2082
2074
2067
2062
2059
2056
2056
2057
2061
2068
2078
2087
2097
2101
2098
2092
2082
2078
2081
2089
2106
2118
2123
2120
2106
2091
2075
2061
2049
2036
2019
2000
1979
1960
1944
1930
1918
1905
1890
1873
1855
1838
1824
1811
1799
1785
1769
1750
1727
1701
1669
1638
1609
1591
1589
1600
1628
1657
1687
1712
1727
1739
1745
1751
1758
1770
1791
1820
1860
1903
1950
1992
2029
2062
2089
2112
2129
2140
2142
2140
2132
2122
2110
2104
2104
2111
2129
2146
2160
2167
2162
2165
2180
2210
2264
2310
2345
2349
2307
2247
2163
2088
2026
1980
1956
1941
1941
1947
1964
1986
2015
2046
2080
2113
2143
2166
2178
2181
2174
2169
2169
2175
2192
2206
2216
2220
2218
2217
2217
2215
2212
2202
2182
2159
2134
2114
2103
2094
2088
2075
2053
2026
1993
1963
1938
1917
1901
1888
1879
1879
1891
1910
1940
1966
1986
2005
2022
2044
2073
2095
2105
2105
2089
2080
2082
2092
2114
2125
2121
2107
2079
2056
2043
2037
2044
2055
2070
2088
2110
2127
2137
2141
2134
2130
2132
2142
2167
2190
2212
2224
2219
2210
2195
2185
2183
2185
2192
2196
2194
2191
2186
2180
2175
2163
2139
2107
2064
2029
2007
2001
2019
2044
2079
2111
2139
2165
2189
2215
2243
2267
2282
2272
2225
2149
2032
1929
1845
1809
1842
1891
1965
2011
2015
2005
1974
1962
1977
1997
2022
2027
2000
1968
1927
1902
1900
1906
1921
1930
1928
1920
1905
1888
1868
1844
1817
1790
1763
1741
1724
1712
1708
1710
1722
1738
1758
1774
1782
1782
1772
1752
1719
1669
1594
1508
1405
1311
1231
1163
1115
1072
1036
1009
997
1000
1027
1066
1121
1190
1278
1381
1507
1631
1753
1860
1947
2031
2111
2196
2288
2372
2446
2506
2547
2582
2609
2631
2643
2640
2615
2578
2525
2484
2461
2459
2488
2523
2568
2622
2692
2794
2943
3091
3237
3312
3281
3189
3005
2821
2637
2450
2259
2046
1802
1575
1372
1195
1058
936
837
812
896
1067
1368
1630
1835
1937
1887
1839
1795
1843
2025
2256
2562
2829
3040
3164
3159
3119
3025
2991
3048
3134
3263
3291
3169
2949
2584
2246
1949
1729
1624
1555
1542
1541
1558
1566
1561
1522
1432
1344
1257
1235
1308
1404
1533
1570
1468
1291
1001
791
699
735
961
1189
1420
1564
1579
1548
1448
1348
1251
1157
1070
992
930
886
871
866
876
893
921
974
1061
1172
1321
1473
1632
1797
1970
2155
2356
2520
2629
2669
2607
2576
2591
2742
3096
3466
3859
4095
4095
4095
4095
3995
3747
3486
3203
2979
2843
2761
2759
2772
2807
2814
2778
2714
2610
2517
2441
2389
2373
2347
2307
2233
2109
1972
1817
1673
1544
1415
1284
1156
1029
946
926
962
1081
1209
1350
1463
1537
1591
1615
1630
1632
1637
1646
1671
1718
1759
1791
1787
1731
1662
1575
1509
1476
1462
1476
1499
1534
1574
1619
1648
1655
1647
1615
1587
1567
1540
1505
1444
1343
1242
1142
1083
1084
1118
1200
1272
1327
1350
1327
1294
1245
1208
1188
1185
1205
1271
1404
1614
1937
2295
2705
3084
3419
3714
3950
4092
4094
4095
4095
4095
4095
4095
4095
4095
4095
4095
4095
4095
4095
4079
4040
3770
3159
2584
2064
1608
1246
947
741
574
464
354
242
140
52
0
0
0
0
33
115
239
426
626
845
1037
1189
1312
1389
1470
1556
1654
1771
1883
1988
2081
2155
2214
2249
2268
2265
2259
2249
2248
2261
2283
2316
2344
2366
2372
2357
2327
2275
2216
2149
2089
2042
2017
2027
2061
2133
2209
2293
2355
2383
2381
2333
2271
2189
2118
2063
2031
2031
2042
2071
2101
2133
2168
2206
2243
2278
2300
2300
2280
2230
2168
2086
2006
1927
1858
1805
1762
1734
1715
1712
1731
1781
1856
1968
2083
2205
2308
2383
2433
2443
2430
2383
2326
2254
2188
2128
2079
2046
2027
2029
2047
2088
2131
2176
2207
2215
2208
2178
2145
2107
2074
2051
2035
2030
2033
2046
2073
2119
2175
2247
2306
2346
2353
2312
2251
2161
2076
2001
1945
1917
1902
1908
1910
1907
1890
1850
1809
1765
1734
1721
1711
1706
1693
1670
1654
1647
1666
1722
1801
1915
2036
2168
2296
2416
2526
2620
2702
2765
2818
2855
2886
2908
2920
2918
2890
2825
2728
2585
2434
2270
2132
2035
1977
1977
2003
2070
2140
2214
2267
2289
2287
2252
2210
2160
2109
2056
1999
1937
1889
1862
1862
1903
1946
1991
2014
2003
1980
1939
1905
1882
1873
1886
1910
1951
1986
2013
2017
1987
1944
1880
1831
1802
1797
1827
1859
1896
1926
1944
1983
2055
2155
2299
2411
2476
2468
2351
2211
2036
1895
1805
1749
1743
1760
1810
1879
1976
2068
2155
2223
2265
2306
2344
2387
2434
2466
2474
2462
2417
2368
2312
2262
2222
2182
2143
2099
2049
2007
1978
1968
1988
2006
2023
2007
1943
1856
1733
1626
1541
1497
1514
1566
1672
1790
1926
2046
2145
2219
2254
2269
2253
2220
2160
2089
2000
1924
1867
1843
1868
1914
1993
2068
2140
2198
2233
2250
2242
2223
2187
2153
2123
2100
2088
2079
2072
2066
2059
2054
2052
2048
2043
2036
2027
2020
2017
2016
2019
2024
2032
2043
2058
2074
2093
2113
2134
2155
2177
2193
2202
2203
2193
2178
2158
2138
2117
2097
2079
2065
2058
2061
2076
2097
2129
2157
2180
2192
2187
2176
2158
2146
2143
2142
2143
2136
2116
2093
2065
2040
2023
2011
2008
2010
2019
2031
2046
2061
2074
2086
2096
2104
2109
2107
2095
2081
2063
2053
2056
2067
2090
2112
2130
2141
2141
2134
2118
2101
2082
2067
2058
2051
2049
2045
2039
2032
2022
2009
1991
1969
1939
1913
1892
1879
1877
1879
1885
1895
1912
1937
1973
2007
2038
2058
2063
2060
2045
2024
1993
1956
1911
1873
1843
1826
1828
1838
1860
1888
1925
1965
2007
2039
2055
2056
2034
2008
1975
1946
1921
1902
1891
1888
1895
1903
1912
1912
1897
1877
1850
1831
1824
1829
1850
1871
1893
1903
1895
1879
1851
1832
1830
1848
1895
1946
2003
2048
2075
2095
2107
2121
2141
2163
2190
2223
2266
2314
2369
2408
2423
2414
2369
2322
2273
2248
2258
2292
2363
2443
2535
2605
2643
2645
2595
2551
2517
2530
2613
2702
2800
2841
2797
2717
2583
2473
2396
2343
2323
2296
2258
2222
2190
2182
2209
2242
2284
2300
2279
2232
2145
2052
1953
1867
1800
1747
1715
1685
1659
1626
1583
1537
1485
1441
1407
1381
1366
1354
1346
1339
1336
1334
1336
1339
1346
1365
1402
1455
1534
1619
1711
1795
1867
1932
1984
2034
2080
2125
2170
2217
2269
2320
2371
2413
2442
2457
2452
2430
2384
2321
2233
2140
2038
1949
1877
1827
1810
1818
1864
1928
2020
2108
2193
2258
2295
2317
2317
2312
2300
2286
2267
2244
2215
2183
2148
2113
2081
2057
2047
2048
2064
2081
2098
2110
2112
2113
2112
2115
2122
2133
2149
2170
2198
2228
2258
2280
2290
2294
2289
2286
2284
2277
2260
2229
2174
2114
2045
1984
1934
1892
1862
1837
1818
1803
1793
1785
1780
1777
1778
1788
1810
1842
1889
1942
2002
2065
2132
2193
2246
2280
2285
2265
2209
2143
2062
1990
1932
1889
1869
1859
1864
1869
1876
1877
1870
1861
1847
1841
1846
1858
1883
1902
1914
1918
1911
1912
1923
1946
1986
2027
2070
2107
2133
2150
2152
2144
2120
2093
2063
2043
2038
2040
2052
2053
2039
2008
1951
1892
1829
1781
1756
1749
1771
1805
1856
1911
1973
2033
2090
2138
2171
2193
2198
2195
2183
2169
2152
2137
2126
2126
2143
2178
2238
2304
2381
2451
2509
2558
2593
2623
2648
2668
2683
2692
2693
2692
2689
2685
2680
2665
2636
2588
2511
2418
2301
2184
2068
1965
1880
1807
1752
1705
1668
1638
1619
1611
1619
1644
1696
1762
1850
1928
1992
2023
2008
1971
1900
1832
1767
1719
1696
1687
1702
1723
1753
1782
1810
1837
1862
1883
1898
1907
1909
1910
1912
1914
1914
1901
1871
1831
1779
1737
1712
1707
1732
1773
1840
1911
1990
2055
2099
2122
2112
2095
2067
2043
2025
2012
2005
2006
2016
2031
2056
2077
2093
2105
2112
2126
2149
2180
2220
2253
2278
2290
2285
2282
2282
2298
2339
2389
2451
2502
2537
2556
2552
2535
2500
2445
2363
2262
2134
2010
1893
1803
1756
1733
1745
1754
1757
1743
1701
1656
1606
1577
1579
1614
1701
1814
1966
2108
2233
2304
2294
2234
2098
1955
1802
1671
1574
1504
1472
1466
1500
1549
1621
1678
1712
1718
1683
1644
1600
1579
1591
1624
1686
1750
1817
1876
1925
1970
2008
2042
2067
2083
2085
2082
2070
2054
2034
2010
1980
1955
1939
1938
1959
1983
2012
2042
2074
2137
2249
2401
2614
2827
3039
3212
3327
3399
3406
3370
3270
3139
2960
2780
2599
2431
2282
2139
2004
1891
1811
1776
1808
1860
1940
1992
2002
1986
1932
1890
1863
1857
1879
1904
1932
1949
1950
1936
1899
1842
1757
1653
1521
1393
1270
1191
1177
1222
1354
1514
1716
1911
2096
2260
2394
2498
2558
2585
2563
2523
2454
2383
2308
2249
2214
2207
2241
2284
2340
2369
2357
2316
2231
2144
2053
1979
1932
1913
1937
1986
2072
2155
2234
2283
2287
2261
2191
2106
2001
1897
1796
1712
1653
1623
1638
1678
1756
1831
1902
1942
1935
1905
1839
1776
1718
1678
1664
1673
1717
1786
1892
2011
2150
2283
2409
2519
2604
2672
2715
2755
2792
2836
2891
2941
2984
3022
3052
3097
3166
3243
3331
3386
3392
3352
3243
3115
2959
2813
2683
2575
2498
2432
2383
2327
2262
2182
2080
1958
1806
1631
1420
1202
972
760
573
417
307
231
208
215
268
331
411
479
531
567
577
576
559
542
525
522
539
575
639
719
824
942
1080
1227
1386
1554
1735
1923
2123
2317
2503
2667
2801
2917
3007
3089
3159
3222
3277
3330
3380
3436
3500
3565
3630
3682
3714
3725
3705
3667
3602
3526
3434
3333
3221
3100
2968
2839
2713
2602
2514
2441
2391
2348
2316
2292
2280
2278
2290
2300
2309
2308
2291
2265
2223
2173
2111
2046
1974
1904
1838
1784
1747
1726
1729
1740
1764
1784
1798
1806
1806
1805
1804
1800
1792
1775
1748
1717
1682
1646
1611
1578
1548
1523
1508
1500
1503
1512
1527
1549
1581
1621
1676
1740
1818
1909
2018
2135
2263
2376
2466
2532
2561
2582
2592
2608
2635
2667
2709
2753
2801
2844
2881
2903
2903
2887
2847
2795
2725
2645
2549
2457
2372
2308
2274
2256
2262
2273
2290
2311
2338
2362
2384
2392
2380
2355
2308
2251
2178
2094
1995
1893
1786
1689
1605
1534
1480
1433
1397
1368
1351
1346
1361
1391
1443
1500
1564
1622
1670
1716
1760
1803
1845
1874
1884
1880
1857
1839
1828
1825
1834
1842
1849
1863
1888
1928
1991
2052
2111
2154
2174
2189
2194
2202
2214
2224
2233
2239
2240
2236
2226
2213
2197
2190
2197
2209
2229
2236
2223
2199
2159
2131
2121
2121
2136
2140
2130
2115
2090
2074
2069
2070
2078
2085
2088
2088
2086
2083
2079
2075
2071
2066
2061
2053
2042
2032
2024
2019
2019
2017
2015
2012
2009
2013
2026
2043
2065
2083
2093
2098
2096
2095
2095
2093
2089
2082
2070
2060
2050
2044
2044
2046
2052
2059
2068
2077
2087
2093
2093
2090
2081
2072
2064
2057
2054
2051
2049
2050
2054
2060
2070
2079
2087
2094
2099
2104
2109
2115
2122
2126
2126
2126
2125
2127
2132
2138
2145
2150
2152
2152
2150
2149
2151
2153
2153
2149
2142
2134
2126
2119
2115
2110
2104
2097
2087
2080
2075
2073
2073
2071
2069
2064
2057
2048
2036
2023
2009
1996
1986
1977
1972
1965
1958
1950
1941
1934
1931
1929
1931
1931
1931
1929
1927
1926
1927
1931
1939
1948
1960
1971
1978
1982
1982
1981
1979
1976
1973
1967
1959
1951
1946
1944
1947
1951
1955
1957
1957
1956
1954
1951
1946
1942
1937
1936
1939
1944
1952
1962
1973
1987
2005
2025
2045
2060
2070
2076
2076
2076
2077
2079
2081
2083
2085
2087
2087
2087
2086
2084
2082
2078
2073
2066
2058
2050
2043
2038
2035
2030
2020
2008
1991
1976
1966
1961
1963
1966
1969
1969
1964
1960
1955
1954
1957
1960
1963
1964
1962
1960
1960
1961
1964
1968
1971
1976
1983
1992
2003
2011
2014
2014
2008
2003
2001
2001
2004
2007
2007
2006
2005
2006
2008
2010
2011
2010
2008
2005
2002
1998
1996
1993
1990
1987
1986
1988
1993
1998
2005
2011
2015
2017
2015
2012
2008
2004
2001
1999
1999
1999
2000
2002
2006
2011
2016
2020
2022
2024
2024
2025
2026
2027
2028
2027
2023
2017
2009
2002
1995
1988
1983
1979
1976
1975
1977
1981
1987
1991
1993
1993
1991
1990
1992
1996
2001
2004
2006
2006
2006
2008
2014
2021
2031
2039
2046
2050
2052
2053
2051
2049
2044
2040
2037
2035
2035
2035
2035
2036
2036
2035
2034
2032
2029
2027
2026
2025
2023
2018
2011
2004
1999
1997
2002
2007
2012
2014
2012
2009
2006
2002
2000
1996
1989
1982
1977
1974
1976
1980
1985
1989
1993
1995
1993
1990
1983
1979
1979
1982
1990
1996
1997
1994
1984
1975
1967
1960
1958
1958
1962
1968
1976
1981
1983
1982
1979
1979
1983
1988
1995
2000
2002
2005
2008
2013
2020
2026
2033
2040
2049
2057
2062
2064
2060
2056
2051
2049
2050
2050
2049
2048
2046
2048
2053
2057
2059
2061
2061
2061
2063
2063
2060
2053
2043
2035
2031
2031
2036
2042
2047
2053
2058
2064
2069
2071
2070
2067
2061
2057
2055
2054
2054
2053
2051
2050
2050
2051
2054
2056
2058
2057
2054
2051
2049
2048
2050
2049
2045
2037
2024
2011
1999
1992
1990
1990
1992
1995
1997
2000
2003
2005
2007
2008
2008
2008
2008
2009
2011
2013
2015
2017
2019
2021
2026
2032
2042
2051
2060
2066
2066
2064
2059
2055
2052
2050
2050
2049
2049
2049
2051
2053
2056
2057
2056
2053
2048
2041
2033
2025
2015
2007
2001
1998
2000
2004
2010
2016
2021
2025
2030
2034
2036
2036
2033
2028
2022
2019
2019
2020
2023
2027
2030
2032
2034
2036
2039
2041
2042
2041
2038
2035
2033
2033
2036
2037
2035
2029
2017
2005
1995
1990
1990
1992
1994
1996
1996
1998
2000
2001
2001
2000
1999
2000
2004
2008
2010
2011
2009
2011
2016
2024
2036
2046
2053
2059
2064
2068
2073
2075
2073
2071
2066
2063
2061
2061
2061
2060
2058
2058
2058
2057
2056
2054
2051
2046
2040
2034
2027
2022
2020
2019
2021
2023
2025
2028
2033
2039
2048
2055
2058
2058
2051
2046
2042
2039
2037
2035
2030
2027
2026
2027
2032
2035
2036
2036
2036
2036
2038
2040
2040
2038
2036
2035
2035
2035
2033
2027
2017
2007
1997
1992
1992
1994
1997
1999
1998
1997
1996
1997
2002
2007
2012
2015
2015
2017
2020
2025
2030
2033
2035
2037
2039
2044
2054
2062
2069
2073
2073
2072
2072
2071
2071
2070
2068
2068
2068
2069
2069
2068
2066
2064
2064
2062
2059
2053
2041
2031
2021
2016
2016
2017
2022
2026
2031
2035
2040
2044
2048
2052
2057
2060
2062
2061
2055
2048
2040
2034
2032
2033
2035
2037
2038
2039
2041
2043
2045
2046
2046
2045
2044
2044
2044
2044
2044
2042
2039
2034
2026
2016
2004
1996
1991
1990
1993
1996
1999
2003
2006
2010
2015
2018
2018
2015
2010
2008
2008
2011
2017
2022
2025
2029
2033
2040
2050
2060
2068
2075
2077
2079
2079
2078
2077
2075
2072
2069
2067
2065
2065
2065
2065
2065
2066
2065
2063
2059
2053
2048
2043
2039
2034
2029
2022
2018
2017
2020
2030
2039
2046
2051
2052
2053
2055
2055
2054
2052
2048
2046
2047
2048
2050
2049
2044
2041
2039
2039
2044
2048
2051
2054
2054
2053
2052
2050
2045
2041
2038
2038
2041
2041
2039
2032
2020
2009
2001
1997
1997
1999
2002
2005
2009
2012
2014
2013
2010
2007
2007
2008
2013
2017
2019
2021
2021
2024
2029
2036
2043
2050
2057
2064
2072
2080
2085
2087
2084
2079
2072
2067
2065
2065
2066
2066
2064
2064
2064
2064
2066
2065
2063
2059
2052
2045
2038
2033
2030
2028
2028
2029
2032
2036
2043
2049
2053
2054
2051
2048
2043
2040
2040
2040
2042
2043
2043
2042
2040
2039
2037
2038
2040
2043
2047
2050
2052
2052
2050
2050
2050
2051
2051
2050
2048
2046
2044
2040
2035
2029
2021
2012
2005
2000
1998
1999
2004
2009
2014
2017
2017
2016
2016
2017
2020
2023
2024
2023
2021
2021
2023
2027
2034
2041
2046
2052
2059
2065
2072
2076
2077
2078
2079
2081
2084
2084
2079
2071
2059
2051
2051
2054
2062
2067
2066
2063
2056
2052
2050
2047
2041
2034
2024
2019
2021
2025
2032
2037
2037
2038
2040
2044
2051
2055
2055
2052
2047
2044
2046
2049
2051
2051
2048
2045
2044
2045
2048
2048
2046
2043
2040
2040
2045
2049
2054
2055
2052
2049
2046
2044
2046
2047
2049
2048
2045
2038
2026
2014
2001
1992
1989
1991
1999
2006
2013
2016
2015
2014
2012
2012
2015
2019
2023
2026
2028
2029
2031
2033
2036
2040
2044
2049
2055
2061
2068
2073
2075
2075
2073
2072
2072
2072
2072
2072
2070
2069
2069
2069
2070
2069
2066
2062
2057
2053
2051
2047
2041
2035
2030
2027
2029
2032
2035
2038
2038
2040
2043
2047
2052
2054
2053
2052
2050
2051
2054
2057
2060
2062
2062
2062
2062
2062
2064
2065
2067
2069
2069
2069
2069
2071
2075
2078
2080
2080
2078
2077
2077
2077
2079
2077
2069
2058
2043
2030
2022
2017
2016
2015
2013
2013
2013
2015
2020
2025
2027
2027
2022
2018
2013
2011
2011
2012
2014
2018
2025
2032
2041
2050
2059
2068
2075
2080
2081
2079
2072
2066
2060
2057
2057
2058
2060
2062
2063
2065
2067
2068
2067
2064
2058
2052
2045
2039
2032
2025
2018
2012
2009
2008
2010
2010
2010
2009
2009
2011
2016
2022
2027
2030
2028
2025
2021
2019
2021
2023
2026
2029
2029
2028
2026
2025
2025
2025
2027
2030
2034
2039
2046
2051
2054
2058
2063
2070
2080
2089
2097
2103
2103
2102
2099
2096
2092
2087
2082
2078
2073
2068
2062
2057
2052
2052
2057
2064
2076
2085
2092
2097
2099
2098
2093
2086
2076
2069
2069
2074
2086
2096
2101
2101
2096
2094
2094
2092
2089
2082
2067
2053
2040
2032
2031
2032
2035
2038
2043
2046
2048
2046
2041
2037
2033
2031
2033
2033
2032
2031
2029
2030
2033
2037
2040
2043
2045
2047
2050
2053
2056
2058
2058
2057
2055
2053
2048
2043
2037
2032
2030
2029
2030
2029
2027
2024
2020
2016
2013
2010
2005
2000
1995
1991
1989
1985
1980
1974
1964
1955
1947
1940
1934
1929
1926
1926
1933
1941
1951
1957
1957
1955
1952
1953
1958
1964
1971
1976
1980
1986
1996
2007
2021
2035
2048
2062
2077
2089
2097
2101
2097
2093
2089
2087
2088
2089
2091
2095
2102
2110
2118
2123
2122
2119
2112
2106
2103
2098
2091
2083
2074
2069
2069
2073
2081
2087
2091
2094
2096
2099
2102
2105
2105
2104
2102
2099
2096
2092
2087
2081
2076
2073
2074
2076
2079
2080
2078
2076
2073
2070
2067
2062
2056
2052
2051
2053
2060
2063
2063
2056
2040
2024
2007
1994
1989
1986
1988
1991
1996
2000
2003
2004
2003
2003
2005
2008
2013
2016
2016
2014
2012
2012
2017
2022
2028
2033
2035
2039
2045
2052
2061
2067
2068
2066
2059
2052
2047
2044
2046
2049
2053
2055
2054
2052
2047
2043
2041
2039
2037
2035
2032
2027
2022
2018
2015
2012
2011
2013
2020
2027
2034
2039
2039
2039
2038
2039
2041
2043
2043
2041
2038
2035
2034
2034
2035
2036
2036
2037
2037
2038
2039
2040
2042
2043
2045
2045
2043
2041
2039
2040
2042
2044
2044
2039
2027
2015
2002
1992
1987
1985
1987
1990
1992
1995
1997
2000
2005
2010
2016
2021
2024
2026
2024
2022
2019
2019
2021
2025
2030
2037
2044
2052
2062
2070
2077
2081
2081
2081
2079
2076
2071
2065
2058
2052
2050
2049
2051
2053
2053
2055
2058
2060
2062
2059
2051
2041
2031
2025
2025
2027
2032
2035
2036
2037
2038
2039
2040
2041
2042
2044
2047
2049
2049
2047
2040
2035
2032
2033
2039
2045
2050
2053
2055
2057
2060
2062
2064
2065
2063
2061
2061
2062
2066
2070
2073
2075
2075
2073
2070
2066
2059
2053
2048
2046
2051
2058
2070
2081
2090
2097
2102
2105
2107
2106
2101
2095
2085
2078
2075
2073
2071
2068
2061
2056
2054
2054
2057
2059
2057
2055
2052
2049
2049
2047
2044
2040
2035
2032
2032
2032
2034
2036
2036
2036
2035
2033
2030
2026
2022
2019
2017
2017
2019
2022
2025
2029
2034
2039
2044
2048
2053
2057
2060
2060
2057
2053
2048
2047
2049
2052
2055
2055
2049
2043
2036
2033
2036
2041
2049
2054
2055
2053
2048
2043
2041
2041
2045
2050
2055
2056
2054
2048
2036
2024
2014
2009
2012
2019
2030
2038
2041
2041
2037
2034
2034
2033
2033
2031
2028
2026
2026
2029
2034
2040
2045
2052
2060
2069
2081
2091
2098
2101
2099
2096
2092
2089
2087
2084
2081
2078
2075
2073
2071
2070
2068
2066
2064
2062
2060
2058
2056
2055
2053
2052
2050
2049
2047
2047
2047
2051
2059
2069
2081
2091
2097
2099
2094
2089
2082
2077
2074
2071
2068
2064
2059
2056
2054
2053
2055
2059
2066
2074
2081
2085
2083
2079
2072
2063
2053
2038
2016
1992
1966
1948
1941
1936
1935
1930
1920
1915
1918
1928
1950
1967
1974
1976
1971
1972
1983
1998
2018
2037
2053
2072
2094
2117
2142
2160
2170
2177
2179
2179
2174
2163
2141
2119
2096
2081
2078
2078
2083
2088
2091
2095
2100
2104
2106
2107
2105
2105
2105
2104
2101
2095
2084
2075
2069
2067
2071
2075
2077
2077
2074
2070
2064
2056
2046
2037
2029
2023
2021
2019
2017
2016
2014
2014
2017
2021
2025
2026
2023
2017
2009
2000
1993
1986
1981
1975
1968
1958
1945
1932
1920
1912
1912
1915
1922
1931
1943
1957
1975
1992
2009
2017
2014
2003
1983
1961
1938
1915
1893
1875
1865
1869
1892
1928
1981
2037
2095
2146
2186
2213
2220
2216
2195
2172
2147
2128
2120
2118
2128
2141
2159
2175
2190
2198
2196
2185
2158
2123
2078
2035
1995
1967
1959
1964
1991
2023
2060
2092
2115
2132
2137
2136
2129
2117
2099
2079
2057
2037
2020
2007
2001
1998
1998
2003
2014
2028
2046
2060
2065
2062
2045
2029
2016
2010
2017
2026
2036
2043
2043
2042
2040
2040
2042
2044
2048
2053
2060
2065
2067
2065
2058
2051
2045
2042
2043
2044
2044
2045
2047
2050
2057
2062
2065
2064
2059
2055
2051
2047
2043
2035
2022
2004
1980
1958
1938
1923
1915
1908
1903
1899
1896
1897
1907
1922
1944
1964
1981
1994
2002
2010
2017
2023
2026
2026
2024
2025
2030
2039
2053
2064
2071
2075
2075
2076
2081
2087
2095
2100
2102
2101
2096
2092
2089
2087
2086
2082
2073
2060
2042
2025
2008
1995
1987
1981
1978
1974
1969
1960
1946
1931
1914
1900
1892
1888
1888
1889
1890
1893
1899
1906
1914
1918
1915
1906
1891
1881
1878
1890
1923
1971
2041
2110
2180
2236
2271
2300
2320
2338
2355
2359
2342
2309
2251
2191
2129
2066
2002
1934
1859
1800
1763
1756
1791
1831
1879
1914
1931
1952
1978
2016
2073
2120
2155
2167
2147
2119
2081
2052
2037
2031
2038
2045
2052
2058
2062
2071
2088
2116
2159
2207
2261
2304
2329
2340
2328
2319
2315
2324
2351
2369
2372
2349
2285
2214
2132
2070
2035
2014
2012
2011
2011
2013
2020
2028
2038
2043
2041
2038
2031
2021
2007
1986
1956
1926
1899
1877
1863
1850
1840
1831
1826
1819
1809
1787
1746
1704
1659
1634
1638
1658
1702
1747
1794
1836
1869
1891
1894
1881
1846
1800
1737
1667
1585
1517
1469
1459
1506
1569
1658
1727
1769
1804
1828
1863
1914
1954
1977
1978
1948
1927
1922
1944
2008
2079
2160
2228
2275
2315
2345
2381
2428
2477
2528
2565
2582
2587
2576
2568
2565
2564
2565
2562
2553
2549
2552
2563
2585
2602
2611
2611
2597
2581
2562
2544
2527
2510
2492
2473
2451
2427
2397
2365
2330
2297
2267
2238
2210
2177
2140
2100
2058
2018
1982
1948
1917
1885
1852
1819
1787
1760
1740
1724
1714
1702
1689
1672
1650
1624
1591
1556
1519
1491
1476
1480
1510
1549
1601
1652
1701
1748
1793
1834
1869
1897
1916
1931
1938
1943
1945
1946
1946
1951
1963
1978
2000
2023
2046
2071
2101
2132
2165
2191
2206
2213
2208
2201
2194
2189
2187
2185
2183
2177
2167
2154
2137
2122
2110
2100
2094
2086
2075
2062
2047
2035
2029
2028
2033
2038
2044
2049
2053
2058
2063
2068
2071
2072
2070
2067
2063
2060
2059
2059
2059
2061
2064
2068
2075
2081
2086
2088
2087
2086
2086
2086
2088
2090
2090
2093
2100
2108
2120
2128
2128
2123
2111
2101
2095
2092
2094
2092
2085
2075
2062
2053
2051
2053
2061
2067
2071
2071
2066
2059
2049
2038
2023
2007
1987
1971
1961
1959
1970
1984
2004
2017
2020
2019
2012
2006
2001
1996
1991
1986
1979
1976
1979
1987
2000
2012
2022
2033
2044
2055
2067
2075
2076
2075
2070
2070
2075
2081
2086
2087
2082
2079
2079
2085
2097
2107
2114
2117
2114
2112
2110
2108
2106
2102
2097
2095
2097
2100
2103
2104
2100
2096
2091
2089
2089
2088
2088
2086
2083
2081
2080
2078
2075
2072
2070
2069
2071
2072
2070
2067
2062
2061
2063
2066
2068
2065
2055
2044
2032
2026
2028
2033
2043
2052
2060
2066
2068
2067
2062
2056
2049
2044
2040
2036
2033
2031
2029
2030
2033
2039
2046
2054
2062
2069
2076
2081
2082
2080
2073
2066
2057
2049
2044
2041
2041
2043
2045
2046
2046
2044
2041
2039
2037
2035
2032
2027
2022
2019
2019
2022
2027
2032
2035
2038
2039
2040
2040
2041
2041
2042
2043
2043
2042
2040
2036
2033
2033
2035
2040
2043
2044
2043
2040
2039
2040
2041
2041
2037
2027
2015
2000
1987
1980
1977
1980
1986
1994
2001
2004
2006
2006
2007
2010
2014
2017
2018
2016
2014
2014
2016
2021
2025
2029
2035
2044
2055
2070
2080
2082
2080
2071
2064
2060
2058
2059
2059
2057
2055
2055
2055
2055
2055
2053
2052
2052
2051
2050
2046
2039
2033
2028
2028
2034
2041
2050
2058
2065
2070
2073
2074
2071
2068
2066
2066
2069
2071
2071
2071
2070
2073
2081
2090
2101
2109
2113
2116
2118
2120
2123
2124
2122
2117
2110
2102
2094
2085
2078
2073
2071
2068
2066
2059
2045
2031
2016
2007
2005
2005
2005
2002
1995
1989
1986
1986
1989
1993
1995
1999
2006
2014
2023
2029
2030
2030
2028
2028
2030
2031
2031
2029
2026
2026
2029
2034
2041
2045
2047
2047
2044
2040
2034
2028
2022
2017
2012
2009
2007
2007
2010
2014
2019
2023
2023
2022
2019
2016
2016
2014
2009
2002
1990
1982
1980
1982
1991
1999
2004
2008
2010
2012
2014
2015
2015
2014
2013
2013
2014
2013
2010
2004
1996
1991
1992
1996
2004
2010
2013
2014
2012
2013
2016
2022
2029
2035
2040
2043
2045
2047
2050
2054
2060
2066
2073
2080
2087
2094
2100
2104
2106
2105
2101
2095
2087
2081
2077
2076
2081
2086
2093
2097
2097
2096
2094
2093
2093
2091
2087
2081
2074
2068
2065
2063
2065
2068
2073
2077
2082
2086
2089
2090
2088
2084
2077
2070
2061
2053
2048
2045
2047
2050
2055
2059
2063
2067
2069
2069
2067
2063
2056
2050
2047
2045
2047
2046
2043
2037
2025
2013
2001
1995
1996
2001
2011
2019
2023
2024
2022
2022
2025
2028
2030
2029
2022
2017
2015
2018
2028
2036
2043
2048
2048
2050
2055
2061
2068
2070
2068
2065
2061
2059
2061
2063
2065
2064
2061
2057
2054
2051
2050
2049
2048
2046
2043
2038
2033
2027
2022
2018
2016
2017
2019
2023
2028
2034
2041
2046
2049
2050
2047
2042
2037
2033
2030
2027
2025
2025
2027
2030
2035
2040
2045
2051
2056
2060
2063
2063
2060
2055
2048
2042
2038
2034
2031
2026
2019
2012
2006
2002
2002
2003
2006
2009
2009
2009
2008
2008
2008
2010
2012
2014
2015
2017
2020
2024
2031
2035
2037
2039
2040
2044
2052
2061
2069
2073
2072
2070
2068
2066
2066
2064
2061
2059
2057
2056
2058
2059
2059
2057
2054
2051
2049
2047
2044
2040
2033
2028
2026
2028
2033
2037
2041
2044
2045
2047
2049
2052
2055
2056
2055
2052
2047
2043
2039
2037
2037
2039
2042
2045
2047
2050
2052
2054
2056
2056
2055
2053
2051
2049
2047
2045
2041
2035
2026
2017
2010
2005
2005
2006
2010
2014
2016
2017
2017
2016
2016
2016
2018
2020
2022
2024
2026
2029
2031
2034
2037
2040
2044
2049
2054
2059
2062
2065
2067
2070
2072
2074
2076
2077
2075
2072
2069
2067
2067
2068
2070
2071
2069
2066
2059
2051
2044
2038
2034
2032
2032
2032
2034
2036
2039
2041
2043
2044
2044
2044
2046
2049
2052
2054
2052
2049
2045
2042
2040
2038
2037
2038
2041
2045
2050
2054
2055
2055
2055
2055
2057
2058
2057
2055
2050
2048
2048
2047
2045
2040
2029
2018
2007
1999
1997
1997
2000
2004
2009
2014
2018
2021
2022
2023
2025
2026
2027
2027
2025
2025
2027
2030
2037
2044
2051
2056
2060
2065
2070
2073
2075
2075
2072
2070
2068
2068
2070
2070
2070
2070
2070
2071
2073
2073
2071
2067
2060
2055
2050
2046
2042
2038
2035
2034
2036
2040
2045
2048
2050
2051
2051
2052
2055
2057
2059
2058
2055
2052
2050
2049
2049
2049
2051
2052
2054
2055
2053
2050
2045
2043
2044
2046
2051
2053
2051
2049
2044
2042
2044
2046
2049
2049
2044
2037
2025
2015
2005
1999
1999
2001
2006
2010
2013
2015
2014
2014
2014
2015
2015
2014
2012
2011
2013
2018
2026
2034
2041
2048
2053
2060
2069
2077
2084
2086
2083
2078
2073
2070
2071
2072
2073
2072
2070
2068
2067
2067
2069
2069
2069
2067
2063
2058
2051
2045
2038
2032
2029
2028
2031
2035
2041
2047
2052
2057
2060
2061
2059
2057
2052
2050
2050
2051
2054
2056
2056
2054
2052
2051
2051
2051
2051
2050
2049
2048
2047
2046
2045
2045
2045
2047
2051
2054
2055
2055
2053
2051
2049
2045
2038
2028
2014
2003
1996
1994
1999
2003
2007
2011
2014
2019
2026
2030
2029
2025
2016
2009
2006
2006
2011
2016
2023
2030
2037
2045
2053
2061
2068
2075
2081
2085
2085
2084
2081
2079
2079
2079
2080
2080
2078
2076
2075
2075
2077
2076
2074
2069
2062
2055
2049
2043
2038
2034
2032
2032
2036
2041
2046
2048
2047
2046
2046
2048
2053
2056
2056
2054
2047
2043
2041
2043
2049
2053
2055
2055
2052
2050
2050
2050
2050
2049
2047
2047
2047
2047
2049
2051
2051
2051
2050
2050
2050
2051
2053
2053
2048
2041
2029
2018
2008
2002
2000
2001
2004
2007
2012
2015
2017
2017
2015
2015
2015
2015
2015
2014
2012
2012
2014
2019
2026
2034
2041
2048
2055
2063
2071
2077
2079
2079
2075
2073
2073
2074
2079
2082
2082
2081
2079
2078
2078
2077
2076
2074
2069
2064
2058
2053
2048
2043
2038
2033
2028
2025
2024
2026
2032
2038
2045
2050
2053
2055
2055
2056
2058
2057
2054
2050
2045
2044
2047
2053
2060
2065
2065
2063
2058
2054
2052
2049
2046
2043
2040
2040
2044
2050
2057
2062
2063
2062
2058
2055
2053
2052
2052
2050
2048
2043
2034
2024
2012
2002
1997
1995
2000
2005
2011
2014
2012
2010
2008
2008
2013
2017
2020
2019
2013
2009
2009
2013
2025
2035
2044
2051
2054
2058
2063
2069
2074
2076
2074
2073
2073
2074
2078
2080
2078
2076
2073
2073
2075
2077
2079
2077
2072
2067
2060
2053
2047
2042
2039
2036
2035
2035
2036
2038
2041
2044
2048
2051
2052
2052
2052
2052
2053
2053
2052
2050
2047
2046
2048
2051
2056
2061
2063
2063
2061
2058
2053
2049
2044
2041
2039
2039
2043
2048
2055
2061
2066
2067
2064
2059
2051
2046
2045
2046
2051
2051
2044
2034
2017
2005
1998
1996
2001
2006
2011
2014
2016
2017
2017
2016
2014
2014
2015
2016
2017
2016
2013
2012
2015
2023
2036
2046
2052
2054
2052
2053
2060
2067
2074
2077
2073
2070
2068
2069
2074
2077
2077
2076
2074
2074
2077
2080
2080
2077
2070
2063
2055
2046
2038
2032
2027
2026
2029
2033
2038
2042
2044
2046
2049
2053
2058
2060
2060
2057
2052
2048
2044
2041
2040
2041
2044
2049
2057
2064
2067
2067
2060
2053
2046
2042
2043
2044
2045
2045
2043
2044
2049
2055
2063
2067
2065
2061
2053
2048
2046
2046
2049
2049
2046
2038
2025
2013
2003
1997
1997
1999
2004
2007
2009
2010
2012
2016
2023
2026
2026
2022
2014
2010
2010
2013
2022
2030
2037
2043
2048
2053
2058
2061
2063
2064
2066
2069
2074
2077
2079
2080
2078
2076
2075
2075
2075
2075
2075
2075
2077
2076
2074
2068
2058
2049
2041
2036
2036
2036
2036
2035
2033
2033
2035
2039
2044
2049
2051
2052
2051
2050
2048
2046
2044
2044
2044
2045
2047
2051
2056
2061
2064
2065
2063
2061
2058
2056
2054
2051
2048
2046
2044
2044
2048
2054
2062
2069
2072
2071
2066
2061
2056
2054
2056
2059
2064
2064
2058
2049
2036
2026
2021
2020
2025
2030
2037
2042
2045
2048
2048
2047
2045
2042
2039
2037
2035
2034
2034
2037
2042
2046
2051
2054
2056
2059
2066
2073
2080
2084
2082
2079
2076
2074
2076
2075
2072
2068
2063
2061
2063
2065
2067
2066
2061
2055
2050
2045
2042
2036
2029
2023
2018
2017
2020
2025
2030
2033
2035
2037
2039
2040
2042
2043
2043
2042
2040
2038
2037
2037
2039
2041
2044
2047
2048
2049
2050
2051
2051
2051
2050
2048
2046
2044
2044
2045
2047
2050
2055
2058
2058
2056
2051
2048
2047
2048
2053
2055
2053
2049
2041
2034
2029
2026
2024
2024
2024
2026
2031
2035
2037
2037
2033
2029
2027
2026
2028
2030
2030
2030
2032
2035
2042
2048
2055
2064
2075
2087
2100
2108
2108
2105
2097
2091
2089
2089
2091
2090
2085
2081
2078
2077
2077
2076
2072
2068
2064
2062
2063
2062
2059
2053
2046
2040
2036
2033
2031
2029
2027
2026
2024
2021
2016
2012
2007
2005
2005
2004
2004
2002
1997
1992
1987
1981
1974
1969
1964
1962
1963
1964
1964
1962
1959
1957
1959
1962
1967
1972
1974
1977
1980
1986
1994
2001
2007
2012
2015
2018
2020
2023
2026
2031
2036
2044
2054
2065
2079
2092
2104
2113
2118
2121
2122
2123
2123
2124
2124
2124
2126
2129
2134
2140
2145
2149
2151
2152
2150
2145
2137
2127
2114
2103
2093
2086
2082
2079
2077
2074
2072
2069
2067
2063
2057
2050
2043
2036
2031
2028
2026
2026
2026
2027
2029
2029
2027
2026
2024
2024
2026
2029
2032
2032
2029
2025
2022
2021
2023
2027
2033
2038
2042
2044
2042
2038
2033
2031
2032
2035
2040
2042
2042
2041
2040
2041
2044
2047
2049
2049
2046
2043
2041
2040
2041
2041
2039
2035
2026
2015
2000
1989
1983
1981
1986
1991
1996
1999
2001
2003
2005
2007
2007
2006
2004
2002
2001
2003
2008
2015
2025
2035
2045
2052
2055
2058
2061
2067
2077
2086
2094
2099
2097
2094
2090
2088
2090
2093
2097
2100
2102
2103
2103
2101
2099
2096
2093
2087
2080
2071
2059
2049
2041
2035
2032
2030
2028
2026
2024
2022
2021
2019
2016
2011
2003
1993
1983
1974
1967
1964
1966
1970
1976
1981
1985
1988
1989
1990
1991
1992
1994
1996
1998
2002
2007
2014
2024
2034
2046
2058
2070
2082
2092
2101
2106
2110
2111
2111
2110
2110
2112
2116
2122
2128
2133
2137
2139
2142
2147
2152
2157
2159
2156
2150
2138
2125
2111
2099
2089
2081
2074
2068
2061
2054
2048
2045
2046
2047
2047
2043
2034
2024
2012
2002
1995
1988
1983
1980
1980
1983
1991
1997
2002
2002
1995
1988
1979
1972
1967
1965
1965
1968
1976
1987
2000
2011
2021
2030
2039
2051
2066
2081
2096
2108
2116
2127
2140
2156
2176
2193
2205
2214
2216
2219
2223
2228
2235
2239
2240
2236
2226
2216
2204
2193
2185
2176
2165
2150
2129
2105
2078
2052
2029
2011
2002
1998
2000
2000
1996
1989
1977
1966
1959
1953
1948
1941
1931
1923
1916
1914
1917
1919
1919
1919
1919
1924
1937
1952
1968
1979
1982
1986
1989
1994
2001
2003
1998
1991
1979
1972
1974
1981
1993
2002
2006
2007
2002
2001
2004
2012
2027
2040
2051
2057
2055
2050
2040
2031
2023
2017
2012
2009
2008
2009
2011
2013
2015
2013
2008
2003
2000
2002
2011
2021
2032
2040
2043
2046
2048
2050
2052
2053
2053
2053
2055
2060
2068
2075
2078
2075
2065
2053
2039
2028
2021
2019
2022
2026
2032
2037
2041
2045
2048
2052
2057
2064
2071
2078
2085
2090
2091
2089
2084
2085
2093
2110
2140
2170
2198
2219
2226
2231
2232
2232
2231
2226
2214
2202
2188
2177
2172
2171
2175
2180
2185
2182
2170
2146
2106
2069
2036
2014
2011
2008
2005
1995
1975
1966
1971
1988
2021
2044
2051
2045
2020
2003
1996
2001
2023
2043
2059
2067
2064
2061
2058
2053
2048
2034
2009
1982
1951
1928
1916
1911
1915
1921
1929
1941
1956
1965
1963
1944
1899
1851
1800
1768
1765
1775
1807
1837
1864
1889
1909
1927
1941
1953
1961
1973
1990
2006
2020
2024
2013
2004
1997
2006
2036
2067
2099
2120
2123
2123
2120
2116
2113
2104
2087
2070
2055
2047
2049
2053
2059
2063
2064
2066
2068
2066
2056
2038
2008
1979
1954
1939
1939
1941
1944
1940
1925
1911
1898
1891
1896
1900
1904
1905
1901
1903
1913
1927
1947
1961
1966
1969
1969
1972
1982
1989
1992
1993
1992
1998
2015
2035
2059
2078
2088
2101
2116
2140
2177
2217
2260
2299
2334
2366
2394
2419
2439
2458
2473
2488
2505
2520
2535
2545
2550
2553
2553
2553
2553
2551
2546
2536
2521
2504
2486
2470
2458
2448
2440
2427
2406
2378
2340
2298
2253
2206
2157
2103
2042
1977
1906
1833
1756
1673
1582
1488
1388
1301
1234
1192
1189
1206
1251
1301
1359
1416
1470
1518
1556
1586
1601
1611
1613
1617
1622
1631
1644
1662
1687
1716
1752
1789
1827
1864
1899
1933
1967
1999
2028
2051
2066
2079
2089
2105
2127
2152
2179
2201
2216
2224
2222
2218
2210
2201
2189
2176
2161
2148
2138
2134
2136
2140
2145
2148
2148
2147
2145
2144
2145
2144
2142
2137
2130
2124
2120
2119
2123
2128
2133
2137
2139
2141
2141
2139
2134
2124
2109
2094
2079
2064
2049
2033
2013
1995
1979
1968
1965
1964
1964
1964
1964
1969
1981
1998
2020
2039
2054
2066
2074
2083
2093
2103
2111
2115
2113
2108
2099
2092
2087
2087
2092
2096
2101
2100
2092
2082
2070
2061
2059
2061
2071
2079
2084
2085
2078
2069
2059
2053
2053
2053
2055
2053
2046
2040
2037
2038
2048
2058
2069
2078
2084
2090
2095
2097
2095
2090
2080
2072
2065
2062
2062
2063
2064
2065
2067
2071
2077
2083
2088
2089
2087
2081
2071
2060
2050
2043
2042
2044
2051
2059
2066
2073
2080
2088
2097
2105
2112
2119
2124
2129
2135
2141
2146
2149
2151
2154
2158
2164
2172
2179
2183
2185
2183
2180
2177
2172
2164
2149
2126
2100
2073
2049
2031
2013
1998
1982
1967
1954
1946
1938
1931
1924
1915
1908
1905
1905
1907
1910
1913
1920
1930
1941
1951
1957
1957
1959
1964
1975
1993
2007
2014
2016
2011
2008
2010
2014
2020
2022
2019
2016
2014
2014
2019
2023
2028
2032
2034
2037
2041
2044
2046
2047
2049
2052
2057
2062
2066
2069
2069
2069
2069
2068
2068
2067
2065
2065
2065
2067
2072
2076
2081
2084
2085
2085
2083
2080
2077
2075
2073
2070
2065
2058
2048
2037
2025
2014
2006
2001
2001
2002
2005
2008
2008
2007
2003
1998
1991
1984
1977
1970
1965
1962
1962
1963
1968
1973
1978
1984
1991
1998
2006
2014
2021
2028
2034
2040
2045
2051
2057
2062
2067
2070
2070
2071
2073
2076
2081
2084
2084
2081
2073
2064
2057
2051
2048
2046
2044
2045
2049
2055
2063
2069
2069
2068
2063
2061
2061
2062
2064
2063
2061
2058
2055
2054
2055
2057
2060
2063
2065
2064
2062
2060
2059
2060
2063
2063
2058
2050
2035
2023
2015
2011
2014
2019
2029
2039
2049
2057
2060
2059
2054
2049
2043
2037
2032
2027
2024
2024
2030
2038
2048
2054
2055
2057
2060
2067
2080
2090
2096
2096
2088
2080
2073
2069
2069
2071
2075
2080
2087
2092
2095
2095
2090
2083
2076
2069
2063
2056
2048
2041
2034
2030
2032
2036
2043
2050
2057
2062
2064
2064
2061
2057
2050
2044
2039
2034
2031
2030
2031
2032
2034
2035
2033
2031
2026
2022
2020
2020
2022
2025
2028
2030
2028
2022
2011
1999
1986
1977
1975
1977
1984
1991
1997
2000
2000
1999
1998
1999
2001
2003
2005
2007
2008
2011
2016
2023
2031
2039
2046
2053
2060
2067
2076
2085
2093
2099
2102
2104
2104
2105
2108
2111
2116
2119
2119
2120
2120
2123
2130
2136
2142
2143
2138
2129
2116
2104
2094
2088
2086
2084
2082
2077
2069
2061
2054
2049
2045
2037
2025
2011
1994
1982
1975
1971
1971
1972
1974
1977
1982
1987
1993
1998
2000
2001
2000
1999
1998
1999
2001
2005
2012
2016
2016
2011
2001
1992
1984
1982
1987
1993
2001
2006
2008
2008
2008
2009
2012
2016
2019
2020
2018
2017
2016
2018
2023
2029
2039
2048
2056
2064
2072
2081
2090
2097
2099
2099
2094
2090
2087
2085
2083
2079
2073
2068
2064
2064
2069
2074
2079
2081
2079
2074
2065
2056
2049
2043
2038
2035
2035
2036
2039
2042
2044
2045
2045
2043
2040
2036
2029
2021
2012
2003
1995
1988
1984
1983
1986
1989
1992
1993
1993
1993
1993
1995
1997
1999
2000
2001
2001
2002
2002
1999
1992
1987
1982
1982
1987
1994
2002
2010
2015
2020
2025
2029
2031
2032
2032
2033
2036
2042
2049
2057
2064
2071
2077
2083
2089
2097
2107
2119
2132
2141
2143
2140
2128
2119
2112
2108
2109
2107
2102
2098
2093
2092
2096
2099
2099
2096
2090
2085
2080
2075
2068
2059
2048
2040
2038
2039
2044
2049
2052
2054
2054
2056
2059
2062
2065
2066
2066
2064
2061
2058
2055
2052
2050
2049
2051
2052
2054
2055
2057
2058
2059
2060
2061
2060
2057
2053
2048
2046
2048
2051
2058
2059
2054
2044
2026
2011
1999
1993
1993
1995
1997
1999
2001
2003
2005
2007
2007
2007
2007
2006
2004
2003
2003
2005
2010
2017
2025
2030
2032
2035
2040
2047
2059
2067
2069
2067
2060
2055
2053
2054
2057
2059
2058
2058
2058
2059
2061
2062
2062
2060
2056
2051
2045
2038
2031
2026
2024
2024
2028
2032
2035
2037
2038
2040
2044
2047
2049
2047
2042
2037
2032
2030
2032
2035
2038
2042
2044
2047
2049
2051
2051
2049
2045
2041
2039
2038
2039
2040
2042
2045
2048
2051
2053
2054
2052
2051
2049
2047
2045
2042
2036
2028
2016
2006
1999
1996
1997
1999
2002
2004
2006
2007
2008
2009
2010
2011
2012
2013
2014
2015
2017
2019
2022
2025
2028
2032
2037
2043
2050
2058
2065
2071
2073
2074
2074
2073
2072
2071
2069
2068
2068
2068
2070
2071
2071
2070
2070
2069
2068
2064
2056
2047
2037
2030
2029
2031
2036
2039
2041
2042
2044
2046
2048
2049
2047
2046
2045
2045
2046
2045
2041
2037
2033
2033
2040
2047
2055
2058
2055
2050
2043
2040
2042
2044
2046
2048
2048
2050
2052
2054
2056
2057
2057
2058
2061
2063
2065
2065
2064
2064
2065
2065
2063
2058
2046
2034
2024
2019
2021
2023
2026
2028
2029
2032
2037
2042
2048
2052
2052
2052
2051
2052
2055
2059
2066
2072
2077
2081
2081
2081
2080
2082
2087
2091
2095
2096
2093
2089
2084
2081
2080
2078
2076
2073
2070
2067
2065
2062
2058
2053
2048
2044
2039
2034
2029
2025
2020
2017
2015
2015
2015
2017
2020
2023
2026
2029
2031
2033
2034
2034
2032
2030
2027
2025
2025
2027
2033
2038
2042
2045
2047
2049
2051
2052
2052
2050
2045
2042
2041
2041
2043
2043
2043
2043
2045
2048
2053
2057
2060
2062
2062
2061
2059
2057
2057
2057
2059
2060
2060
2056
2048
2039
2029
2022
2019
2019
2024
2030
2037
2041
2039
2036
2030
2025
2022
2018
2013
2008
2003
2001
2003
2006
2010
2012
2011
2013
2018
2025
2035
2040
2037
2033
2025
2021
2022
2023
2024
2023
2018
2016
2016
2017
2020
2021
2021
2021
2022
2023
2024
2024
2024
2025
2028
2031
2036
2039
2042
2046
2054
2062
2072
2078
2081
2083
2083
2084
2087
2090
2092
2093
2093
2093
2094
2096
2099
2102
2106
2109
2112
2113
2110
2106
2100
2095
2092
2090
2089
2088
2087
2086
2084
2083
2080
2078
2076
2076
2076
2076
2073
2070
2067
2065
2066
2065
2062
2055
2040
2025
2011
2002
2000
2001
2007
2013
2018
2022
2023
2022
2017
2011
2006
2002
2000
2000
2000
2002
2005
2010
2019
2028
2036
2043
2046
2050
2055
2061
2068
2072
2070
2068
2064
2062
2064
2065
2067
2068
2066
2064
2064
2063
2063
2061
2056
2052
2047
2041
2036
2030
2023
2019
2017
2017
2020
2023
2025
2027
2027
2029
2032
2035
2036
2035
2031
2028
2028
2029
2034
2038
2038
2036
2031
2029
2032
2037
2047
2053
2056
2056
2053
2050
2050
2050
2050
2049
2046
2045
2046
2048
2052
2054
2052
2050
2048
2049
2054
2058
2061
2060
2054
2050
2047
2047
2052
2054
2051
2044
2029
2015
2002
1992
1989
1990
1995
2001
2009
2015
2019
2021
2021
2020
2018
2017
2016
2015
2014
2014
2016
2020
2026
2031
2035
2038
2040
2044
2052
2060
2070
2078
2081
2083
2081
2079
2076
2074
2072
2072
2074
2077
2080
2081
2079
2077
2072
2068
2064
2059
2053
2047
2040
2034
2031
2028
2027
2027
2030
2034
2041
2046
2049
2049
2044
2040
2037
2035
2037
2038
2038
2039
2039
2039
2041
2043
2043
2044
2045
2046
2049
2051
2051
2050
2049
2050
2053
2057
2060
2062
2060
2059
2057
2057
2058
2058
2057
2056
2055
2055
2058
2060
2062
2063
2061
2060
2059
2058
2057
2055
2050
2043
2035
2027
2018
2009
2001
1995
1993
1995
2002
2009
2017
2022
2022
2022
2020
2020
2022
2022
2019
2015
2010
2008
2012
2019
2031
2041
2049
2054
2056
2058
2063
2067
2070
2071
2069
2068
2069
2071
2075
2078
2078
2077
2075
2074
2075
2076
2077
2077
2076
2073
2068
2062
2054
2048
2043
2039
2038
2037
2036
2036
2036
2037
2039
2041
2042
2043
2043
2043
2043
2043
2043
2042
2041
2041
2043
2044
2047
2049
2049
2050
2050
2050
2052
2054
2056
2057
2057
2058
2059
2060
2062
2063
2063
2062
2059
2058
2058
2059
2059
2058
2055
2054
2055
2057
2061
2063
2060
2057
2052
2049
2051
2051
2050
2046
2036
2027
2017
2009
2004
1999
1996
1996
1999
2004
2012
2017
2019
2019
2019
2019
2021
2020
2017
2013
2008
2006
2010
2017
2029
2039
2046
2051
2053
2055
2060
2065
2072
2076
2078
2078
2076
2076
2076
2076
2078
2079
2079
2080
2080
2081
2081
2080
2077
2073
2065
2057
2049
2043
2040
2039
2040
2040
2039
2038
2035
2034
2036
2040
2045
2049
2052
2053
2050
2047
2042
2039
2037
2038
2041
2043
2045
2047
2047
2047
2049
2051
2054
2056
2056
2054
2051
2050
2050
2050
2052
2053
2053
2054
2055
2056
2056
2056
2055
2054
2054
2054
2055
2056
2056
2056
2055
2054
2052
2052
2052
2053
2055
2054
2049
2040
2026
2013
2000
1991
1988
1988
1993
2000
2010
2017
2021
2022
2019
2018
2018
2018
2018
2017
2014
2014
2017
2024
2034
2042
2047
2051
2054
2060
2071
2079
2084
2084
2077
2072
2071
2073
2080
2084
2085
2085
2082
2081
2082
2082
2080
2076
2070
2065
2060
2055
2052
2049
2044
2038
2032
2028
2028
2030
2036
2042
2047
2050
2049
2047
2044
2042
2041
2039
2035
2031
2027
2026
2031
2036
2043
2048
2050
2051
2052
2054
2057
2058
2055
2053
2051
2051
2056
2060
2062
2061
2056
2052
2050
2049
2052
2054
2054
2054
2054
2054
2055
2055
2055
2054
2051
2050
2050
2050
2052
2052
2049
2043
2033
2022
2009
2000
1995
1994
1999
2005
2011
2015
2017
2018
2018
2018
2018
2018
2017
2016
2014
2014
2017
2021
2029
2036
2043
2049
2053
2057
2060
2064
2067
2069
2071
2072
2073
2074
2075
2076
2076
2076
2076
2076
2079
2081
2081
2080
2076
2071
2065
2060
2055
2050
2043
2037
2029
2025
2025
2027
2033
2038
2043
2046
2047
2048
2050
2051
2051
2050
2047
2045
2043
2041
2041
2041
2043
2046
2050
2053
2053
2053
2052
2052
2054
2057
2060
2061
2059
2056
2053
2050
2047
2045
2043
2041
2041
2042
2045
2049
2054
2058
2058
2057
2052
2047
2042
2040
2043
2048
2053
2054
2046
2035
2018
2005
1997
1992
1994
1997
2000
2005
2010
2016
2023
2027
2029
2030
2030
2029
2027
2024
2021
2021
2025
2032
2042
2050
2055
2058
2058
2060
2067
2072
2077
2080
2079
2079
2080
2081
2084
2085
2083
2081
2079
2078
2080
2081
2081
2079
2076
2073
2068
2064
2059
2054
2051
2049
2046
2043
2040
2039
2044
2050
2058
2064
2064
2063
2060
2058
2058
2058
2056
2052
2045
2041
2041
2042
2047
2051
2054
2057
2060
2063
2066
2066
2063
2059
2054
2051
2052
2054
2057
2060
2061
2061
2060
2060
2060
2060
2061
2062
2062
2060
2056
2052
2047
2045
2047
2051
2056
2057
2052
2042
2026
2013
2005
2001
2004
2006
2008
2010
2012
2013
2015
2017
2017
2016
2016
2016
2016
2015
2015
2016
2021
2027
2035
2042
2045
2049
2054
2060
2070
2075
2075
2070
2060
2054
2055
2059
2067
2071
2068
2065
2062
2063
2072
2080
2086
2086
2076
2066
2054
2046
2042
2039
2037
2036
2034
2034
2036
2037
2038
2038
2038
2038
2040
2042
2047
2051
2053
2053
2051
2051
2053
2055
2059
2063
2066
2070
2074
2076
2076
2073
2066
2059
2054
2051
2051
2051
2048
2044
2039
2036
2036
2036
2039
2039
2034
2027
2019
2013
2011
2009
2008
2005
1998
1991
1983
1975
1967
1960
1953
1950
1951
1954
1961
1965
1965
1963
1960
1960
1963
1967
1975
1982
1988
1995
2003
2013
2026
2039
2054
2067
2079
2089
2099
2108
2118
2125
2128
2129
2125
2122
2120
2119
2121
2120
2117
2115
2113
2113
2116
2117
2115
2112
2105
2099
2094
2089
2084
2078
2072
2069
2069
2070
2072
2072
2069
2067
2066
2065
2065
2062
2056
2052
2050
2050
2055
2058
2058
2057
2055
2054
2054
2054
2054
2053
2051
2051
2051
2050
2047
2043
2038
2036
2038
2040
2045
2049
2050
2049
2046
2041
2035
2031
2029
2030
2035
2038
2037
2031
2016
2002
1989
1981
1981
1983
1990
1997
2003
2007
2008
2008
2006
2005
2007
2009
2011
2010
2005
2003
2003
2007
2019
2029
2039
2045
2046
2048
2051
2056
2064
2069
2071
2071
2066
2062
2060
2060
2064
2067
2069
2068
2065
2064
2064
2063
2061
2057
2049
2042
2035
2031
2031
2031
2031
2030
2027
2027
2030
2034
2039
2043
2044
2044
2042
2041
2039
2038
2036
2034
2034
2034
2036
2037
2040
2043
2048
2052
2055
2056
2053
2051
2049
2048
2051
2053
2053
2052
2047
2043
2041
2042
2047
2052
2057
2060
2060
2058
2055
2052
2050
2049
2050
2049
2045
2037
2024
2012
2000
1992
1990
1990
1995
2000
2008
2014
2019
2021
2018
2015
2012
2012
2015
2017
2020
2021
2021
2023
2028
2034
2041
2046
2048
2051
2057
2065
2075
2082
2083
2081
2074
2069
2068
2069
2072
2074
2074
2075
2075
2074
2073
2071
2066
2061
2056
2053
2050
2047
2043
2039
2035
2033
2033
2034
2037
2039
2041
2043
2046
2048
2051
2052
2049
2046
2043
2040
2038
2037
2039
2041
2044
2048
2053
2058
2063
2067
2067
2065
2060
2054
2047
2043
2041
2041
2043
2044
2047
2050
2055
2059
2062
2062
2059
2056
2052
2050
2052
2055
2060
2062
2059
2054
2044
2036
2029
2025
2025
2026
2031
2037
2045
2051
2056
2058
2057
2056
2055
2055
2057
2056
2051
2048
2045
2046
2054
2061
2067
2070
2067
2067
2070
2074
2081
2086
2086
2086
2083
2081
2079
2075
2068
2062
2057
2056
2059
2061
2063
2063
2059
2054
2047
2039
2031
2024
2019
2016
2017
2018
2019
2020
2021
2024
2029
2034
2039
2042
2042
2042
2042
2043
2045
2045
2043
2043
2045
2048
2053
2057
2060
2061
2059
2057
2054
2051
2048
2046
2044
2043
2043
2044
2045
2046
2047
2049
2052
2055
2056
2055
2051
2048
2046
2047
2050
2052
2052
2050
2046
2042
2038
2035
2032
2031
2031
2033
2038
2043
2046
2047
2045
2044
2044
2044
2046
2046
2044
2043
2043
2045
2052
2058
2065
2071
2077
2083
2091
2096
2098
2096
2090
2085
2081
2079
2079
2078
2076
2075
2075
2075
2077
2079
2079
2078
2077
2076
2076
2074
2071
2066
2058
2052
2049
2048
2049
2049
2049
2048
2046
2044
2043
2042
2040
2037
2034
2031
2028
2025
2022
2017
2012
2006
2001
1995
1990
1984
1976
1969
1961
1954
1949
1944
1939
1934
1929
1924
1919
1915
1912
1909
1907
1906
1906
1905
1905
1905
1906
1909
1915
1922
1930
1939
1951
1966
1986
2008
2031
2052
2069
2082
2091
2100
2108
2117
2127
2138
2148
2158
2168
2177
2185
2191
2196
2201
2206
2210
2212
2209
2201
2190
2177
2167
2159
2153
2148
2143
2136
2131
2126
2122
2120
2117
2109
2099
2086
2074
2066
2059
2056
2051
2045
2040
2035
2032
2032
2033
2033
2033
2030
2028
2028
2028
2028
2028
2028
2028
2030
2032
2033
2032
2029
2025
2022
2021
2022
2023
2025
2027
2027
2028
2030
2030
2030
2029
2029
2030
2035
2039
2042
2043
2039
2035
2031
2029
2031
2031
2030
2026
2016
2004
1991
1980
1973
1971
1974
1981
1991
2000
2007
2011
2011
2009
2005
2002
2001
2001
2001
2002
2003
2006
2013
2020
2029
2036
2039
2043
2047
2055
2068
2079
2089
2092
2084
2075
2065
2059
2061
2063
2066
2066
2062
2060
2060
2062
2068
2071
2069
2065
2055
2047
2039
2033
2030
2028
2026
2026
2029
2033
2038
2043
2046
2049
2050
2051
2051
2050
2048
2046
2043
2042
2042
2042
2044
2045
2045
2046
2049
2053
2060
2064
2064
2061
2054
2051
2051
2054
2062
2068
2071
2073
2071
2069
2069
2069
2069
2069
2067
2063
2055
2044
2029
2015
2003
1996
1996
1998
2004
2009
2012
2016
2019
2022
2024
2023
2020
2017
2014
2014
2019
2024
2032
2039
2044
2048
2049
2050
2052
2057
2065
2072
2079
2082
2079
2074
2066
2061
2059
2058
2061
2063
2063
2063
2061
2060
2060
2061
2064
2065
2064
2061
2054
2047
2039
2034
2032
2032
2036
2041
2046
2051
2056
2059
2059
2059
2057
2055
2052
2050
2048
2047
2047
2047
2049
2049
2049
2047
2042
2038
2034
2030
2027
2023
2018
2014
2010
2006
2003
2001
2000
1999
1997
1993
1987
1982
1977
1974
1975
1975
1975
1972
1965
1959
1953
1951
1954
1960
1972
1984
1997
2008
2016
2024
2034
2049
2070
2091
2111
2129
2142
2156
2174
2191
2207
2215
2211
2203
2188
2174
2164
2153
2141
2127
2111
2099
2091
2088
2092
2097
2104
2107
2105
2099
2086
2073
2060
2052
2052
2051
2050
2046
2036
2029
2024
2025
2034
2044
2056
2062
2062
2056
2042
2030
2022
2021
2031
2045
2065
2085
2105
2122
2135
2143
2141
2133
2113
2093
2074
2060
2053
2050
2052
2055
2063
2073
2086
2097
2104
2106
2099
2089
2074
2061
2049
2041
2038
2038
2042
2044
2044
2039
2028
2016
2001
1990
1982
1978
1979
1981
1984
1985
1984
1983
1983
1984
1989
1992
1994
1995
1993
1992
1994
1998
2003
2008
2013
2021
2033
2046
2063
2077
2085
2089
2086
2084
2082
2081
2080
2077
2072
2066
2059
2053
2049
2046
2044
2043
2043
2042
2039
2034
2026
2015
2002
1991
1981
1974
1970
1966
1963
1959
1952
1945
1938
1933
1932
1931
1931
1928
1923
1919
1918
1922
1932
1945
1961
1978
1996
2015
2035
2054
2070
2081
2085
2087
2084
2083
2085
2088
2093
2098
2101
2102
2099
2095
2089
2084
2080
2078
2080
2082
2086
2087
2082
2074
2064
2056
2051
2047
2045
2041
2033
2026
2020
2020
2028
2037
2049
2058
2065
2072
2079
2084
2089
2092
2090
2089
2087
2087
2089
2091
2092
2093
2093
2094
2099
2104
2109
2113
2113
2111
2108
2102
2094
2085
2073
2063
2053
2046
2044
2044
2047
2050
2053
2055
2058
2061
2064
2068
2071
2073
2073
2073
2071
2069
2068
2068
2070
2073
2079
2084
2089
2091
2088
2085
2082
2081
2081
2082
2085
2088
2092
2098
2108
2118
2130
2137
2140
2139
2132
2124
2114
2104
2095
2087
2080
2076
2074
2071
2068
2063
2054
2044
2031
2018
2003
1988
1973
1960
1951
1946
1948
1952
1957
1962
1967
1973
1981
1990
1998
2003
2003
2002
1998
1996
1997
2000
2007
2013
2019
2023
2025
2027
2028
2030
2033
2035
2037
2037
2037
2037
2039
2042
2045
2049
2052
2055
2058
2061
2064
2064
2059
2053
2045
2040
2038
2039
2044
2048
2053
2056
2059
2061
2062
2062
2060
2055
2046
2036
2026
2019
2016
2016
2021
2024
2026
2026
2026
2025
2024
2019
2007
1991
1969
1950
1937
1930
1931
1932
1932
1930
1925
1919
1911
1903
1894
1887
1882
1880
1883
1886
1890
1891
1887
1883
1878
1877
1882
1890
1900
1907
1909
1908
1903
1902
1905
1913
1927
1941
1956
1970
1982
1995
2008
2022
2035
2045
2050
2051
2046
2039
2030
2022
2017
2012
2009
2007
2008
2011
2017
2022
2026
2027
2023
2018
2011
2008
2009
2011
2016
2019
2020
2022
2025
2034
2050
2068
2090
2108
2121
2132
2138
2145
2154
2167
2185
2205
2225
2241
2251
2258
2263
2272
2290
2313
2345
2375
2401
2421
2434
2445
2454
2463
2471
2476
2478
2479
2476
2473
2468
2461
2451
2439
2425
2411
2398
2387
2379
2370
2362
2352
2337
2319
2296
2270
2240
2205
2165
2117
2058
1991
1912
1828
1737
1646
1554
1473
1409
1368
1361
1376
1422
1476
1542
1604
1661
1711
1749
1782
1807
1829
1846
1859
1867
1874
1881
1893
1913
1938
1969
1998
2024
2048
2070
2091
2109
2121
2126
2125
2116
2106
2094
2083
2072
2061
2051
2041
2032
2021
2006
1992
1977
1967
1965
1967
1976
1983
1986
1987
1983
1980
1978
1977
1978
1978
1978
1978
1979
1984
1994
2007
2022
2035
2045
2052
2057
2063
2071
2079
2089
2096
2099
2100
2098
2096
2093
2090
2085
2081
2078
2077
2077
2078
2079
2080
2082
2084
2086
2085
2078
2070
2059
2051
2047
2045
2047
2048
2048
2047
2047
2047
2047
2046
2043
2038
2031
2026
2021
2018
2018
2018
2021
2024
2027
2028
2026
2024
2021
2021
2026
2030
2034
2035
2032
2030
2027
2027
2030
2035
2041
2049
2061
2075
2093
2107
2115
2119
2114
2109
2103
2097
2090
2083
2075
2072
2075
2081
2093
2100
2102
2099
2090
2083
2078
2073
2069
2062
2051
2041
2031
2023
2020
2018
2018
2018
2019
2022
2029
2037
2045
2052
2056
2058
2058
2058
2058
2058
2060
2063
2066
2068
2071
2073
2075
2077
2081
2085
2089
2091
2089
2086
2079
2073
2066
2062
2059
2057
2055
2053
2050
2046
2042
2040
2040
2038
2035
2030
2020
2012
2009
2010
2017
2019
2014
2002
1981
1966
1961
1965
1983
1999
2012
2021
2023
2026
2031
2038
2046
2051
2052
2052
2051
2051
2053
2055
2060
2065
2073
2082
2092
2101
2109
2114
2116
2117
2114
2110
2105
2099
2092
2087
2084
2082
2082
2081
2081
2081
2083
2084
2084
2083
2078
2070
2060
2049
2039
2030
2025
2022
2025
2030
2039
2048
2057
2065
2072
2077
2080
2082
2080
2077
2074
2074
2079
2086
2095
2103
2108
2114
2119
2126
2136
2147
2158
2165
2167
2165
2155
2144
2131
2120
2110
2099
2085
2067
2042
2017
1992
1970
1954
1942
1937
1934
1936
1938
1941
1943
1943
1943
1946
1949
1953
1955
1954
1953
1952
1954
1962
1971
1982
1992
2000
2008
2016
2023
2030
2036
2039
2042
2042
2042
2042
2041
2039
2037
2034
2031
2030
2031
2035
2039
2042
2044
2041
2038
2034
2032
2032
2032
2034
2035
2037
2039
2044
2050
2057
2061
2063
2064
2064
2063
2060
2056
2049
2041
2033
2027
2024
2025
2032
2039
2047
2052
2054
2056
2057
2058
2060
2060
2058
2055
2050
2045
2039
2031
2019
2006
1991
1980
1976
1976
1984
1989
1991
1990
1983
1979
1976
1974
1974
1971
1965
1961
1959
1961
1971
1983
1996
2007
2015
2024
2037
2052
2070
2086
2096
2101
2098
2094
2086
2079
2074
2069
2065
2061
2057
2055
2057
2062
2070
2075
2077
2075
2066
2056
2045
2037
2032
2029
2029
2030
2035
2040
2046
2052
2059
2065
2072
2078
2081
2080
2075
2070
2065
2064
2068
2072
2076
2078
2078
2079
2082
2086
2093
2098
2098
2097
2092
2090
2090
2093
2099
2102
2099
2091
2075
2060
2045
2035
2032
2032
2037
2041
2043
2043
2039
2035
2030
2027
2025
2023
2020
2016
2009
2004
2002
2004
2012
2021
2031
2039
2045
2050
2055
2058
2058
2057
2053
2050
2048
2048
2051
2053
2055
2056
2056
2056
2056
2058
2061
2063
2063
2060
2053
2045
2034
2025
2018
2015
2017
2020
2024
2027
2029
2031
2032
2033
2035
2036
2038
2040
2042
2043
2041
2039
2035
2033
2036
2040
2047
2051
2052
2052
2049
2048
2048
2048
2048
2048
2049
2050
2053
2053
2048
2042
2035
2032
2035
2038
2040
2035
2022
2009
1995
1985
1982
1982
1985
1989
1994
1999
2002
2002
1999
1998
1999
2001
2006
2008
2007
2008
2011
2018
2031
2041
2048
2054
2059
2069
2086
2100
2110
2115
2111
2109
2109
2112
2119
2124
2124
2123
2123
2125
2131
2135
2138
2139
2137
2134
2131
2126
2118
2108
2096
2086
2079
2074
2072
2068
2063
2054
2039
2025
2010
2000
1996
1994
1996
1997
1995
1993
1991
1990
1993
1995
1996
1996
1995
1995
1996
1997
2000
2002
2004
2007
2011
2016
2023
2030
2037
2042
2045
2046
2044
2043
2043
2042
2041
2036
2023
2011
1998
1991
1993
1998
2008
2015
2018
2020
2020
2020
2021
2022
2023
2023
2023
2023
2023
2025
2032
2039
2048
2054
2057
2060
2063
2069
2080
2089
2094
2095
2087
2080
2073
2069
2067
2065
2060
2056
2053
2051
2053
2054
2053
2051
2046
2040
2033
2025
2015
2004
1993
1985
1980
1977
1977
1977
1979
1982
1987
1992
1996
2000
2003
2007
2013
2017
2020
2021
2020
2022
2029
2036
2046
2053
2053
2053
2051
2052
2057
2062
2065
2066
2061
2058
2056
2056
2059
2062
2065
2066
2065
2063
2060
2056
2051
2045
2040
2037
2037
2040
2048
2055
2063
2068
2069
2068
2064
2060
2057
2055
2053
2052
2052
2054
2059
2067
2080
2091
2099
2105
2107
2109
2112
2115
2118
2116
2108
2098
2086
2080
2080
2081
2086
2087
2084
2081
2076
2074
2074
2072
2068
2062
2054
2047
2043
2040
2038
2036
2033
2031
2033
2035
2040
2042
2039
2036
2032
2031
2034
2036
2038
2037
2031
2027
2025
2026
2034
2040
2045
2048
2045
2043
2042
2043
2047
2050
2052
2053
2050
2048
2046
2046
2048
2049
2051
2051
2050
2049
2047
2045
2043
2043
2044
2043
2040
2033
2021
2010
2000
1995
1998
2002
2008
2011
2011
2010
2008
2008
2011
2013
2014
2013
2008
2004
2002
2004
2012
2019
2026
2030
2029
2029
2031
2035
2044
2052
2060
2065
2066
2066
2065
2064
2063
2062
2061
2060
2057
2054
2051
2050
2050
2050
2050
2047
2041
2035
2028
2023
2022
2022
2022
2022
2024
2027
2032
2037
2040
2043
2043
2043
2046
2047
2046
2043
2038
2035
2037
2041
2048
2052
2053
2054
2056
2057
2059
2059
2056
2054
2051
2050
2053
2054
2052
2051
2048
2048
2053
2057
2060
2059
2053
2048
2044
2042
2044
2045
2045
2043
2038
2032
2024
2016
2006
1999
1995
1994
1999
2005
2011
2015
2017
2018
2020
2022
2025
2027
2027
2026
2024
2024
2028
2032
2037
2041
2041
2043
2046
2052
2064
2074
2081
2083
2080
2078
2078
2078
2081
2080
2075
2069
2063
2060
2062
2065
2068
2069
2067
2064
2059
2054
2047
2040
2033
2028
2026
2026
2026
2027
2029
2032
2037
2042
2046
2048
2045
2042
2037
2034
2034
2034
2036
2038
2041
2045
2052
2059
2064
2067
2066
2064
2061
2059
2059
2059
2060
2061
2062
2064
2067
2070
2073
2076
2078
2079
2082
2084
2087
2088
2088
2088
2088
2089
2093
2095
2094
2089
2077
2067
2059
2054
2055
2056
2056
2054
2051
2048
2047
2046
2044
2041
2036
2031
2026
2023
2021
2020
2020
2021
2024
2027
2031
2035
2040
2045
2051
2055
2057
2057
2053
2049
2044
2041
2041
2043
2048
2052
2055
2056
2054
2053
2051
2049
2046
2042
2037
2031
2024
2021
2021
2021
2024
2026
2027
2029
2033
2039
2047
2055
2062
2066
2066
2064
2061
2057
2054
2053
2055
2058
2066
2072
2077
2079
2076
2074
2071
2068
2064
2058
2048
2039
2034
2031
2033
2032
2028
2023
2017
2015
2018
2019
2017
2013
2003
1996
1995
1997
2002
2004
2000
1997
1996
1997
2000
1997
1985
1975
1965
1964
1977
1989
1999
2002
1996
1995
2003
2016
2036
2051
2059
2065
2069
2076
2086
2094
2097
2100
2101
2106
2117
2125
2130
2129
2118
2108
2099
2093
2090
2086
2081
2074
2066
2060
2055
2052
2050
2047
2044
2042
2040
2038
2035
2030
2023
2017
2010
2005
2004
2006
2012
2018
2025
2031
2036
2040
2045
2050
2055
2059
2062
2064
2065
2067
2071
2075
2080
2083
2085
2087
2088
2089
2089
2087
2084
2081
2079
2079
2082
2084
2084
2084
2083
2082
2082
2080
2076
2073
2070
2070
2075
2079
2079
2074
2060
2046
2032
2023
2022
2023
2028
2031
2033
2035
2035
2034
2032
2031
2031
2031
2032
2033
2035
2037
2042
2046
2051
2055
2055
2056
2056
2058
2065
2070
2073
2074
2069
2066
2063
2062
2064
2065
2063
2059
2052
2046
2043
2043
2046
2048
2050
2050
2045
2037
2025
2012
1999
1989
1983
1980
1980
1980
1982
1984
1987
1989
1990
1991
1991
1992
1995
1997
1999
1999
1997
1998
2003
2009
2019
2027
2033
2037
2037
2037
2037
2036
2035
2035
2036
2039
2046
2052
2058
2062
2065
2068
2071
2074
2076
2075
2072
2071
2071
2071
2073
2073
2068
2062
2053
2045
2038
2034
2031
2030
2032
2034
2037
2039
2041
2044
2049
2053
2058
2059
2056
2052
2047
2047
2054
2062
2070
2074
2071
2069
2068
2071
2079
2086
2093
2097
2097
2095
2090
2086
2081
2077
2075
2074
2074
2075
2075
2075
2074
2073
2072
2071
2069
2066
2061
2056
2050
2045
2042
2042
2045
2049
2053
2055
2053
2050
2047
2044
2041
2038
2033
2029
2029
2031
2038
2042
2043
2041
2034
2030
2027
2027
2030
2033
2034
2034
2032
2030
2030
2030
2032
2033
2035
2036
2036
2036
2034
2032
2029
2027
2025
2025
2027
2028
2026
2022
2012
2001
1991
1983
1979
1977
1978
1980
1984
1988
1993
1997
1998
1998
1998
1998
1999
1999
1998
1999
2003
2011
2024
2035
2043
2048
2048
2052
2064
2079
2097
2109
2111
2110
2102
2097
2094
2092
2092
2091
2088
2087
2087
2088
2088
2087
2084
2082
2082
2081
2079
2075
2070
2064
2057
2051
2047
2045
2047
2049
2052
2053
2051
2050
2047
2045
2043
2040
2035
2030
2027
2026
2029
2031
2034
2036
2038
2040
2043
2046
2047
2046
2041
2036
2031
2029
2030
2032
2037
2042
2049
2054
2057
2057
2054
2051
2049
2049
2052
2056
2059
2059
2054
2048
2039
2031
2024
2021
2023
2026
2032
2036
2038
2039
2036
2034
2034
2034
2034
2032
2029
2028
2028
2032
2040
2047
2052
2055
2054
2055
2058
2064
2074
2082
2086
2087
2082
2078
2075
2074
2074
2073
2070
2067
2063
2060
2058
2056
2056
2055
2054
2051
2046
2039
2031
2024
2019
2016
2017
2019
2024
2028
2031
2034
2034
2035
2036
2037
2039
2039
2037
2035
2032
2031
2031
2033
2038
2044
2051
2056
2059
2061
2060
2058
2053
2049
2046
2044
2044
2044
2046
2047
2049
2051
2054
2057
2062
2064
2063
2061
2056
2051
2048
2046
2044
2041
2036
2030
2023
2017
2010
2005
2000
1998
1998
2000
2003
2005
2005
2005
2007
2010
2014
2016
2016
2015
2013
2015
2022
2028
2035
2038
2036
2036
2038
2044
2055
2065
2073
2079
2080
2080
2080
2080
2080
2079
2077
2074
2071
2069
2067
2067
2067
2067
2065
2061
2055
2049
2044
2039
2036
2032
2027
2024
2022
2023
2029
2035
2041
2045
2046
2046
2045
2044
2042
2038
2032
2028
2025
2026
2031
2037
2044
2048
2050
2052
2053
2054
2057
2058
2057
2055
2051
2048
2047
2047
2049
2050
2050
2051
2054
2057
2062
2064
2062
2059
2052
2047
2045
2046
2051
2054
2053
2049
2039
2028
2016
2007
2003
2002
2005
2008
2013
2016
2017
2018
2018
2020
2023
2026
2028
2029
2027
2025
2025
2026
2029
2033
2036
2039
2042
2047
2054
2061
2068
2072
2074
2074
2073
2073
2073
2072
2070
2067
2062
2059
2057
2056
2059
2061
2063
2062
2057
2052
2045
2040
2037
2035
2034
2033
2033
2033
2035
2038
2043
2048
2051
2053
2053
2052
2050
2047
2044
2041
2040
2041
2044
2046
2049
2052
2055
2058
2063
2067
2068
2067
2062
2058
2055
2054
2054
2054
2052
2050
2050
2052
2057
2061
2064
2063
2057
2051
2046
2043
2045
2048
2051
2051
2046
2038
2028
2019
2012
2007
2005
2003
2003
2003
2005
2007
2012
2016
2021
2024
2027
2029
2029
2030
2030
2032
2037
2044
2052
2059
2062
2064
2066
2070
2080
2091
2104
2113
2117
2118
2115
2112
2110
2109
2110
2112
2115
2117
2120
2121
2119
2117
2114
2110
2106
2101
2093
2085
2077
2069
2062
2055
2047
2040
2033
2028
2028
2028
2029
2029
2027
2025
2022
2020
2017
2014
2011
2009
2006
2005
2007
2009
2013
2016
2018
2018
2015
2013
2010
2009
2012
2014
2017
2019
2021
2024
2027
2030
2033
2035
2037
2038
2039
2040
2042
2044
2049
2053
2058
2060
2055
2048
2036
2026
2020
2017
2018
2019
2021
2025
2031
2036
2040
2041
2036
2031
2026
2022
2022
2021
2020
2019
2019
2020
2024
2027
2030
2032
2034
2036
2041
2044
2045
2044
2039
2036
2034
2032
2031
2028
2021
2015
2010
2010
2015
2020
2025
2027
2024
2020
2017
2016
2017
2018
2019
2021
2025
2030
2038
2045
2051
2056
2059
2064
2070
2076
2083
2089
2092
2095
2095
2096
2097
2098
2099
2100
2100
2100
2100
2098
2094
2090
2085
2081
2081
2082
2086
2089
2090
2089
2086
2083
2082
2082
2083
2082
2079
2075
2071
2069
2069
2067
2064
2058
2046
2035
2025
2018
2018
2018
2019
2020
2020
2021
2023
2023
2022
2020
2016
2013
2012
2012
2014
2017
2020
2025
2032
2037
2042
2045
2045
2045
2048
2053
2061
2068
2071
2072
2069
2066
2063
2061
2061
2060
2059
2059
2059
2060
2060
2057
2051
2045
2037
2031
2026
2023
2021
2018
2015
2013
2012
2012
2014
2016
2019
2021
2022
2023
2025
2028
2031
2034
2034
2032
2029
2027
2027
2030
2037
2044
2050
2054
2057
2059
2061
2062
2061
2059
2055
2051
2048
2046
2046
2046
2048
2052
2058
2064
2071
2074
2074
2071
2065
2061
2059
2058
2061
2062
2060
2055
2047
2038
2026
2016
2008
2002
2001
2002
2006
2009
2011
2013
2016
2021
2030
2039
2047
2052
2053
2054
2056
2058
2063
2066
2066
2066
2064
2065
2068
2070
2070
2068
2061
2054
2044
2034
2024
2013
2001
1993
1990
1991
1997
2003
2011
2018
2023
2027
2030
2029
2024
2016
2005
1997
1994
1995
2002
2011
2021
2031
2039
2045
2049
2053
2056
2059
2062
2063
2060
2057
2053
2052
2055
2061
2071
2079
2086
2090
2090
2087
2082
2076
2068
2062
2058
2057
2060
2065
2073
2080
2085
2089
2091
2092
2090
2086
2081
2077
2075
2074
2076
2076
2073
2069
2062
2056
2051
2049
2049
2048
2046
2044
2041
2040
2041
2043
2047
2049
2048
2044
2036
2028
2022
2020
2024
2028
2033
2035
2033
2033
2035
2041
2053
2063
2073
2079
2079
2077
2072
2067
2063
2061
2063
2065
2068
2070
2067
2063
2055
2049
2044
2041
2038
2035
2030
2025
2022
2020
2020
2021
2024
2027
2032
2038
2044
2048
2049
2049
2047
2045
2042
2037
2032
2029
2030
2034
2043
2051
2056
2059
2056
2054
2054
2054
2056
2057
2054
2051
2048
2046
2049
2053
2059
2064
2067
2068
2065
2063
2061
2060
2062
2063
2063
2059
2050
2041
2031
2024
2021
2020
2023
2027
2035
2042
2049
2053
2051
2047
2038
2031
2026
2024
2027
2031
2037
2044
2053
2062
2070
2076
2079
2081
2080
2080
2080
2082
2085
2087
2087
2085
2079
2073
2066
2061
2060
2059
2059
2056
2050
2044
2036
2030
2025
2020
2015
2010
2003
1994
1982
1970
1958
1950
1947
1947
1950
1953
1953
1953
1952
1953
1956
1959
1964
1968
1971
1974
1979
1985
1992
1997
2000
2003
2007
2014
2024
2034
2043
2050
2054
2058
2063
2070
2079
2087
2095
2103
2111
2120
2132
2144
2155
2162
2164
2161
2153
2144
2131
2120
2110
2103
2102
2102
2104
2105
2102
2099
2094
2089
2085
2080
2072
2064
2055
2049
2048
2050
2055
2060
2063
2066
2068
2070
2073
2075
2075
2074
2069
2063
2055
2047
2039
2033
2031
2032
2036
2039
2039
2037
2032
2027
2022
2017
2013
2008
2001
1995
1991
1989
1989
1989
1990
1992
1996
2001
2008
2014
2019
2023
2024
2025
2027
2030
2033
2035
2037
2039
2041
2043
2046
2049
2052
2053
2052
2051
2049
2049
2052
2055
2058
2059
2056
2054
2052
2052
2057
2060
2062
2060
2055
2050
2047
2047
2050
2051
2050
2046
2036
2026
2014
2006
2001
1999
1999
2000
2001
2002
2004
2005
2007
2008
2008
2009
2011
2013
2015
2016
2016
2017
2020
2025
2033
2038
2040
2042
2043
2047
2057
2066
2074
2077
2072
2069
2067
2067
2072
2074
2072
2069
2064
2062
2062
2061
2061
2059
2056
2052
2049
2046
2041
2035
2029
2025
2024
2025
2028
2030
2031
2032
2032
2033
2036
2038
2040
2041
2038
2036
2034
2034
2037
2040
2045
2049
2051
2053
2053
2052
2050
2049
2047
2045
2045
2045
2047
2049
2051
2053
2055
2056
2057
2057
2055
2054
2052
2051
2052
2053
2053
2050
2043
2036
2026
2017
2010
2005
2003
2001
2001
2001
2001
2002
2004
2007
2010
2012
2014
2015
2015
2016
2018
2021
2026
2032
2039
2043
2043
2043
2043
2048
2059
2070
2082
2089
2089
2087
2083
2081
2082
2081
2077
2071
2063
2059
2061
2064
2071
2075
2075
2072
2066
2060
2053
2046
2038
2032
2029
2028
2030
2032
2034
2034
2033
2033
2035
2037
2040
2042
2042
2041
2041
2041
2041
2041
2044
2048
2055
2061
2066
2068
2066
2063
2058
2056
2056
2057
2060
2065
2073
2082
2093
2103
2113
2119
2122
2122
2119
2117
2115
2115
2115
2113
2108
2098
2083
2067
2050
2036
2028
2022
2020
2020
2020
2020
2020
2020
2021
2021
2019
2016
2009
2004
1999
1998
2001
2006
2012
2017
2020
2024
2029
2035
2043
2049
2054
2057
2055
2054
2051
2050
2050
2050
2051
2052
2054
2057
2062
2065
2067
2067
2062
2058
2053
2049
2047
2045
2044
2044
2044
2047
2053
2058
2063
2066
2066
2066
2068
2070
2072
2070
2064
2059
2054
2054
2060
2066
2073
2075
2072
2068
2063
2061
2062
2063
2064
2064
2064
2064
2064
2064
2065
2066
2068
2070
2070
2070
2067
2064
2061
2057
2054
2049
2040
2028
2013
1999
1986
1977
1974
1972
1975
1979
1986
1993
2001
2009
2015
2021
2028
2036
2046
2053
2058
2062
2064
2068
2074
2080
2088
2094
2099
2105
2112
2116
2119
2119
2114
2111
2108
2107
2107
2106
2101
2097
2092
2089
2089
2088
2087
2084
2078
2066
2046
2022
1993
1972
1962
1956
1958
1952
1934
1915
1895
1882
1882
1878
1868
1854
1834
1823
1828
1833
1838
1834
1816
1807
1810
1828
1866
1900
1929
1953
1970
1991
2020
2050
2081
2108
2130
2147
2159
2166
2164
2161
2156
2159
2174
2195
2225
2253
2278
2295
2302
2299
2282
2261
2233
2209
2191
2177
2167
2155
2140
2125
2111
2101
2096
2090
2084
2075
2062
2050
2040
2033
2031
2031
2035
2040
2046
2051
2055
2057
2055
2050
2042
2035
2027
2021
2018
2017
2019
2021
2026
2031
2036
2041
2044
2045
2044
2041
2034
2027
2019
2013
2008
2004
2002
2000
1998
1999
2002
2006
2012
2017
2021
2024
2025
2026
2026
2025
2023
2024
2027
2031
2038
2044
2048
2050
2048
2046
2046
2046
2048
2048
2048
2047
2044
2042
2041
2041
2043
2046
2049
2050
2047
2042
2034
2030
2033
2037
2044
2045
2036
2024
2007
1994
1989
1986
1988
1988
1985
1984
1985
1987
1991
1994
1996
1999
2003
2006
2008
2007
2002
2001
2004
2009
2019
2025
2028
2031
2035
2043
2058
2070
2076
2076
2066
2059
2056
2057
2062
2065
2063
2061
2058
2057
2061
2064
2066
2065
2060
2054
2047
2040
2034
2030
2028
2028
2030
2032
2033
2034
2035
2037
2040
2041
2041
2039
2035
2033
2033
2033
2036
2038
2040
2041
2043
2045
2047
2047
2044
2042
2041
2042
2046
2049
2051
2051
2051
2052
2055
2059
2062
2062
2059
2057
2056
2057
2062
2065
2065
2061
2053
2046
2038
2034
2034
2035
2040
2043
2045
2045
2045
2047
2053
2063
2078
2091
2101
2107
2104
2102
2099
2098
2101
2102
2102
2101
2098
2097
2097
2097
2096
2093
2086
2078
2069
2060
2052
2044
2039
2035
2033
2032
2032
2032
2032
2033
2036
2037
2035
2031
2023
2014
2006
2002
2005
2010
2019
2027
2034
2038
2041
2043
2044
2044
2044
2044
2044
2043
2043
2042
2041
2041
2042
2044
2047
2048
2048
2047
2045
2044
2046
2047
2045
2042
2037
2035
2040
2046
2052
2052
2042
2034
2029
2032
2049
2060
2064
2058
2035
2016
2003
1999
2011
2023
2038
2048
2050
2047
2034
2022
2012
2009
2019
2033
2052
2065
2068
2068
2060
2054
2049
2047
2047
2050
2060
2074
2092
2109
2122
2131
2136
2139
2139
2135
2127
2117
2105
2093
2082
2070
2057
2048
2043
2041
2045
2046
2043
2039
2031
2025
2021
2014
2001
1989
1977
1971
1976
1979
1982
1978
1963
1948
1933
1921
1913
1906
1898
1894
1896
1899
1904
1908
1908
1910
1917
1927
1943
1957
1968
1980
1993
2009
2027
2040
2047
2049
2046
2046
2053
2065
2084
2104
2125
2143
2156
2164
2165
2164
2161
2159
2161
2163
2163
2161
2155
2149
2142
2137
2132
2128
2124
2121
2119
2117
2117
2116
2115
2113
2108
2103
2098
2094
2094
2094
2096
2096
2091
2085
2076
2069
2065
2062
2060
2058
2055
2053
2050
2049
2051
2052
2055
2056
2054
2049
2040
2030
2018
2009
2002
1998
1997
1997
1999
2002
2007
2011
2016
2021
2024
2028
2031
2033
2034
2034
2032
2032
2034
2036
2039
2040
2040
2039
2036
2035
2037
2038
2038
2037
2033
2030
2028
2028
2031
2035
2041
2046
2049
2049
2046
2042
2037
2035
2035
2033
2028
2021
2010
2001
1994
1991
1994
1997
2001
2004
2006
2007
2009
2009
2007
2006
2003
2002
2002
2004
2009
2015
2022
2028
2031
2032
2031
2032
2037
2045
2058
2069
2077
2081
2078
2073
2065
2060
2057
2056
2058
2060
2060
2058
2055
2052
2052
2052
2053
2052
2048
2042
2032
2025
2020
2017
2020
2023
2027
2030
2033
2036
2039
2042
2045
2045
2042
2038
2031
2027
2027
2029
2036
2042
2047
2049
2048
2047
2047
2047
2050
2052
2052
2051
2050
2050
2050
2050
2052
2054
2057
2059
2061
2060
2057
2054
2049
2047
2047
2047
2047
2044
2038
2031
2023
2015
2008
2001
1994
1991
1991
1993
2001
2007
2011
2014
2015
2017
2022
2026
2030
2033
2033
2034
2037
2039
2041
2042
2040
2042
2048
2058
2074
2087
2095
2101
2101
2102
2105
2107
2109
2109
2107
2107
2109
2110
2112
2114
2114
2115
2117
2117
2114
2107
2094
2081
2070
2063
2063
2063
2063
2062
2060
2059
2061
2062
2062
2059
2052
2045
2037
2030
2026
2024
2025
2026
2028
2030
2031
2032
2033
2033
2031
2028
2023
2020
2017
2016
2017
2018
2021
2025
2030
2035
2040
2042
2040
2038
2036
2037
2041
2044
2045
2044
2041
2038
2037
2036
2033
2030
2025
2023
2025
2028
2035
2040
2043
2045
2045
2044
2042
2039
2034
2027
2019
2013
2011
2012
2019
2027
2037
2045
2050
2056
2062
2069
2078
2085
2090
2093
2090
2089
2091
2093
2098
2100
2097
2091
2083
2078
2078
2079
2080
2078
2070
2064
2059
2058
2063
2066
2067
2066
2063
2061
2060
2059
2058
2056
2053
2051
2049
2048
2046
2042
2035
2027
2016
2002
1983
1965
1948
1939
1942
1949
1961
1964
1952
1935
1907
1887
1877
1875
1885
1897
1910
1923
1936
1949
1962
1972
1979
1984
1987
1992
2000
2008
2016
2023
2028
2034
2039
2047
2059
2071
2085
2096
2102
2106
2106
2108
2115
2124
2136
2144
2147
2151
2154
2161
2173
2183
2190
2192
2185
2179
2173
2169
2168
2165
2158
2151
2142
2135
2132
2128
2125
2120
2112
2103
2093
2085
2079
2074
2069
2064
2057
2049
2039
2031
2025
2021
2019
2018
2016
2015
2013
2013
2013
2013
2013
2012
2011
2011
2013
2014
2016
2015
2012
2010
2008
2008
2011
2015
2020
2026
2031
2036
2041
2043
2041
2039
2035
2033
2033
2033
2035
2036
2036
2036
2038
2040
2044
2047
2047
2046
2041
2037
2034
2033
2035
2037
2037
2033
2023
2012
1999
1991
1989
1991
1998
2004
2009
2011
2011
2011
2011
2011
2012
2012
2009
2007
2005
2006
2013
2021
2031
2039
2042
2043
2041
2042
2049
2057
2068
2075
2076
2074
2067
2063
2063
2065
2068
2069
2066
2064
2062
2063
2068
2069
2066
2061
2051
2043
2038
2035
2033
2030
2025
2022
2020
2021
2026
2030
2034
2037
2039
2039
2038
2037
2034
2032
2031
2031
2034
2036
2039
2041
2042
2043
2045
2048
2051
2053
2055
2055
2053
2051
2049
2048
2050
2051
2053
2054
2053
2052
2051
2051
2052
2053
2053
2052
2049
2048
2048
2049
2052
2054
2053
2049
2041
2032
2024
2018
2013
2007
2002
1997
1993
1992
1995
2000
2007
2013
2018
2023
2028
2031
2031
2031
2029
2030
2034
2038
2041
2042
2037
2034
2034
2039
2052
2065
2077
2084
2085
2085
2083
2082
2079
2076
2071
2066
2063
2062
2064
2065
2066
2066
2064
2060
2054
2048
2040
2035
2033
2034
2037
2040
2040
2040
2039
2040
2045
2051
2058
2063
2065
2065
2062
2060
2060
2061
2066
2070
2074
2077
2079
2081
2086
2090
2095
2097
2094
2090
2083
2078
2075
2073
2073
2073
2073
2074
2076
2076
2076
2074
2071
2069
2067
2065
2061
2056
2049
2045
2044
2043
2041
2035
2025
2014
2004
1997
1997
1998
2003
2007
2010
2013
2013
2011
2008
2005
2002
2000
1999
1998
1996
1998
2004
2011
2021
2028
2030
2032
2037
2046
2062
2073
2077
2075
2064
2059
2062
2068
2078
2080
2072
2066
2064
2068
2081
2087
2084
2077
2066
2062
2069
2074
2074
2068
2053
2044
2045
2050
2062
2068
2063
2060
2058
2060
2070
2073
2067
2059
2047
2043
2048
2054
2061
2064
2061
2062
2067
2074
2083
2088
2085
2080
2070
2059
2048
2038
2029
2023
2021
2018
2015
2011
2006
2005
2010
2017
2027
2031
2026
2018
2006
1997
1992
1988
1986
1982
1975
1968
1958
1949
1939
1933
1931
1932
1937
1942
1945
1948
1950
1953
1957
1961
1964
1967
1970
1978
1992
2008
2026
2042
2055
2067
2078
2089
2102
2114
2124
2132
2135
2135
2131
2127
2123
2121
2124
2127
2132
2135
2136
2137
2139
2141
2144
2145
2143
2139
2131
2123
2113
2104
2096
2090
2085
2081
2080
2079
2079
2078
2078
2077
2075
2073
2068
2062
2055
2049
2045
2043
2044
2045
2047
2049
2052
2054
2056
2056
2052
2047
2040
2036
2036
2037
2040
2042
2042
2040
2037
2035
2035
2035
2038
2039
2037
2034
2029
2027
2027
2028
2033
2036
2033
2026
2011
1997
1987
1983
1988
1995
2003
2008
2008
2007
2004
2003
2005
2008
2011
2013
2015
2016
2018
2020
2023
2025
2026
2027
2028
2031
2037
2045
2056
2065
2073
2077
2075
2073
2070
2068
2068
2067
2065
2063
2059
2056
2055
2056
2059
2060
2060
2057
2051
2045
2038
2033
2028
2025
2023
2022
2024
2026
2029
2031
2031
2031
2031
2031
2033
2035
2038
2040
2040
2038
2034
2031
2030
2032
2037
2042
2047
2050
2048
2047
2046
2047
2050
2053
2054
2054
2052
2052
2052
2053
2055
2055
2053
2052
2050
2050
2053
2055
2057
2056
2053
2050
2047
2044
2044
2042
2039
2034
2026
2018
2010
2005
2003
2003
2005
2006
2007
2008
2010
2012
2015
2017
2019
2019
2018
2018
2020
2024
2030
2035
2038
2038
2035
2035
2038
2045
2058
2069
2079
2085
2084
2082
2078
2076
2076
2076
2076
2074
2071
2068
2067
2067
2069
2070
2067
2063
2057
2052
2048
2044
2039
2034
2028
2025
2025
2028
2036
2042
2047
2050
2052
2053
2055
2056
2054
2052
2049
2047
2049
2052
2060
2067
2074
2079
2084
2089
2095
2100
2103
2103
2098
2092
2085
2080
2078
2077
2077
2075
2071
2068
2065
2064
2066
2066
2064
2061
2057
2053
2050
2048
2046
2045
2042
2039
2035
2029
2019
2010
2000
1994
1993
1995
2001
2006
2009
2011
2013
2015
2017
2016
2013
2010
2005
2003
2006
2010
2016
2021
2026
2033
2042
2051
2059
2064
2066
2068
2073
2078
2083
2083
2075
2067
2059
2058
2066
2072
2075
2075
2069
2067
2070
2074
2078
2076
2064
2053
2043
2038
2041
2043
2044
2044
2042
2042
2045
2049
2053
2056
2056
2055
2054
2053
2053
2053
2053
2054
2055
2056
2056
2057
2060
2064
2069
2073
2073
2071
2067
2064
2062
2060
2057
2055
2053
2053
2056
2059
2062
2064
2064
2064
2066
2067
2065
2062
2055
2050
2049
2051
2056
2057
2051
2041
2024
2009
1999
1991
1988
1985
1983
1984
1987
1989
1989
1986
1976
1966
1958
1952
1948
1942
1932
1925
1923
1928
1943
1954
1961
1963
1960
1962
1975
1990
2008
2019
2021
2022
2023
2027
2036
2042
2044
2046
2049
2057
2073
2087
2098
2105
2105
2106
2109
2111
2113
2112
2107
2103
2101
2101
2106
2112
2119
2125
2129
2132
2133
2133
2131
2130
2127
2123
2116
2109
2104
2102
2105
2107
2110
2109
2102
2096
2091
2087
2085
2082
2079
2076
2074
2072
2070
2067
2064
2062
2062
2063
2064
2062
2055
2049
2043
2040
2040
2039
2037
2032
2024
2016
2008
2000
1994
1990
1988
1988
1993
1996
1999
2000
1997
1996
1997
1998
2001
2001
1998
1995
1993
1996
2004
2012
2022
2028
2030
2032
2034
2039
2049
2057
2065
2069
2066
2063
2058
2056
2058
2058
2058
2056
2052
2050
2052
2053
2055
2054
2048
2042
2036
2032
2030
2027
2022
2018
2015
2016
2021
2026
2031
2035
2035
2035
2037
2039
2041
2040
2036
2033
2032
2034
2039
2042
2042
2040
2035
2033
2036
2041
2049
2054
2056
2054
2049
2044
2041
2039
2040
2041
2043
2044
2046
2047
2049
2051
2051
2052
2052
2053
2053
2053
2051
2051
2051
2051
2054
2054
2051
2043
2030
2018
2008
2001
2001
2001
2003
2005
2005
2004
2004
2005
2008
2012
2017
2021
2024
2025
2025
2026
2031
2035
2040
2043
2043
2043
2043
2047
2055
2063
2071
2076
2076
2077
2077
2077
2077
2075
2072
2068
2064
2061
2061
2061
2062
2063
2063
2063
2061
2057
2052
2046
2040
2035
2032
2030
2030
2030
2030
2032
2035
2039
2044
2048
2050
2048
2041
2035
2030
2027
2030
2034
2041
2045
2047
2047
2047
2048
2052
2057
2064
2068
2069
2067
2060
2053
2048
2045
2045
2046
2048
2050
2050
2051
2055
2059
2064
2067
2065
2063
2060
2060
2063
2066
2070
2071
2068
2062
2054
2046
2040
2036
2036
2036
2039
2041
2041
2041
2038
2036
2036
2037
2042
2045
2048
2049
2046
2045
2045
2047
2054
2059
2062
2064
2062
2062
2067
2073
2081
2087
2089
2089
2086
2082
2079
2074
2068
2063
2058
2057
2060
2063
2066
2066
2062
2057
2049
2042
2035
2029
2025
2023
2023
2024
2026
2028
2030
2032
2035
2037
2039
2039
2037
2036
2034
2032
2029
2026
2021
2020
2025
2034
2048
2058
2061
2060
2051
2044
2041
2041
2048
2053
2056
2055
2047
2040
2033
2032
2039
2049
2065
2077
2082
2081
2068
2056
2045
2041
2049
2060
2076
2086
2089
2084
2068
2051
2033
2021
2018
2021
2033
2044
2054
2059
2054
2046
2033
2022
2015
2013
2018
2025
2035
2043
2048
2050
2050
2049
2049
2049
2051
2052
2052
2053
2055
2055
2055
2052
2046
2041
2036
2034
2034
2034
2031
2027
2021
2018
2018
2018
2020
2019
2011
2003
1993
1984
1978
1971
1963
1955
1947
1943
1943
1945
1952
1959
1967
1975
1983
1991
1998
2004
2010
2017
2027
2036
2045
2053
2061
2069
2077
2084
2088
2089
2086
2084
2085
2090
2100
2111
2122
2132
2140
2147
2152
2154
2149
2143
2134
2128
2125
2124
2125
2124
2119
2112
2100
2088
2075
2065
2058
2055
2058
2060
2062
2061
2056
2049
2041
2035
2030
2025
2020
2016
2012
2011
2015
2022
2033
2042
2049
2053
2053
2053
2055
2056
2059
2059
2056
2051
2046
2043
2044
2046
2051
2054
2054
2054
2052
2050
2049
2048
2047
2045
2040
2034
2026
2020
2015
2012
2014
2016
2019
2023
2026
2028
2030
2030
2027
2026
2026
2028
2034
2038
2040
2039
2033
2029
2027
2029
2037
2043
2048
2050
2048
2046
2043
2042
2042
2043
2044
2045
2045
2044
2044
2043
2041
2041
2044
2047
2052
2054
2054
2051
2046
2041
2037
2034
2032
2029
2025
2020
2013
2008
2004
2001
2000
2000
2000
2001
2003
2004
2007
2010
2013
2017
2020
2022
2022
2022
2024
2026
2031
2035
2037
2038
2036
2037
2042
2050
2062
2070
2075
2078
2076
2074
2071
2069
2066
2064
2062
2062
2064
2066
2066
2064
2060
2056
2052
2048
2045
2042
2039
2035
2032
2029
2026
2025
2025
2028
2034
2039
2044
2047
2045
2044
2041
2041
2044
2047
2050
2052
2054
2057
2064
2071
2078
2082
2082
2082
2082
2084
2087
2089
2089
2088
2086
2085
2087
2088
2089
2091
2094
2099
2106
2108
2105
2099
2086
2077
2074
2071
2069
2062
2045
2028
2008
1995
1992
1993
2000
2005
2007
2006
2003
2001
2001
2002
2006
2009
2009
2007
2001
1998
2001
2007
2020
2030
2036
2040
2042
2046
2055
2064
2073
2077
2074
2070
2062
2056
2051
2048
2047
2048
2053
2059
2065
2069
2071
2073
2074
2073
2070
2064
2052
2042
2035
2035
2043
2050
2058
2063
2065
2067
2070
2072
2072
2068
2058
2047
2036
2029
2027
2027
2032
2038
2047
2055
2060
2063
2060
2059
2059
2061
2064
2066
2063
2061
2060
2062
2068
2070
2067
2060
2047
2040
2040
2042
2049
2053
2056
2058
2060
2059
2054
2043
2023
2006
1992
1988
1998
2012
2030
2044
2051
2054
2051
2047
2040
2033
2023
2013
2004
2000
2004
2014
2034
2052
2067
2077
2078
2078
2076
2077
2080
2081
2078
2073
2064
2055
2045
2035
2026
2018
2013
2007
1999
1989
1976
1965
1959
1957
1960
1961
1957
1949
1934
1922
1914
1909
1911
1914
1922
1931
1943
1955
1965
1974
1981
1989
1997
2005
2012
2017
2021
2028
2040
2054
2073
2091
2108
2125
2142
2160
2180
2194
2201
2204
2199
2195
2193
2193
2195
2194
2188
2182
2175
2171
2173
2176
2179
2177
2169
2157
2139
2119
2096
2075
2057
2046
2044
2046
2051
2052
2045
2034
2018
2006
1999
1996
1996
1996
1993
1991
1989
1991
1999
2006
2014
2018
2017
2017
2018
2021
2028
2033
2035
2034
2029
2025
2024
2026
2032
2036
2038
2039
2037
2036
2039
2042
2045
2045
2042
2038
2032
2027
2022
2018
2015
2014
2014
2016
2020
2024
2027
2030
2032
2032
2032
2032
2033
2034
2034
2033
2031
2031
2032
2034
2039
2043
2046
2047
2047
2046
2045
2044
2042
2042
2042
2042
2045
2047
2047
2047
2046
2046
2048
2050
2051
2049
2044
2040
2038
2040
2047
2051
2049
2041
2025
2011
2000
1994
1996
1997
2000
2002
2002
2003
2006
2008
2010
2011
2011
2012
2015
2018
2019
2019
2018
2020
2025
2031
2036
2040
2040
2043
2049
2056
2066
2072
2072
2070
2067
2065
2067
2067
2065
2062
2057
2055
2057
2058
2061
2062
2062
2061
2059
2055
2048
2042
2034
2029
2028
2028
2031
2032
2031
2031
2031
2032
2035
2037
2039
2041
2043
2043
2041
2038
2034
2032
2035
2040
2048
2054
2059
2063
2066
2068
2069
2069
2067
2066
2066
2067
2070
2072
2072
2072
2074
2078
2086
2092
2095
2095
2092
2091
2092
2094
2098
2101
2103
2103
2102
2099
2092
2083
2069
2056
2044
2038
2038
2040
2043
2044
2039
2033
2025
2018
2013
2009
2007
2006
2006
2007
2010
2014
2018
2021
2023
2026
2032
2041
2054
2064
2069
2069
2061
2052
2044
2041
2045
2050
2056
2060
2060
2060
2059
2059
2059
2058
2056
2054
2052
2050
2047
2044
2041
2037
2034
2033
2033
2035
2039
2043
2047
2049
2048
2046
2043
2043
2048
2055
2064
2069
2066
2063
2060
2062
2071
2078
2083
2081
2069
2059
2050
2046
2049
2053
2058
2063
2067
2071
2074
2075
2071
2065
2055
2047
2043
2044
2053
2066
2084
2097
2105
2103
2088
2068
2043
2023
2013
2009
2017
2028
2044
2058
2068
2073
2068
2060
2046
2031
2014
1997
1977
1961
1950
1950
1966
1986
2012
2031
2040
2045
2043
2041
2038
2031
2018
2001
1978
1958
1941
1927
1919
1912
1909
1907
1907
1907
1908
1909
1909
1908
1904
1899
1892
1890
1893
1901
1916
1931
1946
1959
1969
1978
1988
1999
2011
2024
2041
2061
2086
2114
2144
2173
2200
2224
2243
2255
2257
2255
2246
2239
2234
2232
2233
2233
2231
2231
2231
2231
2233
2231
2223
2213
2198
2183
2168
2154
2142
2132
2124
2117
2110
2101
2088
2072
2052
2035
2021
2011
2007
2005
2007
2007
2006
2002
1994
1985
1975
1967
1962
1959
1956
1954
1952
1953
1961
1971
1984
1994
2000
2004
2007
2011
2017
2022
2027
2029
2027
2026
2027
2030
2035
2040
2043
2044
2044
2044
2046
2049
2054
2056
2055
2051
2041
2030
2020
2014
2014
2015
2020
2025
2028
2030
2032
2035
2040
2044
2047
2048
2045
2041
2036
2031
2028
2027
2030
2034
2040
2045
2048
2050
2047
2044
2039
2035
2033
2032
2033
2034
2036
2038
2038
2038
2038
2039
2042
2046
2049
2050
2047
2044
2040
2039
2042
2047
2053
2055
2052
2047
2039
2032
2028
2027
2030
2035
2042
2049
2056
2062
2068
2074
2081
2088
2095
2100
2103
2106
2109
2113
2120
2124
2126
2124
2119
2116
2116
2118
2122
2121
2113
2101
2082
2064
2049
2037
2030
2026
2023
2020
2017
2014
2009
2005
2000
1997
1995
1993
1991
1988
1985
1983
1982
1982
1985
1988
1993
1999
2007
2013
2016
2019
2019
2021
2024
2027
2032
2035
2038
2043
2051
2060
2070
2077
2077
2074
2069
2065
2064
2064
2064
2063
2061
2062
2067
2074
2083
2089
2090
2089
2085
2081
2078
2076
2074
2071
2068
2065
2060
2053
2045
2037
2029
2023
2018
2016
2018
2021
2029
2035
2038
2037
2030
2024
2017
2011
2006
2000
1993
1989
1989
1992
2002
2009
2014
2017
2017
2018
2021
2024
2027
2025
2017
2007
1995
1986
1980
1975
1971
1967
1962
1959
1957
1955
1953
1952
1952
1952
1954
1955
1957
1958
1960
1963
1970
1978
1990
2000
2008
2015
2020
2026
2031
2036
2039
2041
2041
2041
2040
2039
2037
2035
2032
2030
2028
2025
2020
2014
2006
2002
2004
2008
2016
2022
2025
2027
2027
2029
2034
2043
2057
2077
2107
2140
2178
2206
2221
2224
2211
2196
2178
2163
2150
2139
2129
2121
2118
2119
2127
2135
2145
2150
2145
2130
2098
2060
2014
1975
1948
1934
1938
1948
1968
1992
2020
2049
2079
2101
2110
2108
2090
2070
2047
2027
2014
2005
2002
2006
2019
2038
2064
2088
2108
2124
2133
2138
2136
2127
2107
2082
2047
2017
1992
1976
1976
1981
1995
2009
2024
2036
2044
2049
2052
2055
2060
2067
2075
2080
2080
2074
2059
2043
2025
2009
1996
1985
1975
1968
1963
1961
1965
1973
1988
2005
2027
2045
2058
2064
2060
2054
2046
2038
2031
2021
2004
1986
1963
1947
1941
1942
1952
1962
1972
1981
1988
1993
1998
2001
2001
2000
1999
1999
1999
1998
1994
1989
1982
1977
1975
1978
1990
2008
2033
2058
2081
2095
2097
2094
2086
2082
2084
2087
2090
2089
2081
2072
2062
2054
2051
2048
2046
2045
2042
2039
2034
2029
2022
2016
2013
2012
2015
2020
2025
2030
2033
2035
2037
2040
2044
2049
2055
2060
2063
2063
2060
2057
2054
2053
2058
2065
2077
2087
2094
2097
2094
2091
2088
2090
2098
2108
2120
2129
2134
2139
2144
2152
2162
2169
2169
2162
2147
2132
2119
2111
2110
2110
2112
2113
2114
2115
2116
2116
2115
2112
2104
2093
2078
2061
2043
2027
2012
2001
1996
1995
2001
2010
2025
2039
2052
2062
2067
2072
2076
2080
2085
2092
2102
2117
2140
2161
2180
2186
2172
2150
2115
2086
2063
2046
2038
2030
2020
2009
1995
1982
1971
1965
1966
1971
1982
1990
1995
1996
1991
1989
1994
2006
2026
2042
2052
2052
2037
2020
1999
1983
1975
1972
1978
1986
1998
2009
2021
2029
2033
2034
2029
2024
2019
2017
2018
2017
2014
2009
2001
1994
1990
1992
2004
2021
2046
2069
2090
2105
2111
2115
2116
2119
2126
2134
2144
2152
2155
2151
2136
2115
2085
2055
2027
2002
1982
1958
1928
1898
1868
1849
1845
1843
1844
1837
1818
1799
1781
1767
1761
1753
1741
1729
1717
1714
1726
1743
1770
1790
1800
1795
1767
1728
1673
1620
1572
1534
1510
1493
1485
1481
1481
1483
1490
1500
1515
1532
1552
1570
1585
1601
1617
1642
1680
1727
1788
1849
1910
1966
2014
2055
2086
2113
2136
2164
2201
2243
2291
2329
2353
2370
2378
2393
2420
2449
2484
2515
2538
2565
2599
2640
2692
2734
2762
2769
2745
2712
2667
2625
2588
2552
2519
2480
2435
2387
2334
2280
2225
2168
2110
2058
2018
1988
1974
1956
1931
1889
1821
1747
1664
1596
1551
1531
1549
1588
1659
1738
1831
1916
1990
2047
2079
2099
2100
2098
2093
2088
2085
2082
2079
2080
2085
2095
2111
2125
2137
2151
2170
2203
2257
2316
2383
2435
2463
2469
2441
2399
2334
2263
2184
2107
2032
1960
1893
1827
1762
1697
1634
1577
1531
1503
1501
1521
1571
1622
1675
1711
1722
1732
1740
1762
1805
1838
1856
1851
1811
1777
1752
1758
1809
1876
1964
2048
2126
2195
2252
2299
2330
2351
2356
2356
2348
2337
2322
2304
2284
2269
2262
2263
2275
2284
2289
2281
2254
2222
2180
2145
2122
2104
2095
2082
2062
2041
2018
2005
2008
2027
2070
2146
2275
2443
2670
2879
3059
3147
3096
2968
2721
2471
2218
2000
1836
1700
1609
1538
1498
1474
1474
1494
1545
1631
1768
1934
2144
2348
2544
2696
2781
2795
2702
2543
2283
2002
1687
1403
1166
977
863
792
784
811
890
991
1127
1263
1399
1514
1597
1654
1674
1680
1665
1650
1632
1621
1618
1628
1656
1696
1753
1811
1869
1922
1965
2001
2028
2045
2050
2051
2048
2056
2079
2108
2148
2180
2198
2213
2224
2247
2290
2333
2378
2405
2405
2397
2377
2369
2380
2399
2430
2449
2452
2441
2409
2379
2354
2338
2336
2334
2332
2324
2305
2281
2249
2216
2181
2151
2129
2113
2108
2101
2092
2079
2059
2043
2033
2030
2036
2039
2037
2030
2017
2006
2000
1996
1996
1991
1979
1965
1946
1930
1918
1911
1909
1910
1915
1919
1919
1916
1907
1901
1898
1900
1910
1911
1896
1860
1794
1718
1628
1545
1472
1413
1377
1363
1382
1414
1464
1501
1516
1511
1473
1426
1365
1296
1215
1133
1048
986
959
972
1047
1156
1316
1494
1701
1914
2136
2366
2608
2864
3139
3409
3674
3885
4016
4095
4095
4095
4095
4095
4095
4095
4095
4095
4095
4095
4095
4095
4095
4095
4095
4074
4023
3883
3606
3302
2957
2615
2279
1981
1739
1539
1400
1281
1190
1098
1004
905
801
705
622
547
484
410
319
220
108
32
12
13
48
92
150
197
229
272
332
404
493
582
672
773
891
1025
1182
1335
1484
1620
1736
1845
1943
2029
2099
2152
2180
2200
2207
2214
2223
2237
2257
2286
2327
2378
2446
2515
2588
2647
2682
2695
2674
2639
2583
2521
2453
2384
2313
2250
2198
2162
2150
2153
2178
2208
2246
2280
2308
2320
2309
2287
2247
2218
2203
2208
2241
2283
2336
2391
2448
2507
2570
2629
2682
2723
2747
2761
2759
2750
2728
2696
2651
2598
2533
2468
2402
2345
2301
2265
2241
2220
2203
2192
2189
2194
2211
2223
2228
2221
2198
2170
2135
2093
2042
1980
1904
1833
1771
1727
1710
1702
1710
1721
1736
1756
1784
1811
1836
1859
1879
1901
1926
1948
1965
1970
1958
1944
1926
1911
1899
1882
1859
1835
1810
1795
1795
1800
1812
1820
1822
1830
1846
1869
1902
1922
1922
1905
1864
1823
1782
1743
1708
1671
1631
1605
1599
1615
1663
1714
1770
1819
1859
1907
1968
2042
2137
2230
2318
2396
2458
2516
2566
2613
2656
2688
2704
2706
2687
2667
2647
2644
2669
2704
2752
2779
2772
2745
2687
2647
2635
2648
2701
2738
2753
2727
2640
2524
2363
2187
1989
1792
1597
1425
1288
1177
1105
1054
1034
1050
1123
1231
1391
1537
1663
1739
1739
1712
1644
1589
1555
1542
1560
1583
1616
1652
1692
1744
1812
1887
1973
2050
2113
2157
2170
2165
2135
2104
2073
2058
2071
2095
2137
2173
2199
2222
2241
2267
2303
2334
2354
2357
2332
2306
2276
2258
2258
2262
2272
2279
2279
2279
2278
2282
2295
2313
2341
2366
2387
2398
2395
2385
2367
2349
2334
2317
2299
2278
2253
2229
2207
2190
2180
2171
2166
2160
2153
2143
2129
2109
2079
2041
1993
1941
1881
1822
1761
1708
1665
1638
1634
1646
1682
1726
1784
1841
1896
1941
1973
1996
2004
2010
2014
2021
2033
2044
2053
2063
2076
2102
2147
2200
2266
2320
2356
2382
2392
2401
2411
2407
2383
2331
2235
2127
1998
1877
1768
1672
1596
1543
1526
1545
1616
1706
1823
1933
2031
2113
2171
2204
2201
2168
2090
2006
1913
1846
1819
1818
1858
1901
1948
1989
2020
2049
2076
2102
2125
2139
2141
2133
2110
2085
2057
2039
2036
2052
2097
2152
2223
2287
2338
2376
2396
2414
2431
2443
2446
2432
2391
2344
2286
2238
2206
2180
2162
2142
2119
2097
2075
2050
2020
1984
1938
1895
1859
1836
1833
1838
1857
1879
1906
1932
1959
1978
1987
1985
1965
1938
1900
1866
1838
1822
1822
1831
1854
1880
1908
1930
1943
1946
1936
1928
1923
1934
1969
2014
2074
2127
2168
2196
2203
2198
2177
2148
2108
2066
2022
1984
1954
1930
1912
1897
1885
1882
1892
1910
1943
1973
2000
2018
2022
2025
2027
2033
2046
2053
2053
2041
2013
1987
1965
1958
1975
1997
2030
2054
2064
2068
2063
2061
2066
2069
2071
2064
2043
2019
1989
1965
1948
1932
1917
1901
1884
1874
1874
1883
1906
1932
1963
1994
2022
2047
2068
2087
2104
2122
2142
2163
2184
2197
2200
2196
2183
2171
2159
2149
2139
2125
2106
2086
2063
2042
2024
2006
1986
1964
1939
1917
1898
1884
1879
1878
1883
1891
1904
1917
1930
1942
1952
1961
1971
1981
1991
2003
2017
2033
2052
2069
2082
2091
2093
2096
2101
2109
2121
2127
2126
2120
2107
2099
2097
2097
2102
2101
2093
2084
2072
2065
2063
2064
2067
2068
2067
2065
2062
2057
2051
2045
2040
2036
2034
2031
2028
2024
2019
2019
2026
2035
2050
2062
2070
2073
2070
2067
2062
2058
2056
2055
2054
2053
2051
2051
2051
2051
2054
2057
2062
2067
2071
2074
2075
2075
2072
2068
2062
2056
2049
2044
2041
2040
2042
2043
2045
2047
2047
2046
2046
2045
2043
2039
2034
2030
2030
2034
2045
2054
2062
2065
2062
2059
2059
2062
2071
2078
2081
2081
2076
2073
2070
2069
2069
2068
2066
2065
2063
2062
2059
2056
2053
2049
2046
2040
2030
2018
2005
1995
1990
1987
1988
1989
1990
1992
1995
2000
2006
2011
2015
2020
2027
2032
2035
2033
2025
2018
2013
2012
2019
2025
2029
2031
2031
2034
2044
2055
2066
2072
2070
2070
2070
2072
2077
2077
2068
2056
2040
2028
2023
2020
2020
2019
2018
2019
2022
2024
2026
2025
2021
2018
2018
2019
2024
2028
2030
2032
2034
2037
2042
2046
2048
2050
2051
2054
2060
2065
2068
2068
2064
2061
2059
2059
2062
2062
2059
2055
2050
2048
2051
2055
2058
2058
2053
2046
2038
2032
2027
2022
2018
2015
2015
2016
2021
2026
2030
2034
2038
2042
2046
2048
2046
2042
2034
2026
2021
2017
2015
2014
2013
2014
2017
2022
2030
2037
2042
2045
2045
2044
2041
2039
2039
2039
2039
2037
2032
2025
2017
2009
2002
1998
1996
1996
1998
1999
2002
2004
2005
2006
2006
2008
2013
2020
2028
2034
2039
2043
2043
2044
2044
2045
2045
2046
2049
2053
2060
2065
2068
2070
2067
2065
2064
2064
2066
2068
2069
2069
2068
2068
2071
2073
2075
2074
2070
2065
2060
2055
2051
2046
2041
2037
2036
2039
2047
2056
2066
2075
2083
2090
2098
2103
2105
2104
2096
2089
2082
2078
2078
2079
2082
2086
2093
2099
2106
2110
2110
2110
2108
2105
2100
2093
2083
2073
2063
2054
2047
2040
2031
2023
2016
2012
2014
2015
2015
2015
2012
2011
2011
2012
2012
2011
2008
2007
2007
2009
2014
2020
2026
2031
2034
2036
2038
2042
2047
2053
2058
2061
2059
2058
2056
2056
2059
2062
2065
2065
2062
2060
2060
2061
2066
2069
2069
2067
2061
2054
2046
2038
2032
2028
2026
2026
2026
2026
2024
2023
2023
2025
2030
2036
2043
2046
2045
2042
2036
2030
2023
2016
2009
2004
2000
1998
2000
2003
2007
2010
2010
2009
2009
2009
2012
2014
2015
2015
2012
2009
2004
1999
1994
1989
1986
1985
1990
1997
2007
2016
2024
2030
2035
2039
2041
2043
2043
2044
2047
2050
2053
2056
2057
2058
2058
2060
2068
2076
2086
2092
2094
2094
2090
2088
2088
2090
2093
2096
2096
2096
2095
2095
2095
2096
2098
2098
2098
2096
2091
2085
2077
2070
2063
2058
2055
2053
2050
2049
2049
2051
2056
2062
2067
2072
2076
2080
2083
2085
2082
2077
2068
2060
2054
2051
2051
2052
2054
2057
2060
2065
2070
2074
2077
2077
2074
2069
2062
2057
2052
2048
2046
2043
2040
2035
2028
2023
2019
2017
2017
2018
2020
2022
2022
2023
2023
2023
2021
2019
2016
2014
2014
2017
2024
2031
2036
2040
2040
2041
2046
2054
2064
2071
2073
2071
2064
2058
2053
2049
2048
2048
2049
2050
2053
2055
2055
2053
2050
2048
2048
2047
2045
2040
2031
2023
2016
2012
2014
2016
2019
2021
2023
2024
2026
2029
2032
2035
2040
2045
2048
2049
2046
2042
2036
2032
2032
2033
2037
2041
2045
2048
2050
2051
2051
2053
2056
2059
2062
2062
2058
2053
2048
2045
2045
2044
2043
2039
2031
2023
2015
2008
2004
2001
2001
2001
2002
2003
2005
2008
2011
2015
2018
2021
2023
2025
2030
2035
2043
2048
2048
2046
2043
2043
2050
2057
2067
2072
2071
2069
2064
2061
2063
2064
2067
2068
2066
2065
2065
2066
2070
2073
2074
2072
2067
2060
2052
2045
2040
2035
2032
2029
2027
2028
2033
2039
2044
2048
2050
2051
2053
2055
2058
2058
2054
2049
2042
2037
2036
2037
2040
2042
2042
2042
2043
2044
2047
2049
2049
2049
2051
2054
2057
2057
2052
2045
2037
2033
2036
2039
2042
2041
2032
2022
2010
2002
2001
2002
2006
2009
2009
2009
2009
2009
2012
2015
2020
2025
2030
2034
2039
2043
2046
2048
2048
2047
2045
2046
2051
2058
2069
2077
2082
2084
2082
2081
2081
2081
2083
2083
2082
2081
2081
2081
2083
2083
2083
2081
2076
2069
2060
2050
2039
2030
2024
2021
2021
2020
2020
2020
2022
2025
2033
2039
2043
2045
2042
2040
2040
2040
2041
2040
2035
2032
2030
2032
2037
2042
2045
2046
2044
2043
2043
2043
2045
2047
2047
2048
2050
2052
2054
2055
2055
2054
2054
2053
2051
2047
2039
2030
2021
2015
2013
2011
2010
2010
2010
2011
2016
2021
2026
2029
2029
2029
2031
2035
2043
2050
2055
2058
2056
2053
2050
2050
2053
2059
2067
2074
2079
2082
2080
2078
2075
2073
2071
2070
2069
2068
2066
2066
2067
2069
2072
2073
2070
2064
2054
2044
2036
2031
2028
2026
2026
2026
2028
2031
2038
2045
2053
2058
2061
2062
2060
2058
2056
2055
2057
2058
2060
2062
2062
2061
2059
2057
2055
2055
2055
2055
2054
2052
2048
2044
2040
2039
2043
2048
2056
2061
2062
2060
2054
2048
2042
2037
2032
2026
2020
2014
2009
2005
2003
2003
2006
2009
2012
2013
2011
2010
2008
2009
2012
2017
2024
2032
2040
2048
2053
2056
2053
2050
2047
2048
2053
2059
2066
2070
2070
2069
2066
2065
2066
2066
2066
2065
2062
2061
2063
2066
2071
2075
2075
2071
2063
2055
2045
2037
2031
2026
2023
2022
2024
2028
2036
2043
2051
2056
2058
2060
2060
2061
2061
2059
2056
2054
2052
2053
2058
2065
2073
2079
2082
2082
2077
2072
2067
2064
2066
2068
2073
2076
2076
2076
2079
2085
2095
2103
2108
2108
2102
2096
2090
2085
2080
2073
2063
2055
2048
2043
2043
2043
2044
2045
2045
2044
2040
2033
2021
2012
2004
2001
2004
2007
2011
2014
2016
2019
2022
2026
2029
2031
2034
2038
2043
2047
2050
2050
2047
2046
2046
2047
2050
2052
2053
2054
2054
2056
2059
2061
2061
2060
2057
2053
2045
2037
2029
2023
2020
2020
2023
2025
2027
2029
2031
2035
2042
2049
2057
2062
2064
2062
2054
2046
2036
2030
2028
2030
2035
2039
2041
2042
2041
2040
2038
2037
2034
2031
2028
2027
2028
2031
2036
2043
2053
2063
2073
2081
2084
2086
2084
2082
2080
2078
2075
2071
2065
2062
2062
2066
2074
2082
2087
2089
2086
2080
2072
2063
2055
2050
2047
2047
2051
2056
2061
2065
2065
2063
2060
2058
2058
2058
2058
2055
2050
2044
2038
2035
2036
2037
2038
2036
2029
2023
2018
2014
2013
2012
2009
2006
2001
1996
1993
1990
1985
1980
1974
1971
1971
1974
1982
1990
2000
2008
2016
2022
2025
2026
2026
2026
2028
2030
2033
2035
2037
2038
2041
2045
2051
2056
2059
2061
2061
2061
2063
2065
2069
2074
2079
2084
2089
2094
2097
2098
2096
2093
2089
2085
2080
2075
2068
2062
2054
2048
2044
2043
2048
2056
2066
2073
2075
2071
2060
2049
2039
2033
2033
2034
2039
2044
2051
2058
2066
2071
2073
2073
2069
2067
2070
2074
2079
2081
2076
2070
2061
2055
2055
2055
2058
2059
2059
2059
2061
2062
2062
2061
2056
2051
2045
2039
2032
2024
2016
2011
2010
2011
2016
2019
2020
2022
2026
2032
2042
2050
2053
2052
2046
2042
2040
2040
2043
2044
2044
2043
2041
2040
2040
2041
2041
2040
2040
2040
2042
2042
2042
2042
2042
2044
2051
2056
2061
2062
2057
2051
2044
2039
2034
2030
2025
2021
2017
2014
2011
2008
2003
1998
1995
1993
1995
1997
2000
2002
2004
2007
2014
2020
2027
2032
2034
2036
2038
2039
2041
2041
2040
2042
2047
2055
2067
2075
2078
2077
2069
2063
2058
2055
2055
2056
2056
2057
2057
2058
2061
2063
2064
2062
2055
2046
2036
2028
2023
2020
2020
2020
2021
2022
2024
2026
2031
2036
2042
2046
2047
2046
2043
2041
2039
2038
2039
2040
2042
2044
2046
2047
2049
2050
2052
2053
2053
2051
2047
2044
2042
2042
2046
2051
2057
2062
2067
2070
2070
2067
2061
2054
2044
2036
2030
2025
2022
2018
2012
2006
2000
1997
1997
1997
2000
2002
2004
2007
2012
2018
2024
2028
2031
2034
2039
2045
2050
2052
2047
2042
2037
2038
2048
2059
2069
2075
2074
2072
2069
2067
2067
2067
2065
2063
2062
2063
2066
2068
2070
2071
2071
2069
2064
2057
2047
2037
2029
2023
2021
2022
2025
2028
2031
2035
2040
2044
2047
2049
2051
2053
2053
2052
2049
2048
2050
2054
2059
2064
2067
2069
2069
2069
2069
2069
2071
2073
2076
2080
2087
2093
2100
2107
2113
2119
2124
2129
2134
2139
2144
2146
2146
2143
2135
2127
2117
2108
2099
2090
2082
2075
2070
2065
2062
2056
2047
2038
2028
2020
2017
2014
2013
2013
2013
2014
2016
2018
2018
2018
2020
2025
2033
2040
2043
2042
2035
2030
2025
2021
2021
2021
2021
2021
2023
2024
2026
2027
2029
2033
2040
2044
2044
2038
2024
2012
2003
1999
2003
2007
2010
2014
2019
2028
2041
2053
2061
2067
2067
2069
2075
2082
2092
2098
2100
2100
2098
2096
2096
2094
2090
2086
2083
2082
2082
2084
2088
2095
2105
2115
2125
2132
2133
2133
2131
2129
2126
2121
2112
2103
2095
2089
2086
2081
2075
2070
2065
2063
2065
2065
2062
2054
2039
2022
2003
1984
1964
1948
1938
1933
1937
1940
1941
1936
1923
1913
1906
1905
1912
1916
1918
1919
1918
1919
1924
1928
1930
1930
1927
1927
1931
1936
1942
1945
1943
1940
1937
1936
1940
1944
1949
1954
1957
1959
1962
1966
1972
1981
1996
2013
2031
2048
2061
2074
2087
2102
2120
2136
2150
2159
2161
2163
2166
2171
2179
2185
2187
2187
2183
2180
2179
2178
2176
2172
2165
2161
2159
2158
2158
2156
2148
2139
2129
2119
2111
2102
2091
2082
2075
2074
2082
2088
2092
2090
2077
2064
2051
2042
2037
2032
2029
2027
2028
2032
2041
2048
2053
2057
2057
2057
2060
2062
2062
2059
2054
2049
2045
2042
2040
2039
2038
2038
2040
2041
2043
2043
2043
2043
2043
2041
2038
2032
2022
2012
2002
1997
1998
2001
2006
2011
2016
2020
2023
2025
2025
2026
2028
2030
2034
2037
2037
2035
2030
2026
2023
2022
2024
2026
2028
2030
2031
2032
2032
2031
2031
2031
2034
2037
2042
2044
2043
2039
2031
2024
2019
2016
2018
2019
2019
2018
2013
2009
2004
2000
1998
1998
1998
1997
1995
1993
1992
1992
1995
1998
2001
2003
2006
2010
2016
2022
2027
2031
2033
2035
2038
2042
2049
2055
2060
2064
2065
2064
2061
2058
2053
2050
2048
2047
2049
2051
2054
2055
2055
2053
2050
2047
2042
2037
2030
2022
2013
2007
2005
2007
2015
2023
2032
2038
2040
2041
2040
2039
2038
2038
2038
2039
2042
2044
2044
2043
2040
2039
2039
2040
2040
2039
2035
2033
2033
2035
2041
2046
2049
2050
2050
2050
2050
2049
2048
2046
2043
2040
2037
2032
2025
2018
2011
2006
2003
2000
1998
1997
1997
1999
2002
2004
2006
2008
2011
2016
2025
2034
2042
2047
2047
2045
2042
2039
2036
2036
2041
2050
2065
2080
2095
2105
2110
2113
2113
2113
2113
2113
2113
2113
2115
2119
2127
2135
2145
2152
2155
2155
2147
2138
2125
2114
2106
2101
2101
2100
2100
2097
2089
2080
2067
2057
2050
2045
2043
2041
2038
2032
2024
2018
2013
2009
2007
2005
2004
2004
2004
2005
2006
2006
2004
2002
2002
2003
2008
2014
2021
2027
2030
2033
2033
2031
2028
2025
2020
2015
2010
2005
2002
2001
2004
2011
2022
2032
2042
2049
2049
2047
2042
2037
2034
2032
2032
2035
2042
2050
2058
2064
2066
2068
2068
2070
2075
2082
2090
2096
2096
2093
2087
2081
2076
2072
2070
2069
2071
2074
2079
2082
2085
2086
2085
2083
2080
2077
2072
2067
2060
2054
2048
2043
2040
2038
2041
2045
2050
2055
2058
2060
2060
2060
2062
2065
2068
2070
2071
2071
2071
2070
2070
2069
2067
2064
2061
2060
2060
2061
2063
2064
2066
2068
2072
2075
2077
2073
2061
2044
2019
1996
1974
1958
1948
1941
1939
1938
1938
1936
1931
1924
1912
1898
1881
1865
1851
1841
1836
1836
1843
1851
1863
1873
1881
1888
1894
1901
1911
1924
1940
1956
1973
1991
2010
2032
2058
2086
2118
2149
2177
2200
2217
2229
2234
2238
2238
2238
2238
2238
2238
2237
2233
2229
2224
2220
2218
2215
2208
2199
2187
2179
2174
2168
2160
2146
2122
2100
2080
2068
2068
2070
2074
2075
2072
2070
2067
2063
2056
2047
2036
2029
2029
2031
2038
2043
2043
2042
2038
2035
2033
2031
2029
2027
2022
2015
2007
1998
1988
1980
1977
1977
1985
1993
2001
2005
2002
1997
1989
1983
1980
1979
1981
1983
1986
1991
2000
2011
2026
2038
2046
2051
2051
2053
2056
2059
2062
2062
2057
2053
2048
2045
2045
2045
2047
2050
2053
2055
2057
2058
2058
2059
2059
2058
2053
2044
2031
2019
2010
2005
2007
2010
2014
2017
2020
2023
2028
2031
2031
2029
2024
2020
2017
2016
2016
2014
2011
2009
2010
2013
2020
2025
2027
2026
2021
2018
2015
2014
2016
2018
2023
2028
2035
2042
2050
2058
2066
2074
2082
2089
2092
2093
2090
2088
2085
2081
2074
2065
2050
2037
2025
2018
2016
2015
2015
2013
2010
2007
2004
2002
2000
1999
1999
2001
2004
2007
2009
2012
2015
2019
2024
2027
2025
2023
2020
2021
2029
2038
2051
2059
2061
2060
2055
2051
2051
2051
2054
2057
2061
2066
2073
2079
2084
2087
2085
2082
2077
2071
2066
2062
2059
2060
2066
2073
2083
2092
2100
2109
2117
2123
2127
2129
2127
2126
2124
2122
2120
2117
2114
2112
2112
2111
2111
2106
2094
2080
2064
2051
2043
2037
2032
2025
2015
2005
1996
1991
1991
1995
2003
2011
2019
2024
2025
2023
2018
2011
2001
1993
1986
1981
1979
1977
1974
1972
1973
1980
1998
2015
2030
2036
2028
2018
2005
1999
2004
2008
2013
2017
2017
2023
2036
2051
2067
2076
2075
2074
2072
2075
2083
2089
2091
2088
2078
2070
2067
2068
2075
2082
2088
2092
2094
2096
2098
2100
2100
2096
2088
2077
2063
2052
2045
2040
2039
2038
2036
2035
2037
2042
2052
2061
2067
2069
2064
2060
2058
2060
2067
2073
2076
2076
2068
2059
2047
2037
2029
2026
2031
2038
2050
2060
2065
2066
2059
2051
2041
2034
2030
2027
2025
2023
2021
2019
2016
2013
2009
2005
2001
1997
1994
1990
1987
1984
1983
1982
1979
1972
1958
1942
1923
1909
1902
1898
1898
1899
1900
1903
1911
1920
1933
1943
1951
1959
1967
1978
1991
2001
2008
2013
2016
2024
2039
2058
2082
2104
2124
2144
2162
2181
2199
2213
2222
2226
2222
2216
2207
2198
2188
2178
2170
2162
2157
2153
2153
2153
2155
2155
2155
2152
2145
2137
2127
2117
2108
2099
2091
2081
2070
2060
2052
2046
2044
2043
2043
2042
2039
2038
2039
2040
2043
2044
2044
2042
2039
2034
2029
2024
2019
2015
2014
2012
2009
2004
1994
1985
1978
1977
1983
1991
2002
2010
2014
2015
2010
2005
2000
1996
1993
1992
1993
1996
2001
2010
2023
2035
2046
2053
2053
2053
2053
2054
2059
2062
2064
2063
2056
2049
2044
2041
2043
2046
2050
2052
2051
2050
2048
2048
2051
2052
2052
2048
2040
2031
2022
2015
2011
2008
2008
2010
2016
2024
2035
2043
2047
2048
2043
2040
2038
2038
2038
2036
2032
2030
2030
2033
2040
2044
2046
2044
2039
2034
2031
2030
2033
2035
2036
2036
2034
2033
2033
2037
2045
2053
2061
2064
2059
2052
2043
2038
2038
2039
2039
2034
2022
2012
2004
2000
2003
2004
2004
2003
2001
2000
2002
2004
2006
2008
2010
2014
2021
2027
2034
2038
2040
2042
2043
2044
2044
2044
2046
2050
2059
2067
2075
2078
2074
2069
2062
2058
2058
2057
2057
2056
2056
2057
2061
2065
2069
2071
2068
2064
2057
2049
2039
2030
2022
2018
2020
2023
2031
2037
2040
2042
2041
2041
2043
2045
2048
2049
2049
2048
2046
2045
2047
2050
2055
2058
2060
2061
2059
2057
2052
2047
2042
2038
2038
2038
2039
2039
2037
2037
2039
2042
2048
2052
2055
2056
2053
2051
2050
2049
2047
2043
2035
2026
2016
2008
2004
2002
2005
2009
2015
2021
2027
2032
2035
2039
2042
2047
2055
2063
2073
2082
2090
2096
2099
2102
2102
2103
2103
2106
2112
2119
2129
2136
2139
2139
2134
2129
2123
2116
2107
2097
2085
2077
2074
2074
2078
2079
2075
2067
2054
2042
2032
2022
2014
2007
2001
1998
1999
2002
2008
2013
2018
2023
2028
2033
2036
2036
2033
2030
2027
2025
2025
2025
2027
2029
2032
2035
2039
2042
2044
2043
2040
2038
2036
2036
2039
2042
2045
2046
2044
2044
2044
2046
2051
2055
2060
2065
2069
2069
2061
2049
2031
2019
2016
2020
2033
2042
2043
2041
2034
2035
2048
2061
2073
2075
2060
2047
2036
2034
2046
2055
2059
2058
2050
2046
2051
2059
2071
2076
2073
2067
2054
2044
2036
2031
2030
2030
2030
2030
2028
2024
2018
2012
2006
2001
1998
1996
1993
1990
1985
1978
1970
1962
1952
1944
1936
1931
1929
1933
1943
1956
1972
1985
1995
2002
2007
2014
2024
2035
2046
2053
2055
2056
2056
2057
2060
2064
2068
2071
2071
2072
2072
2073
2076
2083
2093
2106
2121
2135
2147
2155
2156
2153
2144
2136
2128
2123
2123
2122
2120
2115
2106
2096
2086
2078
2075
2074
2078
2081
2083
2081
2072
2061
2048
2039
2036
2037
2043
2048
2053
2057
2060
2064
2067
2068
2066
2065
2063
2063
2068
2071
2073
2072
2065
2059
2054
2051
2053
2055
2059
2062
2064
2064
2062
2060
2057
2053
2048
2042
2034
2027
2020
2014
2008
2003
1998
1995
1995
1998
2005
2010
2014
2017
2018
2019
2022
2024
2024
2023
2020
2019
2021
2024
2028
2031
2032
2033
2033
2033
2033
2033
2031
2030
2030
2031
2035
2038
2040
2042
2045
2050
2059
2065
2068
2067
2059
2054
2054
2055
2058
2055
2043
2029
2011
1999
1995
1995
2002
2007
2010
2012
2011
2010
2008
2008
2010
2012
2017
2020
2022
2024
2024
2025
2027
2029
2029
2029
2031
2036
2046
2057
2070
2078
2078
2076
2069
2064
2063
2063
2066
2067
2064
2062
2061
2063
2068
2072
2074
2071
2063
2054
2044
2035
2027
2021
2016
2015
2018
2022
2029
2034
2036
2037
2038
2040
2044
2047
2049
2050
2048
2048
2049
2051
2055
2060
2067
2074
2080
2083
2082
2080
2075
2072
2072
2072
2073
2073
2071
2072
2077
2085
2096
2105
2110
2113
2111
2109
2105
2101
2096
2091
2086
2080
2071
2058
2040
2023
2008
2000
2002
2006
2013
2017
2017
2016
2013
2012
2012
2013
2016
2019
2022
2024
2027
2028
2028
2028
2028
2031
2036
2042
2049
2053
2055
2055
2050
2046
2041
2038
2040
2042
2047
2051
2052
2053
2055
2059
2065
2068
2068
2064
2054
2045
2037
2031
2028
2026
2024
2024
2027
2032
2041
2049
2056
2062
2065
2067
2067
2066
2062
2057
2049
2043
2040
2040
2044
2049
2056
2060
2063
2064
2061
2058
2053
2049
2046
2044
2044
2044
2046
2050
2057
2063
2068
2071
2068
2064
2059
2055
2055
2054
2051
2045
2035
2024
2014
2006
2002
1999
1997
1998
2001
2004
2007
2005
1997
1986
1971
1959
1952
1949
1953
1958
1963
1968
1971
1974
1976
1978
1981
1987
1997
2006
2016
2022
2024
2024
2024
2026
2033
2040
2049
2057
2063
2068
2072
2077
2082
2088
2095
2099
2100
2099
2094
2089
2084
2081
2080
2079
2079
2079
2082
2086
2094
2102
2110
2115
2118
2119
2116
2112
2107
2102
2099
2097
2097
2095
2092
2089
2084
2080
2080
2080
2080
2078
2075
2073
2071
2069
2068
2067
2065
2065
2065
2064
2062
2058
2051
2047
2047
2049
2056
2057
2049
2037
2017
2003
1995
1994
2002
2010
2018
2024
2027
2026
2019
2012
2004
2000
2000
2002
2007
2011
2014
2019
2029
2038
2046
2050
2046
2043
2041
2044
2054
2061
2064
2062
2052
2046
2044
2046
2053
2057
2057
2056
2054
2054
2057
2060
2062
2062
2059
2053
2045
2036
2026
2017
2010
2007
2010
2014
2021
2027
2032
2037
2042
2045
2048
2048
2045
2041
2036
2033
2031
2029
2027
2026
2028
2033
2043
2051
2058
2060
2055
2050
2043
2040
2040
2041
2042
2041
2037
2033
2029
2027
2030
2034
2041
2048
2055
2058
2056
2052
2045
2041
2039
2038
2040
2038
2033
2026
2016
2007
2000
1994
1991
1989
1990
1992
1996
2000
2005
2009
2013
2018
2024
2029
2034
2038
2041
2043
2044
2043
2040
2037
2032
2032
2039
2048
2063
2074
2079
2080
2073
2069
2067
2067
2070
2071
2071
2071
2071
2071
2074
2075
2073
2070
2063
2057
2050
2043
2035
2028
2023
2020
2020
2021
2024
2029
2034
2040
2047
2051
2051
2050
2046
2043
2041
2040
2040
2038
2035
2033
2034
2037
2043
2048
2052
2055
2058
2060
2062
2062
2057
2051
2043
2038
2037
2038
2041
2043
2043
2044
2045
2046
2048
2050
2050
2051
2053
2054
2056
2057
2057
2057
2057
2057
2060
2060
2057
2050
2038
2027
2019
2014
2017
2022
2032
2041
2049
2056
2061
2065
2069
2073
2076
2079
2081
2082
2083
2083
2081
2079
2075
2072
2070
2072
2079
2087
2097
2104
2106
2104
2095
2085
2075
2068
2065
2064
2066
2066
2063
2060
2057
2056
2058
2059
2057
2053
2043
2035
2028
2022
2017
2013
2009
2008
2013
2020
2032
2040
2044
2045
2042
2039
2038
2038
2038
2036
2033
2032
2033
2035
2040
2044
2047
2049
2051
2054
2057
2059
2059
2057
2052
2047
2044
2043
2043
2044
2044
2045
2047
2049
2050
2050
2049
2049
2051
2052
2054
2053
2048
2044
2040
2038
2041
2042
2042
2038
2028
2019
2012
2011
2016
2025
2038
2050
2062
2070
2072
2069
2059
2049
2039
2034
2036
2041
2051
2060
2065
2066
2059
2055
2052
2054
2064
2075
2086
2093
2095
2096
2094
2091
2086
2081
2078
2076
2077
2076
2073
2070
2065
2064
2069
2073
2075
2068
2050
2032
2012
1998
1992
1988
1985
1981
1976
1971
1966
1962
1957
1953
1950
1948
1948
1947
1944
1940
1933
1926
1921
1918
1919
1923
1932
1942
1954
1965
1973
1981
1988
1994
2001
2007
2011
2015
2018
2026
2041
2060
2085
2110
2135
2154
2166
2173
2173
2174
2175
2177
2180
2180
2173
2164
2149
2138
2133
2131
2136
2141
2146
2148
2148
2144
2134
2119
2099
2081
2066
2058
2058
2060
2067
2072
2076
2078
2077
2074
2068
2064
2061
2061
2065
2066
2061
2052
2037
2026
2020
2018
2021
2024
2026
2027
2027
2029
2032
2034
2034
2033
2030
2027
2022
2017
2011
2006
2003
2001
2003
2006
2010
2014
2017
2019
2022
2025
2030
2034
2037
2039
2036
2033
2028
2024
2024
2024
2026
2027
2030
2034
2041
2047
2052
2054
2050
2045
2040
2036
2036
2036
2036
2036
2035
2034
2034
2033
2033
2034
2039
2044
2052
2056
2054
2049
2041
2036
2039
2042
2046
2044
2032
2018
2002
1992
1991
1993
1998
2002
2004
2005
2007
2009
2011
2012
2014
2015
2017
2019
2020
2021
2024
2028
2036
2042
2047
2049
2045
2043
2043
2047
2058
2067
2072
2072
2064
2056
2048
2045
2048
2053
2060
2065
2068
2070
2072
2073
2073
2071
2065
2057
2046
2036
2028
2023
2021
2020
2020
2021
2024
2028
2035
2041
2046
2048
2046
2045
2043
2041
2039
2037
2034
2032
2032
2032
2034
2037
2041
2046
2054
2060
2064
2064
2059
2053
2047
2043
2042
2041
2038
2036
2034
2034
2039
2044
2050
2054
2056
2057
2056
2054
2049
2045
2042
2040
2043
2044
2043
2039
2029
2019
2009
2000
1993
1988
1986
1987
1993
1999
2006
2011
2013
2017
2022
2029
2037
2042
2043
2045
2048
2052
2058
2060
2055
2051
2046
2050
2065
2082
2100
2112
2113
2111
2105
2101
2100
2100
2101
2102
2105
2108
2113
2117
2121
2124
2126
2126
2123
2117
2105
2094
2084
2076
2071
2067
2062
2058
2054
2052
2054
2056
2058
2056
2049
2042
2032
2023
2018
2015
2015
2016
2019
2021
2024
2026
2029
2032
2035
2037
2038
2037
2034
2031
2028
2026
2023
2020
2015
2013
2013
2016
2022
2026
2027
2027
2025
2024
2026
2028
2031
2033
2036
2038
2039
2036
2028
2019
2007
2002
2006
2014
2029
2042
2050
2056
2058
2058
2057
2055
2052
2049
2046
2044
2042
2041
2042
2046
2054
2064
2074
2082
2086
2090
2095
2101
2109
2114
2113
2108
2096
2088
2083
2081
2084
2086
2088
2089
2089
2089
2091
2092
2092
2090
2083
2072
2056
2040
2024
2013
2010
2012
2022
2032
2041
2049
2056
2062
2067
2070
2067
2062
2052
2046
2043
2043
2046
2048
2048
2049
2052
2054
2056
2054
2047
2042
2037
2034
2034
2032
2026
2020
2012
2008
2010
2010
2008
2003
1995
1990
1989
1987
1983
1974
1959
1945
1935
1927
1924
1919
1912
1905
1898
1895
1897
1901
1909
1918
1931
1941
1947
1950
1948
1949
1954
1963
1978
1990
1999
2009
2020
2035
2057
2079
2102
2125
2148
2171
2195
2213
2223
2225
2217
2208
2200
2194
2190
2186
2182
2180
2182
2184
2189
2190
2186
2179
2168
2157
2145
2131
2116
2101
2086
2075
2067
2062
2061
2061
2064
2067
2070
2071
2070
2068
2063
2058
2053
2047
2039
2032
2026
2023
2024
2025
2025
2022
2014
2008
2005
2006
2012
2017
2020
2020
2017
2015
2013
2013
2015
2017
2022
2028
2035
2038
2035
2031
2024
2021
2024
2027
2032
2031
2022
2011
1998
1989
1987
1987
1992
1996
2000
2003
2005
2006
2004
2003
2003
2004
2008
2012
2017
2022
2025
2029
2034
2037
2038
2038
2036
2037
2044
2054
2067
2075
2075
2071
2060
2051
2046
2044
2047
2051
2056
2059
2061
2063
2063
2062
2060
2058
2055
2051
2045
2037
2027
2018
2010
2007
2010
2014
2022
2029
2036
2041
2046
2049
2047
2044
2036
2030
2026
2025
2028
2032
2035
2037
2037
2038
2041
2045
2052
2056
2059
2058
2053
2047
2042
2038
2035
2033
2031
2031
2032
2034
2037
2041
2044
2047
2050
2051
2050
2048
2044
2042
2042
2042
2045
2044
2037
2028
2015
2006
2003
2001
2002
2002
2000
2000
2002
2004
2009
2012
2013
2015
2018
2023
2028
2032
2035
2038
2041
2045
2050
2051
2048
2045
2041
2042
2051
2061
2072
2079
2079
2078
2073
2070
2068
2067
2066
2066
2066
2069
2075
2081
2086
2089
2086
2082
2075
2069
2063
2058
2055
2053
2055
2058
2065
2072
2080
2088
2095
2100
2103
2105
2105
2103
2100
2096
2093
2090
2088
2086
2086
2086
2086
2085
2083
2081
2077
2072
2066
2059
2050
2040
2030
2021
2015
2012
2013
2014
2014
2014
2013
2013
2015
2017
2020
2022
2022
2022
2022
2022
2022
2019
2012
2006
1998
1993
1990
1989
1990
1993
2000
2009
2021
2028
2028
2025
2015
2008
2007
2011
2021
2032
2043
2053
2061
2068
2074
2078
2080
2081
2081
2083
2089
2095
2102
2105
2102
2096
2086
2078
2073
2073
2080
2086
2093
2098
2098
2098
2096
2095
2094
2091
2084
2075
2064
2055
2048
2045
2045
2045
2045
2044
2044
2044
2045
2046
2049
2051
2051
2051
2051
2051
2053
2054
2054
2052
2047
2043
2040
2040
2044
2048
2051
2053
2051
2049
2046
2044
2042
2039
2035
2032
2030
2029
2032
2034
2036
2038
2040
2041
2043
2041
2036
2027
2014
2001
1989
1978
1968
1958
1949
1944
1944
1946
1953
1956
1953
1946
1932
1919
1909
1902
1900
1900
1903
1909
1917
1927
1940
1951
1961
1970
1978
1988
2003
2020
2041
2059
2072
2081
2082
2083
2083
2086
2094
2104
2117
2134
2157
2180
2204
2221
2229
2229
2217
2204
2187
2172
2159
2148
2140
2134
2132
2131
2133
2135
2137
2138
2138
2137
2134
2128
2119
2110
2102
2096
2093
2088
2082
2076
2069
2065
2063
2060
2057
2052
2047
2043
2043
2042
2042
2039
2031
2024
2017
2013
2014
2015
2015
2015
2014
2015
2018
2022
2025
2025
2019
2011
1998
1987
1979
1975
1978
1983
1991
1997
2000
2000
1997
1994
1994
1995
1998
2000
2002
2005
2008
2012
2019
2025
2030
2032
2032
2033
2038
2046
2056
2064
2067
2067
2062
2057
2053
2051
2052
2053
2054
2056
2059
2062
2067
2071
2071
2068
2061
2054
2045
2036
2027
2019
2011
2006
2004
2005
2011
2018
2026
2033
2038
2042
2044
2046
2046
2044
2039
2035
2030
2028
2030
2032
2035
2038
2041
2044
2047
2050
2052
2051
2048
2044
2041
2039
2037
2035
2031
2028
2027
2029
2036
2043
2050
2053
2051
2048
2043
2039
2039
2040
2044
2046
2046
2042
2033
2023
2012
2004
1999
1996
1996
1997
2000
2004
2008
2011
2011
2011
2013
2016
2023
2030
2035
2039
2041
2042
2044
2045
2044
2042
2039
2040
2046
2055
2068
2078
2081
2080
2073
2068
2064
2062
2062
2062
2062
2063
2065
2068
2071
2072
2072
2069
2064
2057
2049
2040
2031
2024
2020
2018
2020
2023
2030
2037
2045
2050
2052
2052
2049
2047
2044
2042
2040
2039
2037
2037
2039
2042
2047
2052
2056
2059
2061
2062
2061
2059
2054
2048
2040
2034
2030
2028
2030
2033
2039
2045
2052
2056
2057
2055
2050
2045
2041
2039
2041
2042
2043
2041
2036
2030
2022
2015
2008
2003
2000
2000
2005
2010
2018
2024
2027
2030
2035
2043
2055
2066
2074
2079
2080
2082
2085
2088
2091
2092
2089
2087
2090
2098
2114
2128
2140
2147
2145
2140
2132
2124
2116
2108
2101
2097
2095
2095
2095
2092
2087
2079
2069
2057
2042
2028
2016
2007
2004
2003
2006
2008
2011
2014
2019
2023
2028
2032
2032
2030
2026
2022
2019
2017
2016
2017
2020
2024
2032
2039
2045
2048
2047
2045
2040
2036
2033
2032
2033
2034
2034
2032
2028
2026
2028
2033
2045
2055
2062
2065
2060
2058
2058
2061
2068
2071
2067
2061
2053
2047
2045
2044
2042
2042
2043
2049
2064
2075
2083
2082
2067
2054
2044
2038
2039
2039
2037
2036
2039
2045
2058
2067
2070
2070
2065
2063
2067
2073
2081
2086
2088
2088
2083
2077
2070
2066
2069
2074
2084
2089
2087
2083
2078
2077
2083
2086
2086
2081
2069
2061
2060
2059
2059
2055
2045
2042
2048
2058
2075
2085
2085
2083
2079
2078
2083
2085
2082
2076
2068
2062
2061
2058
2053
2044
2031
2021
2014
2006
1998
1988
1973
1959
1947
1938
1933
1927
1919
1911
1903
1895
1885
1875
1863
1853
1844
1837
1833
1829
1826
1822
1818
1818
1824
1837
1861
1889
1922
1952
1977
1997
2012
2025
2037
2048
2056
2066
2081
2104
2137
2170
2203
2228
2241
2253
2263
2273
2283
2286
2279
2269
2253
2240
2232
2225
2219
2213
2208
2205
2207
2207
2205
2200
2190
2179
2169
2158
2145
2129
2108
2088
2070
2053
2040
2027
2012
2000
1994
1995
2006
2017
2027
2033
2032
2027
2016
2003
1987
1975
1970
1973
1989
2006
2024
2037
2041
2042
2039
2035
2031
2026
2019
2015
2013
2014
2019
2022
2025
2027
2029
2031
2034
2034
2029
2024
2019
2018
2024
2029
2032
2028
2015
2003
1991
1985
1987
1990
1994
1997
1999
2002
2006
2008
2005
2001
1993
1990
1993
1999
2012
2022
2029
2033
2033
2034
2037
2040
2045
2049
2052
2057
2062
2066
2068
2067
2062
2056
2051
2048
2050
2051
2053
2054
2054
2054
2056
2058
2061
2061
2058
2053
2044
2035
2025
2016
2010
2008
2011
2016
2025
2032
2037
2039
2039
2038
2038
2037
2035
2033
2031
2030
2032
2034
2037
2039
2042
2045
2050
2053
2055
2053
2048
2043
2040
2037
2036
2035
2033
2031
2030
2031
2036
2040
2043
2046
2046
2046
2046
2045
2045
2045
2045
2045
2045
2042
2036
2028
2016
2006
1999
1997
2000
2003
2006
2009
2009
2008
2008
2008
2011
2015
2020
2026
2032
2037
2040
2042
2044
2045
2047
2047
2045
2045
2047
2052
2060
2068
2074
2076
2073
2069
2064
2062
2063
2064
2064
2063
2063
2063
2066
2068
2069
2067
2060
2053
2043
2036
2031
2027
2027
2027
2030
2033
2037
2041
2044
2048
2051
2055
2060
2064
2066
2065
2060
2056
2052
2050
2052
2056
2062
2069
2079
2089
2099
2105
2105
2103
2098
2096
2099
2102
2105
2104
2097
2092
2090
2091
2099
2104
2104
2100
2092
2085
2077
2069
2060
2051
2041
2033
2030
2025
2020
2012
2000
1993
1991
1994
2004
2012
2017
2017
2012
2006
2001
1997
1994
1994
1997
2004
2017
2029
2040
2046
2043
2039
2034
2033
2040
2048
2060
2068
2073
2074
2070
2065
2060
2057
2060
2064
2072
2077
2080
2082
2084
2087
2092
2094
2091
2083
2070
2059
2051
2044
2039
2035
2033
2034
2041
2047
2054
2058
2057
2056
2056
2056
2057
2057
2055
2055
2055
2053
2050
2047
2043
2043
2048
2054
2061
2064
2059
2055
2050
2047
2048
2047
2044
2043
2044
2048
2056
2063
2066
2068
2066
2064
2062
2058
2053
2048
2043
2038
2033
2022
2004
1986
1969
1961
1966
1971
1979
1982
1979
1975
1967
1958
1945
1931
1915
1904
1899
1897
1901
1904
1907
1909
1911
1912
1915
1919
1926
1937
1955
1973
1991
2006
2014
2021
2027
2034
2042
2051
2059
2070
2085
2105
2131
2156
2179
2197
2207
2214
2214
2211
2201
2189
2174
2163
2156
2153
2156
2160
2167
2174
2179
2182
2180
2175
2165
2154
2144
2135
2128
2121
2114
2105
2095
2085
2077
2072
2070
2069
2069
2066
2060
2055
2050
2046
2043
2037
2029
2021
2016
2014
2018
2020
2019
2016
2009
2008
2015
2020
2025
2022
2006
1989
1969
1955
1952
1954
1964
1975
1989
2001
2011
2014
2009
2002
1994
1990
1992
1994
1998
2003
2008
2018
2033
2047
2059
2066
2066
2066
2069
2074
2082
2088
2088
2087
2083
2082
2086
2092
2100
2106
2109
2111
2113
2116
2122
2127
2132
2134
2132
2128
2122
2115
2107
2098
2088
2081
2078
2077
2079
2076
2066
2048
2019
1987
1951
1918
1888
1866
1855
1852
1862
1875
1893
1909
1921
1928
1930
1928
1921
1916
1911
1910
1918
1930
1948
1966
1986
2004
2021
2036
2048
2056
2061
2064
2064
2064
2063
2063
2065
2069
2078
2087
2095
2099
2095
2089
2080
2073
2069
2066
2064
2061
2058
2056
2053
2053
2056
2062
2070
2075
2077
2075
2067
2061
2056
2054
2054
2053
2048
2046
2049
2056
2071
2083
2091
2093
2088
2082
2076
2071
2066
2061
2057
2056
2060
2065
2072
2076
2075
2073
2068
2063
2056
2047
2035
2026
2019
2017
2021
2025
2029
2033
2038
2044
2054
2063
2071
2077
2078
2078
2078
2078
2080
2082
2086
2091
2099
2107
2117
2125
2130
2130
2122
2113
2100
2090
2082
2076
2073
2069
2064
2058
2053
2049
2046
2043
2040
2035
2028
2023
2018
2016
2016
2016
2015
2012
2007
2001
1995
1990
1986
1985
1988
1993
2003
2012
2019
2022
2019
2015
2011
2009
2010
2012
2015
2018
2023
2030
2039
2046
2051
2055
2056
2059
2066
2074
2085
2093
2098
2098
2093
2087
2080
2076
2074
2074
2076
2078
2080
2082
2084
2085
2085
2083
2079
2073
2063
2053
2043
2035
2030
2027
2030
2033
2036
2040
2043
2046
2051
2055
2057
2056
2052
2050
2052
2056
2062
2065
2064
2062
2059
2058
2061
2063
2064
2064
2063
2063
2064
2062
2057
2049
2037
2028
2023
2020
2020
2021
2021
2023
2026
2030
2034
2035
2032
2026
2016
2006
1993
1979
1963
1950
1942
1940
1946
1950
1953
1949
1934
1916
1894
1875
1861
1853
1854
1859
1871
1884
1897
1908
1918
1928
1940
1954
1972
1992
2012
2030
2044
2054
2058
2063
2068
2079
2097
2118
2143
2167
2188
2209
2227
2242
2253
2258
2253
2243
2225
2208
2191
2178
2170
2165
2164
2164
2166
2168
2169
2168
2164
2157
2147
2135
2120
2107
2096
2089
2087
2087
2090
2089
2082
2072
2057
2046
2039
2036
2039
2041
2041
2038
2029
2019
2009
2000
1995
1992
1992
1993
1996
2000
2005
2010
2017
2023
2031
2035
2033
2026
2013
2000
1987
1979
1979
1982
1991
2001
2011
2019
2023
2023
2017
2010
2000
1994
1991
1991
1996
2003
2013
2023
2033
2040
2042
2043
2042
2045
2053
2061
2070
2073
2068
2061
2051
2045
2045
2046
2050
2052
2052
2051
2050
2050
2053
2056
2059
2060
2058
2053
2041
2030
2018
2010
2008
2009
2014
2019
2024
2031
2039
2045
2048
2048
2043
2040
2038
2037
2037
2034
2027
2022
2019
2021
2029
2036
2042
2046
2048
2050
2053
2053
2050
2045
2037
2033
2033
2035
2040
2043
2042
2042
2042
2043
2048
2051
2053
2052
2047
2043
2039
2036
2036
2036
2036
2033
2026
2018
2008
2000
1995
1994
1998
2003
2009
2013
2015
2016
2015
2015
2015
2018
2023
2028
2033
2036
2037
2038
2040
2042
2042
2041
2037
2036
2039
2047
2060
2071
2078
2079
2074
2069
2064
2061
2061
2062
2065
2068
2071
2073
2075
2075
2073
2071
2066
2059
2050
2040
2030
2022
2017
2015
2018
2022
2027
2032
2037
2042
2046
2048
2047
2045
2040
2037
2034
2032
2032
2032
2033
2035
2038
2041
2044
2047
2050
2053
2057
2061
2064
2064
2059
2053
2045
2039
2037
2038
2041
2044
2044
2044
2045
2046
2049
2051
2051
2052
2053
2055
2058
2059
2059
2058
2057
2058
2063
2066
2064
2058
2045
2033
2023
2018
2022
2028
2037
2046
2054
2062
2069
2074
2077
2080
2083
2087
2092
2095
2096
2096
2094
2092
2087
2082
2075
2071
2073
2080
2093
2103
2106
2102
2087
2071
2056
2045
2042
2041
2042
2043
2045
2047
2050
2053
2054
2053
2049
2043
2034
2025
2015
2008
2004
2003
2006
2010
2017
2023
2030
2037
2044
2048
2048
2046
2041
2036
2032
2029
2027
2026
2028
2033
2043
2052
2059
2063
2060
2058
2057
2059
2066
2070
2072
2070
2063
2058
2053
2051
2053
2056
2059
2062
2065
2067
2067
2067
2067
2068
2071
2073
2076
2076
2073
2070
2067
2066
2066
2067
2069
2068
2063
2055
2044
2037
2037
2043
2059
2073
2083
2085
2075
2061
2041
2025
2012
2003
2000
2002
2010
2021
2035
2046
2052
2055
2053
2052
2055
2058
2063
2065
2060
2052
2037
2021
2004
1989
1979
1972
1970
1969
1971
1972
1969
1963
1953
1943
1934
1927
1924
1920
1914
1907
1899
1895
1896
1901
1913
1925
1939
1954
1969
1984
1998
2009
2015
2018
2018
2018
2018
2020
2027
2039
2059
2082
2110
2135
2157
2174
2184
2191
2192
2190
2184
2178
2171
2168
2170
2175
2183
2190
2197
2201
2203
2203
2198
2189
2176
2162
2149
2139
2133
2127
2120
2111
2098
2084
2066
2050
2037
2029
2029
2032
2040
2044
2040
2031
2014
2002
1995
1991
1992
1992
1989
1989
1993
2000
2012
2020
2022
2021
2016
2016
2023
2029
2037
2041
2039
2036
2033
2031
2031
2031
2033
2036
2041
2045
2049
2052
2054
2056
2058
2057
2052
2044
2032
2023
2016
2012
2012
2012
2012
2013
2017
2023
2032
2039
2043
2045
2042
2039
2036
2034
2032
2031
2030
2029
2027
2027
2027
2028
2031
2033
2036
2038
2040
2043
2047
2050
2053
2052
2047
2042
2037
2035
2038
2040
2042
2042
2039
2038
2041
2044
2049
2051
2048
2044
2037
2033
2034
2037
2042
2044
2039
2029
2012
1999
1989
1984
1987
1992
2000
2006
2010
2012
2009
2006
2002
2000
2001
2004
2009
2015
2020
2025
2030
2035
2038
2039
2039
2040
2043
2048
2057
2065
2073
2077
2077
2075
2070
2067
2065
2064
2065
2066
2068
2069
2069
2070
2072
2074
2074
2070
2062
2053
2040
2030
2023
2019
2019
2021
2025
2029
2034
2039
2042
2045
2045
2045
2044
2043
2040
2038
2035
2033
2033
2033
2035
2038
2042
2046
2049
2051
2052
2053
2055
2056
2058
2059
2057
2055
2050
2045
2042
2041
2043
2044
2044
2043
2042
2043
2046
2049
2054
2057
2055
2051
2046
2043
2043
2045
2049
2050
2047
2041
2030
2019
2008
1999
1992
1988
1991
1996
2005
2012
2015
2017
2015
2015
2020
2026
2034
2039
2041
2043
2043
2043
2044
2043
2040
2038
2038
2042
2054
2065
2075
2082
2082
2081
2076
2073
2071
2070
2070
2071
2073
2075
2077
2079
2081
2083
2084
2082
2074
2065
2053
2046
2044
2045
2050
2054
2056
2057
2060
2065
2073
2080
2085
2087
2086
2086
2088
2090
2090
2088
2083
2081
2082
2085
2092
2097
2099
2099
2096
2093
2090
2084
2076
2066
2053
2042
2034
2029
2027
2026
2023
2021
2020
2021
2024
2026
2026
2024
2021
2019
2021
2022
2025
2026
2024
2024
2024
2022
2019
2012
2000
1990
1984
1985
1996
2008
2021
2029
2031
2030
2026
2023
2021
2020
2022
2026
2032
2038
2045
2052
2059
2064
2069
2074
2077
2080
2083
2086
2089
2092
2092
2091
2086
2081
2077
2076
2079
2082
2086
2089
2090
2090
2090
2089
2088
2086
2082
2077
2070
2062
2054
2046
2036
2030
2028
2030
2040
2049
2057
2063
2064
2065
2065
2065
2067
2067
2062
2056
2046
2037
2032
2029
2029
2031
2035
2039
2044
2048
2050
2049
2044
2037
2029
2021
2016
2012
2010
2009
2009
2008
2006
2005
2005
2007
2010
2011
2008
2002
1992
1982
1973
1965
1958
1950
1940
1930
1920
1913
1911
1912
1917
1922
1929
1935
1942
1948
1953
1957
1960
1965
1975
1987
2002
2018
2036
2052
2066
2077
2084
2090
2093
2100
2110
2124
2142
2158
2172
2182
2187
2189
2187
2184
2178
2172
2167
2163
2163
2164
2167
2170
2172
2171
2167
2160
2148
2133
2115
2098
2083
2071
2066
2063
2063
2063
2065
2068
2073
2076
2078
2076
2066
2054
2039
2028
2023
2021
2025
2028
2030
2030
2028
2026
2026
2026
2027
2028
2028
2029
2029
2030
2030
2030
2028
2025
2020
2017
2017
2020
2028
2034
2039
2039
2034
2030
2027
2028
2033
2037
2040
2038
2028
2018
2005
1996
1991
1990
1995
2002
2010
2016
2018
2017
2012
2007
2002
2000
2001
2003
2007
2012
2017
2024
2033
2041
2046
2049
2046
2044
2043
2046
2055
2063
2068
2069
2061
2054
2047
2044
2047
2049
2051
2053
2053
2054
2058
2062
2065
2065
2060
2053
2043
2034
2026
2018
2013
2010
2012
2015
2023
2029
2034
2038
2040
2041
2042
2042
2042
2040
2036
2032
2028
2026
2026
2027
2030
2034
2039
2043
2047
2051
2054
2056
2058
2058
2055
2051
2045
2040
2037
2036
2038
2040
2041
2042
2042
2044
2047
2051
2055
2057
2056
2053
2048
2043
2040
2039
2042
2044
2044
2041
2031
2021
2010
2002
1999
1999
2004
2008
2011
2013
2013
2012
2012
2013
2017
2022
2029
2035
2040
2044
2047
2049
2051
2050
2045
2041
2041
2045
2056
2066
2074
2078
2074
2070
2065
2063
2066
2068
2069
2069
2067
2067
2068
2069
2071
2071
2069
2065
2060
2053
2044
2035
2027
2023
2023
2025
2030
2035
2038
2041
2043
2044
2044
2044
2046
2047
2047
2045
2040
2034
2026
2022
2024
2030
2040
2050
2058
2065
2068
2069
2069
2067
2064
2061
2058
2055
2053
2052
2054
2056
2060
2063
2065
2066
2069
2073
2080
2084
2086
2085
2080
2076
2076
2078
2084
2086
2083
2075
2062
2051
2043
2038
2038
2038
2040
2042
2047
2050
2052
2051
2044
2039
2034
2032
2037
2043
2048
2051
2049
2046
2042
2039
2039
2040
2045
2051
2059
2065
2069
2070
2065
2061
2056
2054
2056
2057
2057
2055
2050
2048
2048
2050
2055
2058
2060
2060
2056
2050
2040
2031
2023
2019
2021
2024
2028
2031
2031
2033
2038
2046
2058
2066
2069
2068
2061
2056
2055
2056
2061
2064
2066
2067
2064
2061
2058
2054
2051
2049
2046
2044
2042
2042
2042
2044
2047
2051
2057
2063
2071
2078
2083
2085
2082
2078
2070
2063
2057
2050
2042
2033
2021
2011
2002
1997
1999
2006
2020
2035
2051
2064
2069
2070
2064
2058
2052
2047
2044
2040
2037
2035
2035
2036
2039
2042
2047
2051
2056
2061
2064
2066
2064
2059
2049
2037
2022
2009
1999
1992
1992
1991
1990
1985
1974
1964
1954
1947
1945
1944
1942
1939
1932
1925
1917
1911
1906
1906
1913
1925
1943
1961
1978
1993
2005
2017
2030
2040
2048
2051
2046
2044
2046
2053
2069
2088
2109
2130
2148
2164
2176
2182
2179
2174
2166
2160
2157
2156
2158
2160
2162
2164
2166
2165
2160
2155
2150
2147
2147
2146
2143
2135
2120
2103
2083
2066
2053
2044
2041
2042
2048
2054
2060
2060
2051
2039
2021
2007
1999
1996
1999
2002
2005
2009
2014
2019
2024
2028
2029
2030
2030
2031
2034
2038
2041
2043
2041
2039
2036
2033
2033
2034
2037
2041
2046
2050
2053
2056
2057
2056
2053
2047
2038
2028
2018
2010
2007
2007
2011
2015
2019
2022
2024
2026
2029
2033
2038
2041
2041
2039
2035
2032
2029
2027
2027
2027
2030
2033
2038
2042
2044
2043
2040
2037
2037
2037
2039
2040
2039
2037
2034
2032
2032
2033
2037
2041
2044
2046
2044
2043
2040
2039
2039
2040
2040
2038
2030
2021
2009
1999
1992
1989
1992
1997
2005
2010
2012
2011
2006
2002
2002
2004
2011
2017
2022
2025
2028
2032
2039
2045
2050
2051
2046
2043
2043
2046
2056
2065
2073
2076
2073
2069
2061
2055
2052
2052
2055
2061
2069
2076
2081
2083
2080
2074
2064
2054
2043
2034
2026
2021
2021
2021
2024
2026
2027
2029
2032
2036
2043
2048
2051
2050
2045
2040
2036
2033
2032
2032
2032
2033
2036
2040
2045
2051
2057
2061
2064
2064
2059
2054
2046
2041
2039
2039
2041
2042
2041
2041
2042
2045
2051
2056
2059
2061
2058
2055
2050
2047
2045
2043
2041
2039
2034
2027
2017
2009
2002
1998
1998
1998
1998
2000
2003
2008
2016
2023
2030
2036
2041
2045
2050
2055
2061
2067
2074
2078
2078
2075
2070
2068
2072
2082
2100
2116
2128
2135
2132
2129
2126
2123
2123
2121
2117
2113
2108
2104
2102
2101
2098
2094
2086
2077
2066
2054
2039
2025
2014
2007
2007
2008
2013
2018
2022
2026
2031
2035
2040
2042
2040
2036
2031
2026
2023
2020
2020
2020
2023
2027
2033
2038
2041
2043
2041
2039
2037
2037
2039
2039
2038
2036
2031
2029
2031
2035
2045
2055
2065
2071
2073
2071
2066
2061
2057
2054
2051
2047
2040
2032
2024
2017
2012
2009
2010
2014
2024
2036
2049
2057
2057
2054
2046
2042
2042
2045
2053
2059
2062
2065
2068
2070
2070
2066
2058
2053
2055
2063
2079
2092
2098
2098
2088
2079
2074
2073
2080
2087
2096
2103
2107
2108
2105
2102
2097
2091
2086
2078
2067
2055
2040
2029
2024
2024
2031
2037
2044
2050
2056
2062
2070
2077
2082
2085
2084
2081
2073
2063
2048
2034
2019
2007
1997
1987
1977
1968
1958
1950
1946
1943
1943
1940
1933
1925
1915
1907
1902
1899
1897
1896
1894
1894
1897
1900
1904
1907
1909
1912
1917
1922
1930
1936
1941
1947
1954
1965
1982
2000
2020
2036
2048
2059
2069
2081
2096
2114
2136
2158
2179
2197
2210
2219
2221
2219
2211
2203
2195
2192
2195
2200
2209
2215
2215
2212
2202
2192
2179
2168
2158
2149
2143
2137
2131
2124
2115
2106
2098
2092
2088
2083
2077
2070
2060
2051
2041
2031
2021
2011
2003
1998
1998
2000
2005
2010
2014
2018
2021
2023
2023
2020
2013
2008
2003
2000
2003
2006
2009
2011
2011
2013
2016
2019
2023
2026
2026
2027
2027
2029
2032
2034
2036
2037
2038
2039
2041
2043
2043
2043
2041
2041
2041
2042
2043
2040
2032
2021
2005
1993
1986
1984
1990
1996
2003
2007
2007
2006
2003
2001
1999
1998
2000
2004
2009
2014
2019
2023
2028
2032
2035
2038
2038
2038
2040
2045
2054
2061
2064
2064
2058
2053
2049
2047
2049
2051
2053
2056
2061
2065
2070
2073
2071
2067
2060
2052
2043
2032
2019
2009
2002
2002
2011
2021
2031
2038
2039
2040
2043
2045
2048
2047
2041
2035
2029
2026
2029
2031
2034
2036
2038
2042
2050
2056
2061
2062
2057
2052
2047
2043
2043
2042
2039
2037
2035
2036
2039
2042
2046
2050
2053
2055
2056
2054
2049
2044
2040
2038
2040
2041
2039
2034
2024
2014
2004
1997
1994
1993
1998
2003
2011
2015
2015
2013
2008
2007
2012
2019
2027
2032
2033
2035
2039
2043
2048
2049
2044
2040
2040
2046
2063
2078
2088
2091
2083
2075
2066
2061
2061
2063
2066
2069
2072
2074
2076
2077
2077
2075
2070
2064
2054
2043
2031
2023
2019
2018
2022
2026
2030
2034
2037
2040
2044
2048
2051
2052
2051
2049
2044
2038
2032
2029
2029
2031
2036
2042
2048
2054
2061
2066
2071
2073
2071
2070
2067
2065
2065
2065
2066
2067
2070
2073
2078
2083
2088
2093
2098
2103
2106
2107
2104
2100
2095
2093
2093
2093
2091
2086
2076
2064
2049
2035
2023
2015
2013
2013
2018
2022
2023
2022
2019
2016
2016
2016
2016
2017
2017
2019
2023
2028
2034
2038
2039
2039
2038
2039
2044
2049
2056
2060
2060
2059
2055
2053
2053
2053
2054
2053
2050
2049
2052
2059
2071
2079
2082
2081
2073
2065
2055
2044
2034
2025
2018
2017
2025
2034
2047
2056
2061
2067
2072
2077
2082
2082
2076
2068
2056
2046
2038
2033
2031
2031
2036
2041
2049
2054
2054
2052
2047
2043
2041
2039
2037
2034
2030
2028
2028
2029
2034
2041
2051
2061
2073
2082
2087
2087
2082
2076
2071
2067
2066
2064
2061
2055
2047
2041
2038
2038
2043
2049
2055
2056
2051
2042
2027
2014
2004
2000
2005
2015
2032
2049
2064
2076
2082
2086
2088
2092
2097
2103
2110
2115
2116
2115
2111
2105
2097
2089
2079
2072
2069
2069
2074
2079
2083
2084
2080
2073
2061
2049
2036
2023
2008
1993
1976
1959
1943
1929
1920
1915
1915
1916
1921
1925
1925
1922
1912
1902
1890
1881
1876
1874
1876
1879
1882
1888
1897
1908
1923
1939
1955
1971
1986
2001
2016
2030
2042
2053
2061
2070
2079
2090
2105
2122
2144
2167
2190
2210
2223
2230
2227
2220
2205
2189
2171
2158
2152
2153
2164
2175
2185
2189
2181
2170
2154
2139
2128
2119
2112
2107
2104
2104
2108
2110
2109
2103
2090
2078
2068
2062
2061
2058
2053
2045
2032
2022
2014
2010
2011
2013
2016
2020
2023
2026
2029
2029
2024
2018
2009
2003
2001
2001
2004
2004
2001
1998
1993
1993
2000
2008
2020
2029
2034
2039
2042
2044
2045
2044
2039
2036
2033
2033
2036
2039
2039
2038
2033
2030
2028
2026
2025
2023
2020
2019
2019
2020
2024
2027
2030
2032
2035
2038
2043
2047
2049
2049
2045
2041
2038
2036
2037
2036
2031
2024
2011
2000
1990
1985
1987
1991
1998
2003
2007
2009
2009
2008
2007
2007
2010
2013
2016
2019
2019
2020
2023
2028
2037
2043
2045
2046
2044
2048
2058
2069
2081
2086
2078
2068
2053
2044
2042
2043
2049
2055
2060
2065
2069
2071
2071
2068
2062
2056
2048
2041
2034
2027
2021
2017
2016
2017
2021
2026
2033
2038
2043
2045
2043
2041
2038
2037
2037
2038
2038
2037
2035
2036
2040
2045
2052
2056
2058
2058
2056
2055
2052
2049
2044
2041
2038
2037
2039
2041
2044
2046
2048
2051
2055
2057
2057
2054
2048
2044
2043
2043
2043
2040
2032
2022
2011
2003
2000
1999
2001
2003
2006
2008
2010
2010
2010
2010
2012
2015
2022
2029
2036
2040
2042
2044
2046
2047
2047
2046
2044
2044
2048
2055
2066
2074
2078
2078
2073
2068
2063
2060
2062
2064
2067
2069
2069
2070
2072
2074
2077
2076
2070
2062
2049
2038
2030
2024
2023
2024
2029
2034
2042
2050
2058
2065
2071
2076
2079
2081
2079
2076
2070
2067
2067
2071
2079
2087
2097
2105
2112
2117
2121
2122
2118
2111
2101
2092
2086
2082
2079
2076
2071
2067
2067
2069
2076
2080
2080
2076
2066
2056
2046
2037
2029
2022
2014
2007
2002
1995
1987
1979
1971
1971
1981
1994
2010
2019
2017
2012
2004
2001
2005
2008
2010
2010
2008
2013
2026
2038
2049
2054
2049
2047
2051
2060
2075
2085
2088
2087
2081
2077
2077
2076
2074
2075
2078
2084
2095
2102
2102
2100
2092
2088
2090
2090
2085
2074
2054
2040
2035
2034
2042
2046
2044
2044
2045
2049
2058
2063
2060
2056
2049
2047
2051
2054
2054
2052
2046
2043
2045
2046
2049
2051
2051
2052
2055
2056
2056
2055
2053
2052
2055
2057
2057
2057
2059
2065
2078
2087
2090
2087
2077
2071
2074
2077
2082
2080
2069
2060
2053
2049
2049
2047
2040
2038
2042
2048
2057
2056
2040
2021
2000
1986
1983
1980
1975
1968
1959
1955
1958
1960
1958
1952
1940
1935
1940
1944
1948
1943
1925
1906
1888
1878
1878
1878
1881
1883
1885
1889
1896
1903
1913
1926
1941
1956
1971
1982
1985
1986
1983
1985
1993
2008
2031
2059
2095
2132
2172
2207
2233
2251
2256
2256
2248
2240
2231
2224
2220
2219
2223
2228
2236
2241
2241
2236
2225
2214
2202
2192
2184
2177
2169
2161
2153
2144
2136
2127
2117
2106
2094
2085
2078
2073
2068
2061
2051
2038
2022
2006
1991
1979
1972
1968
1968
1968
1965
1960
1951
1945
1943
1948
1961
1972
1980
1985
1985
1987
1995
2004
2014
2020
2019
2018
2017
2021
2033
2043
2051
2054
2049
2045
2042
2041
2044
2046
2046
2045
2043
2042
2044
2047
2052
2055
2053
2049
2039
2029
2019
2011
2007
2005
2007
2010
2014
2018
2023
2029
2035
2040
2045
2047
2045
2042
2034
2027
2021
2018
2020
2023
2028
2034
2040
2044
2046
2046
2043
2039
2036
2036
2039
2040
2040
2038
2034
2032
2032
2034
2037
2041
2045
2049
2054
2055
2052
2046
2038
2032
2032
2032
2033
2029
2017
2007
1999
1994
1997
1999
2001
2002
2004
2008
2013
2015
2012
2009
2004
2004
2012
2021
2031
2038
2040
2041
2041
2042
2043
2044
2046
2050
2059
2068
2076
2079
2074
2067
2059
2055
2055
2056
2059
2060
2060
2060
2060
2062
2065
2066
2066
2062
2054
2044
2032
2024
2021
2020
2023
2025
2028
2031
2036
2041
2047
2050
2049
2047
2044
2042
2043
2043
2041
2039
2034
2031
2033
2038
2046
2052
2055
2058
2060
2061
2062
2060
2054
2048
2041
2038
2038
2038
2040
2042
2043
2045
2049
2053
2058
2060
2058
2054
2048
2043
2038
2034
2033
2033
2035
2034
2030
2023
2012
2004
1999
1998
2005
2011
2016
2019
2017
2018
2022
2029
2042
2052
2060
2065
2066
2068
2071
2075
2079
2081
2079
2080
2085
2094
2109
2123
2135
2143
2144
2142
2136
2129
2120
2112
2107
2104
2105
2106
2106
2105
2100
2093
2085
2073
2057
2041
2023
2011
2006
2003
2005
2007
2008
2010
2015
2020
2026
2029
2027
2025
2021
2019
2019
2019
2018
2017
2014
2013
2015
2017
2020
2025
2032
2038
2045
2049
2048
2045
2040
2037
2039
2042
2045
2046
2042
2040
2040
2045
2056
2064
2069
2071
2066
2061
2058
2056
2054
2053
2051
2052
2056
2058
2058
2052
2037
2025
2019
2022
2039
2055
2070
2077
2071
2064
2054
2047
2044
2043
2043
2045
2048
2052
2060
2066
2069
2071
2069
2069
2071
2076
2084
2091
2099
2103
2102
2099
2091
2085
2080
2078
2078
2077
2074
2071
2068
2066
2067
2068
2068
2065
2057
2047
2034
2022
2010
2000
1992
1986
1981
1975
1969
1965
1963
1962
1964
1964
1961
1955
1945
1936
1928
1922
1918
1913
1908
1904
1904
1905
1910
1913
1915
1917
1920
1926
1938
1951
1965
1978
1990
2002
2017
2033
2050
2065
2075
2083
2088
2095
2105
2117
2132
2148
2164
2178
2186
2189
2184
2178
2168
2161
2159
2161
2167
2170
2170
2165
2152
2140
2129
2122
2119
2117
2115
2114
2112
2109
2106
2102
2097
2093
2091
2092
2098
2102
2104
2100
2088
2077
2066
2059
2059
2059
2061
2061
2057
2051
2043
2035
2028
2024
2023
2023
2025
2025
2022
2017
2010
2005
2001
1999
2000
2001
2003
2006
2009
2014
2019
2024
2029
2031
2029
2026
2021
2018
2017
2018
2021
2025
2030
2036
2041
2045
2045
2044
2040
2037
2035
2033
2031
2030
2028
2027
2029
2031
2034
2036
2037
2039
2042
2047
2052
2054
2050
2044
2036
2031
2031
2033
2036
2035
2028
2019
2006
1995
1987
1984
1989
1996
2006
2012
2013
2011
2004
1999
1998
2000
2007
2012
2017
2021
2026
2032
2040
2046
2049
2050
2049
2050
2054
2059
2066
2071
2072
2071
2067
2063
2060
2059
2059
2061
2064
2067
2069
2070
2071
2072
2074
2074
2069
2061
2047
2034
2023
2016
2016
2016
2018
2020
2022
2026
2033
2038
2043
2046
2044
2041
2038
2036
2036
2035
2035
2035
2035
2036
2039
2041
2044
2047
2052
2056
2060
2061
2057
2051
2043
2037
2037
2038
2041
2044
2044
2044
2044
2045
2050
2054
2057
2058
2057
2055
2050
2046
2041
2038
2038
2039
2041
2040
2033
2026
2016
2008
2003
2000
1998
1997
1997
1999
2006
2013
2021
2027
2032
2038
2045
2052
2060
2066
2071
2074
2076
2075
2072
2070
2067
2070
2082
2098
2119
2134
2141
2142
2135
2131
2129
2128
2130
2131
2128
2125
2120
2116
2113
2109
2104
2097
2087
2073
2055
2037
2022
2012
2009
2008
2010
2012
2012
2013
2017
2022
2027
2029
2026
2023
2018
2016
2018
2020
2021
2020
2017
2016
2018
2020
2024
2027
2028
2029
2031
2035
2041
2044
2044
2041
2034
2029
2027
2028
2035
2040
2044
2047
2047
2049
2053
2057
2060
2061
2058
2055
2050
2048
2050
2052
2057
2059
2056
2050
2039
2032
2030
2033
2046
2057
2067
2073
2070
2066
2060
2055
2051
2047
2044
2044
2048
2053
2061
2065
2064
2062
2057
2057
2062
2069
2078
2084
2086
2087
2087
2088
2091
2092
2090
2089
2087
2088
2091
2093
2094
2093
2090
2088
2088
2088
2086
2080
2065
2048
2030
2019
2019
2022
2031
2037
2039
2039
2038
2038
2040
2039
2034
2025
2011
1998
1987
1979
1976
1973
1970
1966
1961
1954
1945
1936
1928
1921
1916
1908
1897
1887
1877
1873
1878
1885
1895
1904
1911
1920
1930
1941
1954
1964
1972
1981
1993
2007
2023
2037
2046
2052
2052
2053
2053
2055
2062
2074
2096
2121
2150
2172
2184
2190
2185
2180
2176
2172
2169
2165
2160
2159
2164
2171
2180
2186
2188
2190
2192
2193
2191
2184
2169
2154
2139
2127
2121
2115
2110
2104
2097
2091
2087
2083
2078
2072
2065
2059
2055
2051
2048
2045
2040
2035
2030
2025
2022
2021
2021
2020
2018
2016
2011
2006
2001
1998
1996
1996
1996
1998
2003
2008
2013
2017
2019
2020
2022
2026
2031
2035
2035
2034
2029
2025
2022
2021
2022
2023
2025
2027
2028
2028
2025
2023
2023
2025
2033
2039
2044
2044
2038
2032
2027
2025
2028
2030
2030
2026
2017
2008
1999
1994
1994
1997
2002
2006
2009
2010
2009
2007
2003
2000
1997
1997
2000
2004
2011
2017
2022
2028
2035
2041
2046
2048
2045
2043
2044
2050
2064
2075
2081
2080
2068
2058
2050
2047
2050
2054
2059
2064
2068
2072
2075
2076
2071
2065
2055
2047
2039
2032
2025
2019
2016
2015
2017
2020
2023
2027
2032
2037
2042
2045
2043
2039
2034
2030
2030
2030
2032
2034
2035
2036
2039
2041
2044
2046
2048
2049
2052
2054
2056
2055
2050
2045
2040
2037
2038
2040
2043
2045
2048
2050
2051
2052
2052
2053
2053
2053
2053
2051
2046
2043
2041
2042
2045
2045
2040
2031
2016
2005
1998
1996
1999
2003
2006
2008
2008
2009
2009
2010
2012
2015
2020
2026
2034
2039
2042
2044
2044
2044
2046
2047
2046
2045
2044
2048
2059
2070
2083
2089
2084
2078
2068
2062
2062
2064
2069
2074
2077
2079
2081
2082
2080
2077
2070
2062
2054
2046
2037
2029
2021
2017
2018
2021
2027
2032
2035
2039
2044
2049
2052
2052
2047
2040
2032
2026
2025
2025
2028
2031
2034
2039
2046
2052
2057
2061
2062
2063
2063
2063
2062
2061
2059
2058
2059
2061
2064
2066
2068
2070
2073
2076
2081
2086
2091
2096
2100
2103
2105
2105
2103
2101
2098
2096
2093
2088
2080
2069
2056
2046
2039
2036
2037
2037
2036
2035
2033
2031
2029
2027
2022
2018
2014
2012
2015
2018
2022
2026
2030
2034
2037
2039
2036
2035
2035
2040
2053
2064
2071
2071
2061
2054
2051
2051
2056
2058
2057
2058
2063
2069
2079
2084
2081
2076
2069
2063
2060
2052
2039
2029
2022
2022
2032
2040
2044
2047
2048
2053
2063
2070
2070
2066
2057
2054
2059
2062
2061
2056
2044
2041
2049
2059
2069
2072
2062
2055
2055
2056
2061
2057
2041
2030
2025
2026
2038
2043
2036
2032
2031
2040
2063
2077
2078
2072
2054
2047
2056
2064
2070
2066
2048
2037
2036
2040
2051
2052
2039
2028
2020
2024
2049
2072
2090
2096
2081
2063
2040
2025
2022
2026
2039
2052
2065
2072
2069
2064
2056
2054
2061
2072
2090
2103
2109
2107
2092
2075
2056
2041
2033
2026
2023
2018
2008
1996
1983
1971
1961
1951
1939
1925
1907
1889
1872
1857
1847
1838
1832
1829
1831
1836
1848
1861
1876
1891
1905
1920
1936
1952
1967
1980
1988
1994
1999
2006
2018
2034
2059
2088
2124
2160
2193
2220
2236
2246
2245
2241
2233
2225
2220
2218
2221
2226
2234
2239
2242
2241
2235
2227
2215
2203
2190
2175
2159
2141
2120
2099
2078
2062
2054
2050
2053
2056
2059
2059
2054
2048
2040
2032
2024
2016
2011
2008
2008
2010
2015
2019
2024
2027
2028
2029
2029
2030
2033
2035
2037
2036
2031
2027
2022
2019
2019
2020
2022
2024
2024
2024
2027
2031
2036
2039
2039
2035
2026
2016
2004
1994
1986
1980
1979
1982
1990
1999
2009
2018
2025
2031
2036
2040
2045
2047
2047
2044
2039
2034
2031
2030
2033
2036
2040
2044
2047
2049
2048
2045
2038
2033
2028
2026
2029
2031
2033
2033
2030
2029
2029
2031
2036
2039
2039
2038
2035
2033
2033
2034
2037
2040
2042
2041
2034
2024
2011
2001
1994
1990
1992
1994
1996
1998
1999
2000
2003
2005
2007
2009
2009
2011
2014
2019
2027
2035
2043
2050
2055
2056
2053
2049
2046
2048
2056
2065
2075
2079
2074
2068
2059
2054
2054
2056
2061
2065
2068
2071
2074
2077
2077
2074
2066
2056
2043
2033
2027
2023
2023
2022
2021
2021
2024
2028
2036
2042
2046
2048
2046
2044
2042
2040
2038
2035
2031
2029
2029
2032
2039
2044
2049
2053
2055
2056
2054
2052
2047
2042
2038
2035
2035
2035
2035
2034
2034
2035
2039
2044
2049
2053
2053
2052
2049
2046
2044
2044
2046
2047
2047
2044
2037
2030
2020
2013
2009
2009
2014
2020
2027
2033
2036
2040
2045
2051
2060
2069
2077
2085
2092
2099
2105
2109
2110
2109
2106
2105
2110
2118
2132
2143
2151
2153
2148
2141
2131
2123
2115
2109
2104
2099
2094
2087
2077
2068
2061
2056
2054
2050
2042
2031
2018
2009
2004
2002
2002
2002
1999
1999
2003
2009
2019
2025
2025
2024
2019
2016
2013
2010
2007
2006
2006
2009
2017
2026
2034
2039
2040
2041
2041
2042
2042
2042
2040
2040
2041
2043
2048
2051
2053
2055
2056
2058
2061
2063
2063
2063
2062
2061
2059
2058
2057
2056
2053
2049
2044
2038
2031
2028
2030
2034
2042
2049
2052
2052
2049
2046
2044
2044
2046
2048
2050
2053
2058
2065
2073
2079
2083
2086
2088
2091
2098
2104
2111
2116
2117
2117
2115
2113
2111
2109
2104
2098
2090
2083
2078
2074
2072
2068
2061
2052
2037
2022
2007
1992
1979
1965
1952
1941
1931
1924
1921
1916
1909
1901
1890
1881
1873
1868
1865
1862
1859
1858
1858
1860
1867
1875
1883
1891
1899
1908
1921
1934
1947
1959
1969
1981
1996
2016
2044
2074
2106
2136
2163
2185
2200
2211
2214
2216
2215
2214
2214
2213
2211
2207
2199
2192
2187
2185
2188
2191
2194
2191
2178
2163
2143
2128
2120
2115
2115
2116
2116
2115
2113
2108
2100
2089
2076
2068
2066
2068
2073
2074
2067
2057
2042
2030
2022
2016
2012
2011
2014
2022
2035
2045
2050
2050
2043
2039
2040
2042
2045
2041
2028
2013
1997
1987
1985
1986
1993
1999
2007
2014
2021
2025
2025
2024
2023
2024
2027
2029
2030
2029
2026
2024
2025
2028
2035
2041
2044
2046
2043
2041
2040
2040
2042
2042
2041
2039
2036
2034
2033
2033
2035
2038
2041
2044
2046
2045
2042
2040
2037
2037
2040
2041
2039
2032
2019
2008
1998
1992
1992
1994
1997
2001
2004
2006
2008
2008
2005
2001
1996
1993
1996
2001
2011
2020
2028
2034
2038
2041
2041
2041
2041
2044
2051
2059
2067
2071
2069
2065
2057
2050
2047
2047
2051
2055
2060
2063
2065
2066
2067
2067
2065
2062
2055
2048
2038
2028
2019
2013
2010
2011
2017
2024
2032
2039
2043
2045
2044
2042
2039
2036
2032
2030
2030
2032
2035
2038
2039
2040
2040
2041
2045
2050
2055
2058
2057
2054
2047
2041
2036
2034
2035
2036
2038
2039
2041
2043
2046
2048
2050
2050
2049
2048
2046
2045
2043
2043
2044
2045
2047
2046
2040
2031
2018
2006
1998
1993
1993
1995
2000
2004
2008
2012
2015
2018
2022
2028
2036
2045
2053
2059
2062
2065
2068
2069
2069
2067
2064
2064
2072
2084
2102
2115
2122
2123
2115
2111
2111
2114
2123
2129
2131
2130
2126
2124
2124
2122
2119
2114
2105
2095
2083
2070
2055
2042
2030
2023
2021
2022
2027
2030
2032
2033
2035
2037
2039
2039
2036
2033
2028
2023
2020
2017
2016
2017
2022
2028
2035
2040
2040
2038
2033
2030
2030
2030
2032
2032
2030
2028
2026
2026
2028
2030
2035
2041
2048
2054
2057
2058
2056
2055
2057
2059
2062
2064
2062
2058
2053
2049
2047
2043
2038
2031
2022
2018
2021
2027
2040
2050
2057
2060
2057
2054
2049
2043
2036
2031
2028
2027
2032
2037
2044
2050
2053
2054
2053
2053
2055
2060
2069
2076
2081
2081
2073
2065
2055
2048
2045
2041
2036
2030
2023
2019
2019
2019
2018
2013
2002
1991
1979
1968
1956
1942
1926
1912
1902
1897
1901
1906
1913
1918
1923
1928
1933
1937
1941
1945
1948
1952
1957
1963
1971
1979
1989
2000
2013
2028
2046
2065
2086
2107
2128
2147
2163
2175
2182
2186
2183
2180
2175
2173
2175
2178
2186
2191
2194
2194
2191
2189
2186
2183
2178
2170
2158
2144
2129
2114
2101
2090
2082
2078
2078
2078
2078
2074
2066
2056
2044
2035
2028
2023
2020
2019
2022
2025
2030
2034
2034
2032
2027
2023
2023
2025
2032
2038
2044
2047
2045
2040
2030
2021
2016
2015
2022
2030
2040
2047
2050
2053
2055
2056
2053
2047
2036
2025
2015
2008
2006
2005
2007
2008
2011
2014
2018
2022
2025
2028
2031
2034
2036
2036
2033
2029
2024
2022
2023
2025
2028
2031
2034
2036
2039
2041
2043
2045
2048
2050
2050
2048
2042
2036
2031
2029
2032
2037
2042
2045
2043
2040
2036
2034
2034
2035
2038
2041
2043
2044
2044
2044
2044
2044
2044
2043
2038
2031
2019
2009
1999
1993
1992
1994
2000
2006
2014
2019
2021
2020
2014
2010
2008
2008
2013
2018
2023
2027
2032
2037
2044
2047
2046
2044
2039
2040
2050
2063
2078
2086
2083
2077
2066
2060
2060
2060
2062
2063
2061
2062
2066
2070
2075
2076
2072
2066
2058
2049
2041
2034
2029
2025
2023
2023
2026
2030
2035
2040
2045
2047
2045
2043
2040
2039
2039
2038
2035
2032
2028
2027
2030
2033
2038
2041
2040
2040
2040
2041
2046
2049
2051
2053
2053
2054
2056
2058
2058
2059
2061
2065
2070
2074
2074
2073
2071
2071
2074
2076
2079
2079
2076
2075
2075
2076
2081
2085
2089
2091
2091
2088
2080
2069
2053
2039
2029
2024
2029
2035
2045
2050
2049
2046
2039
2034
2032
2031
2029
2026
2021
2018
2019
2023
2031
2037
2038
2038
2038
2043
2057
2071
2084
2091
2086
2078
2066
2058
2055
2054
2056
2059
2062
2064
2065
2065
2062
2060
2058
2055
2050
2043
2031
2021
2012
2007
2007
2007
2008
2010
2015
2022
2032
2039
2042
2040
2032
2025
2022
2023
2028
2032
2032
2031
2029
2031
2037
2044
2052
2059
2063
2067
2071
2074
2077
2078
2077
2076
2075
2076
2079
2081
2083
2084
2083
2083
2083
2084
2085
2085
2083
2081
2079
2077
2075
2072
2067
2061
2056
2052
2050
2048
2044
2037
2025
2015
2006
2003
2010
2018
2031
2038
2036
2029
2013
1998
1983
1973
1969
1968
1971
1974
1977
1979
1976
1971
1963
1957
1954
1957
1969
1981
1994
1999
1994
1985
1972
1965
1966
1971
1983
1992
1998
2002
2004
2009
2019
2030
2042
2050
2053
2055
2053
2051
2049
2049
2050
2051
2054
2058
2065
2075
2088
2103
2119
2134
2145
2152
2155
2156
2153
2149
2143
2137
2130
2126
2126
2130
2139
2147
2152
2153
2146
2137
2125
2115
2107
2100
2094
2089
2085
2081
2078
2074
2068
2063
2058
2055
2055
2054
2052
2049
2044
2041
2042
2043
2043
2038
2025
2012
1998
1989
1987
1988
1994
2000
2006
2009
2006
2002
1994
1989
1989
1991
1996
2000
2001
2003
2008
2017
2030
2038
2040
2040
2035
2036
2044
2054
2066
2071
2067
2061
2053
2048
2049
2051
2054
2057
2059
2061
2061
2060
2058
2057
2055
2052
2047
2041
2033
2024
2016
2011
2009
2009
2013
2018
2025
2030
2034
2037
2039
2041
2042
2041
2037
2032
2025
2021
2020
2022
2027
2032
2036
2039
2041
2042
2044
2047
2050
2053
2056
2056
2053
2048
2041
2036
2035
2036
2041
2044
2046
2046
2044
2043
2043
2043
2045
2048
2051
2052
2051
2048
2042
2038
2037
2037
2040
2039
2032
2024
2011
2002
1998
1997
2000
2003
2006
2008
2010
2012
2012
2012
2014
2018
2026
2033
2038
2041
2041
2042
2045
2047
2050
2049
2043
2040
2041
2047
2062
2075
2085
2088
2081
2075
2068
2065
2066
2068
2073
2077
2080
2082
2081
2078
2073
2067
2061
2054
2046
2037
2026
2018
2013
2013
2018
2024
2032
2037
2040
2042
2043
2044
2044
2042
2039
2035
2030
2025
2022
2021
2025
2031
2039
2045
2048
2049
2048
2049
2052
2056
2060
2061
2058
2054
2048
2044
2042
2042
2042
2043
2045
2048
2051
2053
2054
2054
2052
2052
2054
2055
2055
2055
2054
2054
2057
2059
2059
2057
2049
2041
2032
2025
2020
2017
2017
2021
2030
2039
2049
2055
2058
2062
2067
2074
2084
2091
2093
2093
2090
2089
2091
2091
2088
2083
2076
2075
2083
2093
2106
2111
2106
2096
2080
2065
2053
2046
2045
2048
2056
2064
2072
2076
2074
2070
2062
2055
2048
2042
2035
2029
2024
2022
2022
2023
2024
2025
2027
2031
2039
2045
2049
2050
2046
2042
2039
2037
2034
2030
2025
2022
2022
2024
2029
2033
2035
2037
2039
2041
2045
2047
2047
2044
2039
2034
2029
2026
2024
2025
2028
2033
2040
2044
2046
2048
2051
2055
2060
2064
2064
2062
2059
2059
2063
2066
2069
2068
2061
2055
2050
2046
2046
2045
2044
2045
2050
2056
2064
2066
2060
2052
2039
2031
2029
2030
2034
2037
2039
2041
2046
2052
2060
2067
2072
2077
2082
2088
2095
2101
2104
2104
2101
2097
2092
2088
2084
2079
2074
2070
2067
2066
2066
2062
2052
2039
2021
2005
1995
1987
1984
1980
1973
1965
1955
1947
1942
1937
1934
1931
1929
1928
1929
1929
1928
1925
1920
1916
1913
1913
1918
1925
1937
1951
1967
1982
1995
2007
2016
2026
2037
2048
2058
2066
2069
2071
2073
2077
2085
2095
2108
2123
2138
2152
2164
2173
2176
2177
2176
2176
2176
2173
2167
2158
2143
2130
2118
2110
2108
2109
2116
2121
2125
2123
2111
2095
2072
2053
2038
2029
2031
2035
2045
2054
2064
2071
2076
2079
2077
2075
2072
2071
2071
2071
2068
2064
2059
2054
2050
2047
2046
2046
2048
2050
2053
2054
2053
2052
2049
2048
2050
2049
2046
2040
2027
2015
2003
1994
1991
1991
1994
1997
2002
2007
2012
2016
2019
2021
2023
2023
2023
2022
2020
2019
2017
2017
2019
2021
2025
2029
2034
2038
2043
2048
2051
2052
2050
2046
2039
2033
2030
2030
2033
2036
2038
2038
2035
2034
2034
2036
2041
2044
2044
2043
2039
2036
2035
2035
2036
2035
2030
2024
2016
2010
2005
2000
1996
1993
1993
1995
2003
2009
2013
2014
2009
2005
2005
2007
2014
2020
2023
2026
2028
2033
2042
2048
2049
2046
2038
2036
2043
2054
2073
2085
2087
2083
2068
2056
2051
2050
2058
2065
2072
2076
2078
2079
2079
2076
2071
2064
2054
2045
2035
2028
2023
2020
2020
2021
2024
2026
2029
2032
2037
2042
2045
2047
2044
2041
2038
2036
2036
2037
2037
2038
2038
2038
2041
2044
2047
2049
2052
2055
2058
2060
2060
2057
2050
2044
2039
2038
2042
2046
2050
2053
2053
2052
2050
2050
2050
2050
2053
2055
2057
2055
2048
2042
2036
2034
2039
2042
2044
2040
2028
2016
2004
1997
1996
1996
1997
1998
1998
2001
2007
2013
2019
2023
2025
2027
2029
2033
2038
2043
2048
2050
2048
2045
2038
2035
2036
2042
2057
2071
2086
2095
2095
2092
2084
2079
2078
2079
2084
2089
2094
2097
2099
2100
2100
2100
2097
2093
2087
2082
2078
2075
2073
2073
2074
2076
2079
2083
2086
2089
2089
2089
2087
2085
2082
2077
2072
2066
2060
2055
2051
2049
2049
2049
2051
2051
2050
2048
2044
2040
2037
2035
2032
2029
2024
2020
2017
2014
2012
2012
2014
2016
2020
2023
2025
2025
2023
2024
2027
2031
2037
2040
2039
2038
2036
2035
2038
2038
2034
2027
2017
2009
2006
2008
2016
2026
2037
2045
2050
2052
2047
2040
2030
2023
2020
2020
2025
2032
2040
2048
2055
2059
2059
2058
2056
2060
2070
2082
2095
2103
2102
2099
2092
2087
2087
2087
2089
2091
2092
2093
2096
2097
2097
2095
2090
2084
2079
2072
2064
2054
2044
2036
2033
2034
