2042
2057
2060
2063
2058
2053
2042
2031
2020
2010
2003
1996
1991
1988
1992
1998
2012
2027
2042
2056
2065
2074
2075
2075
2065
2055
2043
2033
2026
2019
2008
1997
1989
1983
1993
2003
2015
2025
2024
2023
2023
2023
2028
2031
2029
2027
2027
2028
2038
2048
2055
2060
2059
2059
2062
2066
2071
2076
2076
2076
2074
2072
2071
2070
2070
2071
2072
2072
2065
2058
2045
2034
2027
2022
2026
2031
2042
2053
2064
2074
2080
2085
2084
2083
2080
2077
2072
2066
2059
2052
2047
2043
2045
2049
2061
2072
2085
2097
2104
2110
2110
2109
2103
2097
2086
2075
2061
2047
2034
2021
2013
2007
2009
2013
2027
2041
2054
2065
2065
2063
2053
2042
2034
2027
2027
2027
2029
2032
2033
2034
2035
2037
2038
2039
2037
2034
2032
2030
2031
2032
2033
2034
2034
2034
2034
2034
2033
2031
2028
2024
2023
2021
2020
2017
2009
2001
1993
1986
1992
1999
2016
2034
2049
2062
2068
2072
2071
2069
2061
2053
2039
2025
2018
2013
2020
2028
2039
2050
2057
2065
2077
2089
2103
2116
2117
2116
2104
2093
2082
2071
2063
2054
2044
2033
2025
2018
2020
2025
2039
2053
2063
2072
2065
2057
2045
2036
2036
2037
2042
2046
2046
2047
2049
2052
2057
2061
2061
2060
2060
2060
2060
2060
2058
2055
2054
2054
2054
2053
2050
2046
2041
2036
2034
2032
2028
2024
2021
2019
2024
2028
2033
2037
2036
2036
2038
2040
2046
2050
2048
2045
2036
2028
2024
2020
2020
2019
2017
2015
2016
2017
2022
2026
2021
2016
2005
1996
1997
2000
2014
2027
2039
2050
2060
2069
2074
2076
2063
2050
2034
2020
2014
2009
2008
2008
2013
2020
2040
2061
2083
2103
2113
2122
2124
2124
2117
2108
2092
2075
2060
2045
2032
2019
2007
1998
2000
2005
2020
2034
2043
2052
2052
2052
2047
2043
2037
2031
2030
2029
2035
2040
2047
2054
2055
2056
2055
2055
2058
2063
2070
2077
2080
2083
2081
2079
2078
2076
2075
2073
2068
2064
2063
2063
2066
2069
2069
2070
2071
2072
2074
2076
2074
2072
2067
2063
2063
2063
2063
2062
2058
2054
2048
2043
2037
2032
2030
2029
2031
2032
2029
2026
2019
2012
2012
2013
2023
2034
2048
2061
2069
2076
2073
2069
2057
2046
2035
2025
2018
2011
2009
2008
2013
2018
2029
2040
2054
2068
2082
2095
2102
2108
2103
2098
2088
2078
2069
2059
2050
2040
2031
2023
2020
2017
2017
2016
2015
2013
2012
2011
2004
1995
1979
1963
1951
1942
1948
1956
1972
1988
2001
2014
2021
2028
2030
2031
2029
2027
2027
2027
2030
2032
2031
2029
2023
2017
2016
2016
2021
2026
2029
2031
2025
2019
2014
2012
2019
2028
2046
2064
2084
2102
2115
2125
2125
2123
2112
2101
2090
2079
2072
2065
2061
2058
2059
2061
2069
2079
2093
2107
2119
2129
2130
2129
2121
2112
2102
2091
2079
2068
2059
2050
2046
2043
2044
2045
2048
2052
2055
2057
2055
2052
2044
2035
2028
2021
2021
2021
2025
2029
2033
2037
2037
2036
2035
2034
2034
2034
2035
2037
2039
2041
2043
2045
2040
2035
2026
2018
2016
2014
2017
2019
2019
2018
2013
2008
2003
1998
1995
1993
1996
2001
2013
2025
2039
2052
2062
2071
2073
2074
2064
2054
2041
2029
2025
2022
2022
2023
2026
2030
2044
2059
2077
2094
2103
2111
2113
2115
2114
2112
2099
2085
2066
2048
2038
2028
2027
2026
2029
2033
2043
2053
2061
2067
2064
2059
2051
2043
2038
2034
2032
2031
2033
2035
2042
2048
2052
2055
2053
2051
2051
2051
2054
2058
2059
2060
2057
2054
2052
2051
2051
2050
2049
2047
2044
2040
2038
2035
2033
2031
2030
2030
2031
2032
2035
2038
2039
2041
2041
2041
2041
2040
2039
2037
2032
2028
2023
2018
2015
2012
2010
2008
2007
2006
2011
2015
2018
2019
2011
2002
1995
1990
2000
2012
2029
2045
2053
2061
2066
2071
2071
2069
2055
2042
2028
2015
2014
2013
2018
2024
2036
2050
2072
2093
2112
2128
2135
2142
2145
2147
2141
2134
2113
2091
2070
2050
2040
2031
2026
2023
2025
2028
2038
2048
2055
2060
2056
2052
2046
2040
2037
2035
2036
2038
2044
2050
2056
2060
2059
2058
2055
2051
2050
2048
2048
2048
2049
2050
2051
2052
2051
2050
2044
2038
2032
2026
2025
2025
2025
2025
2024
2022
2021
2021
2023
2025
2027
2030
2030
2030
2027
2022
2014
2007
2000
1993
1987
1982
1979
1976
1979
1983
1986
1987
1979
1972
1970
1970
1989
2008
2031
2053
2068
2083
2096
2108
2110
2109
2095
2081
2070
2061
2062
2063
2067
2072
2082
2093
2113
2133
2151
2167
2174
2180
2176
2170
2154
2137
2117
2099
2086
2074
2065
2057
2051
2047
2049
2053
2062
2070
2076
2080
2073
2065
2049
2033
2020
2010
2013
2018
2028
2037
2042
2046
2046
2046
2046
2047
2048
2050
2051
2051
2049
2047
2045
2044
2044
2044
2043
2042
2036
2031
2026
2021
2018
2014
2011
2009
2010
2012
2018
2023
2024
2025
2023
2021
2025
2030
2043
2055
2063
2070
2067
2063
2052
2040
2025
2010
1995
1980
1971
1963
1960
1957
1957
1959
1969
1980
1997
2014
2028
2040
2045
2049
2050
2051
2050
2049
2042
2034
2026
2018
2017
2017
2023
2029
2031
2033
2033
2034
2040
2046
2047
2046
2034
2023
2017
2014
2027
2040
2054
2066
2070
2074
2080
2087
2094
2101
2103
2105
2104
2101
2094
2086
2074
2063
2054
2045
2038
2031
2026
2022
2028
2034
2048
2061
2067
2072
2070
2067
2066
2065
2063
2059
2051
2044
2041
2039
2045
2051
2059
2068
2079
2090
2102
2113
2115
2115
2105
2095
2087
2079
2072
2063
2048
2033
2018
2005
2005
2006
2017
2028
2039
2049
2055
2059
2056
2051
2043
2037
2037
2038
2044
2048
2045
2042
2037
2034
2037
2039
2037
2033
2024
2015
2013
2012
2016
2020
2020
2021
2022
2024
2026
2028
2027
2026
2026
2025
2024
2021
2013
2006
2004
2003
2013
2023
2033
2042
2049
2056
2062
2067
2063
2057
2042
2027
2016
2007
2007
2008
2017
2027
2044
2062
2078
2094
2103
2111
2114
2117
2113
2107
2092
2077
2063
2049
2040
2032
2027
2023
2024
2025
2032
2040
2048
2055
2059
2062
2057
2052
2045
2038
2038
2038
2043
2046
2046
2045
2045
2045
2049
2053
2054
2055
2053
2052
2053
2055
2056
2057
2055
2052
2052
2052
2052
2052
2045
2038
2032
2027
2029
2031
2033
2036
2036
2036
2041
2046
2049
2052
2049
2046
2044
2042
2040
2036
2029
2022
2019
2017
2018
2019
2016
2012
2009
2007
2010
2013
2008
2002
1991
1982
1987
1993
2007
2021
2029
2036
2043
2050
2053
2055
2041
2027
2006
1986
1978
1971
1977
1984
2000
2017
2043
2068
2089
2108
2116
2124
2126
2128
2126
2122
2114
2105
2093
2082
2071
2060
2052
2046
2051
2057
2071
2085
2094
2101
2100
2099
2092
2085
2077
2069
2065
2062
2065
2069
2074
2079
2080
2081
2079
2077
2072
2068
2066
2063
2062
2060
2058
2055
2054
2054
2054
2053
2047
2040
2033
2027
2027
2028
2030
2031
2031
2031
2034
2038
2043
2047
2047
2046
2045
2044
2043
2042
2040
2038
2036
2033
2026
2019
2009
2000
2001
2004
2022
2040
2054
2066
2065
2062
2052
2041
2032
2024
2019
2015
2012
2008
2007
2007
2015
2025
2041
2058
2072
2086
2095
2104
2108
2111
2105
2099
2086
2073
2057
2040
2021
2003
1993
1985
1988
1992
1992
1992
1985
1979
1978
1976
1974
1971
1961
1953
1956
1962
1982
2001
2015
2028
2033
2037
2044
2050
2053
2055
2049
2044
2040
2036
2035
2033
2033
2033
2036
2040
2043
2045
2041
2037
2037
2038
2048
2058
2070
2082
2091
2100
2109
2117
2119
2119
2111
2103
2093
2083
2076
2069
2063
2057
2056
2057
2064
2073
2087
2102
2117
2130
2132
2132
2120
2108
2095
2082
2072
2061
2047
2033
2026
2020
2027
2034
2043
2051
2052
2053
2052
2050
2044
2037
2029
2021
2019
2017
2020
2024
2026
2028
2028
2029
2030
2031
2031
2032
2032
2032
2031
2030
2028
2026
2026
2027
2031
2034
2029
2023
2010
1998
1992
1988
1997
2007
2021
2035
2044
2053
2056
2059
2060
2061
2061
2059
2050
2040
2026
2014
2014
2016
2034
2052
2072
2091
2105
2117
2124
2129
2123
2116
2095
2073
2051
2031
2022
2014
2015
2016
2018
2021
2026
2030
2037
2044
2049
2053
2052
2050
2045
2040
2038
2037
2037
2037
2037
2038
2039
2040
2040
2040
2040
2040
2043
2046
2047
2047
2044
2042
2044
2046
2049
2051
2046
2042
2038
2034
2033
2031
2025
2019
2016
2015
2022
2029
2033
2036
2034
2033
2036
2038
2035
2031
2018
2007
2006
2006
2016
2026
2032
2038
2044
2049
2056
2061
2054
2045
2029
2014
2009
2005
2010
2016
2026
2038
2058
2077
2096
2113
2120
2125
2123
2121
2116
2111
2098
2084
2066
2049
2035
2022
2016
2012
2016
2021
2035
2049
2059
2067
2064
2059
2050
2042
2040
2038
2041
2044
2045
2047
2048
2050
2051
2053
2053
2053
2053
2052
2052
2051
2050
2048
2048
2048
2049
2050
2050
2049
2046
2042
2039
2037
2037
2037
2037
2036
2034
2033
2034
2035
2042
2049
2055
2060
2057
2054
2049
2044
2040
2035
2027
2020
2015
2011
2014
2017
2015
2011
1999
1988
1987
1989
2004
2019
2031
2042
2047
2051
2054
2057
2050
2041
2024
2007
1998
1991
1996
2002
2012
2023
2037
2051
2069
2086
2099
2110
2114
2117
2117
2115
2107
2097
2081
2065
2053
2042
2041
2040
2046
2052
2063
2074
2083
2091
2090
2088
2080
2073
2070
2067
2069
2072
2074
2076
2077
2078
2079
2080
2079
2077
2071
2065
2060
2057
2060
2063
2065
2067
2061
2055
2049
2043
2042
2040
2037
2034
2030
2026
2026
2026
2027
2029
2030
2032
2036
2040
2043
2045
2045
2044
2042
2039
2035
2031
2030
2030
2033
2035
2030
2024
2015
2007
2014
2022
2041
2057
2063
2068
2063
2058
2054
2050
2043
2036
2028
2020
2018
2016
2019
2022
2026
2031
2044
2057
2076
2093
2105
2114
2112
2109
2099
2089
2077
2065
2051
2038
2025
2013
2006
2000
1995
1991
1988
1985
1990
1994
2001
2005
1994
1982
1964
1949
1952
1958
1978
1997
2012
2026
2035
2043
2046
2048
2045
2042
2042
2043
2048
2052
2048
2043
2035
2027
2027
2027
2032
2036
2036
2035
2033
2031
2032
2035
2048
2062
2082
2101
2111
2120
2117
2114
2109
2103
2095
2086
2074
2064
2058
2053
2056
2059
2066
2074
2088
2101
2115
2127
2128
2127
2118
2109
2096
2083
2067
2052
2038
2025
2024
2024
2031
2038
2044
2049
2053
2057
2057
2057
2051
2045
2037
2029
2024
2020
2020
2021
2026
2030
2034
2038
2038
2037
2034
2031
2029
2028
2029
2030
2032
2035
2036
2036
2031
2026
2020
2014
2013
2011
2010
2008
2002
1997
1997
1998
2011
2024
2040
2056
2065
2074
2074
2073
2065
2055
2039
2024
2017
2012
2022
2034
2049
2063
2074
2085
2097
2108
2115
2121
2116
2109
2094
2078
2061
2044
2032
2022
2022
2022
2025
2029
2032
2037
2046
2055
2063
2069
2063
2056
2044
2033
2030
2027
2030
2034
2038
2042
2046
2050
2052
2055
2055
2055
2055
2055
2054
2052
2051
2051
2054
2058
2060
2062
2057
2053
2047
2042
2040
2038
2035
2031
2028
2025
2026
2027
2033
2039
2047
2054
2055
2055
2046
2038
2031
2025
2025
2025
2021
2017
2012
2009
2014
2018
2018
2017
2004
1992
1987
1984
1997
2009
2021
2031
2036
2040
2045
2050
2051
2050
2042
2033
2023
2013
2008
2004
2010
2018
2037
2055
2076
2095
2107
2117
2123
2128
2129
2128
2118
2107
2090
2073
2059
2045
2037
2030
2029
2030
2039
2050
2066
2081
2089
2094
2087
2079
2066
2055
2052
2050
2054
2058
2058
2058
2058
2058
2061
2064
2065
2065
2059
2053
2050
2047
2048
2049
2050
2050
2049
2048
2047
2045
2039
2034
2027
2021
2018
2015
2014
2014
2016
2019
2023
2026
2023
2018
2010
2004
2004
2005
2007
2008
2003
1998
1992
1987
1981
1974
1967
1961
1966
1972
1986
1999
2006
2012
2013
2014
2016
2017
2012
2008
2001
1995
2000
2006
2021
2037
2061
2086
2116
2144
2162
2178
2178
2177
2172
2166
2158
2149
2132
2115
2101
2088
2083
2079
2078
2078
2085
2094
2110
2126
2135
2141
2131
2120
2101
2083
2068
2054
2050
2047
2054
2061
2066
2070
2065
2061
2055
2050
2048
2046
2041
2036
2030
2025
2025
2025
2031
2036
2039
2041
2040
2039
2033
2027
2020
2013
2008
2005
2006
2007
2012
2017
2019
2021
2020
2018
2017
2016
2022
2028
2038
2049
2057
2065
2066
2065
2056
2045
2027
2009
1994
1981
1976
1972
1973
1976
1985
1995
2016
2037
2056
2072
2071
2070
2064
2061
2069
2075
2074
2070
2043
2016
1992
1972
1972
1972
1977
1981
1981
1982
1988
1993
1995
1997
1990
1984
1989
1996
2020
2043
2064
2083
2087
2090
2083
2075
2067
2060
2053
2046
2041
2037
2038
2039
2046
2052
2053
2054
2047
2040
2040
2041
2053
2066
2080
2093
2100
2106
2106
2106
2100
2094
2084
2073
2064
2055
2050
2047
2050
2053
2060
2067
2075
2083
2095
2106
2119
2130
2130
2129
2115
2101
2082
2064
2048
2033
2023
2015
2016
2019
2032
2045
2058
2069
2069
2068
2058
2048
2038
2028
2021
2015
2014
2014
2017
2020
2026
2032
2037
2042
2043
2043
2037
2030
2022
2015
2014
2013
2015
2018
2018
2018
2016
2014
2009
2004
2002
2001
2008
2015
2026
2036
2042
2047
2051
2055
2060
2064
2061
2057
2045
2034
2028
2024
2032
2041
2055
2070
2085
2100
2114
2127
2134
2139
2133
2126
2112
2099
2086
2074
2062
2050
2037
2026
2024
2023
2034
2045
2054
2062
2060
2057
2049
2041
2035
2030
2029
2029
2031
2033
2033
2033
2033
2033
2033
2033
2034
2034
2034
2033
2031
2029
2025
2021
2019
2018
2021
2024
2028
2031
2029
2026
2019
2013
2013
2014
2017
2018
2009
1999
1986
1976
1983
1991
2011
2030
2044
2056
2062
2068
2070
2070
2060
2048
2030
2014
2007
2003
2012
2023
2038
2053
2067
2081
2093
2105
2113
2121
2123
2123
2116
2107
2092
2076
2061
2046
2037
2028
2026
2024
2028
2033
2042
2051
2058
2064
2064
2062
2055
2048
2043
2040
2043
2047
2053
2058
2062
2066
2067
2068
2066
2063
2060
2057
2057
2057
2059
2062
2062
2062
2059
2055
2051
2047
2047
2047
2047
2046
2043
2040
2040
2040
2043
2046
2045
2045
2045
2045
2047
2048
2038
2026
2005
1986
1979
1974
1983
1993
2001
2008
2013
2017
2019
2020
2011
2001
1984
1968
1956
1946
1946
1947
1961
1976
1998
2021
2044
2066
2081
2094
2094
2092
2073
2054
2028
2004
1989
1977
1982
1990
2014
2039
2074
2108
2137
2164
2177
2188
2182
2173
2151
2129
2106
2084
2076
2070
2077
2086
2101
2115
2128
2140
2144
2147
2144
2139
2128
2116
2096
2077
2060
2044
2042
2040
2045
2049
2049
2049
2049
2049
2049
2047
2035
2024
2010
1997
1994
1991
1998
2006
2019
2032
2046
2059
2059
2057
2038
2021
2008
1998
2004
2009
2016
2022
2020
2017
2015
2012
2011
2009
2002
1995
1988
1983
1985
1987
1993
2000
2012
2024
2044
2064
2082
2098
2101
2102
2093
2082
2068
2053
2036
2018
2002
1987
1980
1974
1979
1985
1996
2007
2018
2028
2035
2040
2039
2038
2033
2028
2027
2026
2029
2032
2036
2040
2043
2047
2049
2052
2054
2057
2059
2061
2061
2060
2056
2052
2049
2047
2047
2046
2041
2035
2028
2022
2028
2036
2052
2067
2074
2080
2078
2076
2074
2071
2070
2068
2063
2059
2053
2047
2045
2043
2050
2058
2072
2085
2095
2104
2110
2115
2116
2115
2103
2091
2071
2053
2041
2031
2026
2022
2018
2015
2022
2030
2043
2055
2055
2054
2045
2037
2032
2028
2027
2026
2025
2024
2027
2030
2034
2037
2036
2035
2035
2035
2037
2039
2041
2043
2044
2044
2044
2043
2041
2038
2034
2030
2026
2022
2020
2017
2015
2013
2006
1999
1992
1988
1996
2005
2025
2045
2059
2072
2074
2076
2072
2067
2058
2048
2034
2020
2011
2004
2007
2011
2024
2037
2053
2070
2086
2101
2110
2117
2116
2113
2105
2096
2084
2072
2058
2044
2035
2026
2024
2022
2027
2033
2043
2053
2060
2066
2061
2056
2048
2040
2040
2040
2043
2046
2047
2049
2052
2054
2054
2053
2050
2047
2047
2048
2049
2049
2046
2043
2042
2041
2044
2047
2047
2047
2043
2039
2035
2031
2028
2025
2024
2023
2024
2026
2031
2035
2042
2048
2052
2055
2052
2048
2042
2037
2033
2029
2024
2020
2020
2020
2022
2024
2018
2011
2002
1995
2000
2005
2017
2029
2036
2044
2054
2065
2074
2080
2072
2063
2046
2030
2021
2013
2013
2014
2021
2030
2045
2061
2076
2090
2103
2116
2126
2135
2132
2127
2107
2088
2068
2049
2036
2025
2018
2013
2019
2027
2041
2055
2065
2073
2072
2070
2063
2056
2051
2047
2047
2047
2047
2047
2048
2050
2055
2059
2060
2060
2057
2054
2055
2056
2059
2061
2059
2057
2052
2048
2047
2046
2046
2045
2042
2038
2033
2030
2030
2031
2036
2041
2044
2046
2045
2044
2045
2047
2051
2054
2052
2048
2041
2034
2028
2022
2017
2014
2015
2017
2022
2026
2022
2017
2005
1994
1992
1992
2004
2017
2032
2046
2056
2066
2071
2074
2067
2059
2044
2029
2015
2003
2002
2003
2013
2025
2042
2059
2079
2098
2114
2129
2135
2139
2136
2131
2123
2115
2101
2087
2067
2049
2036
2025
2026
2028
2036
2045
2053
2061
2065
2068
2063
2058
2051
2045
2047
2049
2054
2057
2057
2056
2055
2055
2056
2057
2054
2050
2048
2047
2053
2058
2063
2067
2065
2062
2060
2059
2059
2058
2053
2049
2042
2036
2036
2036
2041
2046
2047
2048
2046
2043
2042
2041
2041
2040
2034
2027
2016
2005
1996
1987
1977
1966
1951
1936
1926
1918
1924
1931
1942
1952
1957
1962
1964
1967
1969
1971
1966
1960
1945
1930
1916
1904
1907
1914
1943
1975
2023
2070
2118
2163
2196
2225
2238
2249
2247
2244
2233
2221
2205
2188
2171
2155
2148
2142
2145
2149
2155
2159
2158
2156
2143
2129
2107
2084
2062
2042
2032
2024
2025
2028
2037
2047
2060
2071
2076
2078
2067
2055
2038
2023
2017
2012
2016
2020
2021
2021
2016
2011
2010
2010
2012
2013
2011
2008
2006
2005
2009
2013
2018
2022
2025
2028
2033
2038
2039
2038
2029
2021
2016
2013
2022
2031
2042
2052
2053
2054
2051
2047
2042
2038
2031
2023
2014
2005
2000
1997
2003
2010
2022
2035
2051
2068
2086
2103
2110
2116
2111
2105
2097
2088
2075
2062
2045
2029
2022
2016
2020
2024
2024
2023
2020
2017
2016
2014
2003
1991
1975
1960
1958
1958
1967
1976
1984
1991
1997
2003
2006
2009
2009
2010
2012
2015
2015
2015
2014
2013
2017
2021
2022
2022
2012
2003
1998
1996
2006
2016
2027
2037
2044
2052
2059
2066
2068
2071
2073
2076
2083
2090
2093
2095
2093
2091
2098
2105
2118
2131
2140
2149
2156
2161
2160
2157
2142
2127
2107
2088
2074
2060
2051
2043
2041
2040
2044
2048
2052
2056
2059
2061
2061
2060
2054
2048
2042
2037
2037
2036
2035
2033
2031
2030
2032
2034
2034
2032
2025
2018
2015
2012
2018
2024
2028
2031
2029
2027
2027
2027
2027
2027
2021
2014
2007
2001
2007
2013
2027
2040
2047
2054
2056
2058
2059
2060
2054
2047
2034
2022
2015
2009
2012
2016
2027
2039
2057
2075
2093
2109
2116
2122
2118
2113
2104
2095
2082
2068
2053
2039
2031
2025
2029
2034
2042
2051
2059
2067
2073
2077
2076
2074
2067
2061
2056
2052
2051
2050
2051
2052
2057
2061
2063
2065
2060
2055
2050
2046
2044
2041
2034
2028
2026
2024
2030
2035
2036
2037
2035
2034
2039
2043
2044
2043
2036
2030
2031
2034
2044
2053
2059
2065
2070
2075
2078
2079
2071
2063
2054
2046
2044
2042
2036
2029
2016
2004
1996
1988
1977
1965
1945
1927
1918
1912
1920
1929
1940
1951
1960
1969
1976
1981
1971
1958
1930
1903
1883
1866
1867
1871
1885
1901
1923
1946
1969
1991
2001
2010
2013
2019
2038
2059
2095
2130
2164
2197
2220
2241
2250
2257
2251
2244
2236
2229
2232
2235
2236
2236
2227
2218
2209
2201
2194
2185
2170
2155
2138
2120
2105
2090
2071
2052
2036
2023
2026
2031
2046
2061
2074
2085
2088
2089
2075
2058
2029
2002
1982
1966
1966
1967
1975
1984
1994
2004
2012
2019
2017
2014
2007
2001
2004
2008
2010
2011
2005
2000
2001
2004
2018
2032
2044
2053
2053
2051
2042
2033
2020
2009
2002
1997
1998
2000
2003
2007
2014
2021
2034
2047
2061
2075
2084
2093
2095
2096
2093
2090
2083
2076
2066
2055
2041
2028
2019
2010
2005
2000
1994
1989
1984
1979
1977
1974
1969
1965
1958
1951
1950
1951
1960
1970
1982
1993
2001
2009
2016
2023
2030
2037
2043
2048
2053
2058
2059
2059
2052
2044
2032
2020
2011
2003
2004
2006
2018
2031
2046
2061
2074
2085
2091
2097
2097
2098
2099
2100
2102
2104
2104
2103
2101
2099
2104
2110
2120
2130
2133
2136
2130
2124
2116
2108
2094
2079
2059
2040
2026
2014
2012
2011
2017
2023
2032
2040
2047
2053
2051
2048
2040
2032
2028
2025
2026
2028
2029
2029
2029
2029
2029
2028
2027
2025
2021
2017
2014
2011
2013
2016
2021
2025
2025
2024
2019
2016
2016
2017
2026
2035
2045
2054
2060
2065
2067
2069
2066
2062
2048
2034
2020
2008
2010
2014
2030
2045
2059
2073
2082
2092
2104
2115
2123
2129
2123
2115
2099
2082
2063
2045
2033
2023
2023
2025
2034
2043
2052
2061
2068
2073
2072
2070
2060
2049
2041
2034
2035
2036
2038
2040
2038
2037
2037
2038
2040
2042
2041
2039
2033
2027
2022
2019
2019
2019
2021
2023
2019
2014
2006
1999
1999
1999
2001
2002
1995
1988
1984
1982
1992
2004
2020
2035
2046
2056
2061
2065
2062
2058
2049
2039
2026
2014
2004
1995
1997
2001
2022
2043
2065
2086
2100
2113
2121
2127
2126
2123
2109
2095
2078
2062
2049
2037
2030
2024
2025
2027
2036
2046
2053
2060
2063
2065
2064
2063
2059
2055
2052
2050
2052
2054
2055
2056
2056
2057
2060
2064
2065
2066
2063
2061
2061
2062
2066
2069
2068
2066
2060
2054
2048
2042
2034
2026
2019
2014
2016
2019
2021
2023
2017
2011
2008
2005
2009
2013
2014
2014
2011
2007
2004
1999
1991
1982
1970
1960
1959
1960
1970
1981
1991
2001
2007
2012
2013
2013
2008
2002
1992
1983
1977
1974
1984
1997
2025
2054
2087
2120
2149
2177
2196
2213
2214
2213
2200
2188
2178
2168
2158
2146
2128
2111
2098
2086
2085
2085
2085
2085
2085
2085
2087
2089
2086
2082
2072
2062
2057
2054
2055
2057
2058
2059
2059
2059
2058
2057
2050
2043
2036
2029
2026
2023
2023
2023
2029
2035
2040
2044
2039
2033
2026
2019
2015
2011
2007
2003
2003
2003
2010
2017
2019
2019
2009
2000
1999
2000
2016
2033
2050
2065
2066
2066
2058
2049
2039
2029
2015
2001
1989
1979
1979
1979
1985
1992
1999
2007
2021
2035
2050
2063
2064
2064
2057
2051
2049
2046
2038
2029
2014
2001
1998
1995
2001
2007
2009
2011
2014
2017
2023
2028
2027
2025
2020
2017
2023
2030
2042
2052
2059
2065
2065
2064
2063
2061
2061
2060
2060
2060
2060
2062
2070
2078
2086
2092
2082
2071
2051
2033
2031
2031
2045
2059
2067
2074
2075
2077
2079
2080
2079
2078
2071
2064
2058
2053
2053
2053
2054
2056
2061
2068
2082
2096
2109
2120
2116
2111
2101
2092
2087
2081
2065
2048
2022
2000
1997
1996
2013
2030
2040
2049
2054
2059
2067
2073
2071
2067
2053
2041
2038
2036
2041
2044
2042
2040
2038
2036
2040
2044
2045
2045
2041
2037
2036
2035
2036
2037
2034
2030
2023
2017
2016
2015
2017
2018
2018
2018
2019
2021
2023
2024
2017
2009
1999
1991
1996
2003
2018
2033
2043
2052
2056
2060
2060
2059
2049
2038
2023
2010
2007
2005
2014
2023
2037
2052
2066
2080
2092
2103
2110
2115
2115
2113
2105
2096
2083
2071
2057
2043
2029
2017
2016
2017
2031
2045
2057
2068
2068
2067
2064
2061
2058
2054
2049
2045
2048
2052
2063
2073
2079
2084
2082
2080
2077
2074
2069
2065
2058
2052
2049
2046
2046
2045
2042
2038
2037
2036
2038
2040
2038
2036
2029
2023
2022
2022
2026
2030
2034
2038
2044
2049
2054
2058
2057
2055
2052
2049
2048
2047
2040
2033
2024
2015
2013
2012
2013
2013
2012
2011
2013
2016
2019
2021
2016
2012
2006
2001
1995
1990
1983
1977
1979
1984
2000
2017
2031
2044
2050
2054
2053
2049
2033
2015
1992
1972
1967
1964
1978
1993
2014
2036
2059
2081
2097
2112
2114
2115
2110
2104
2095
2084
2069
2055
2043
2033
2031
2029
2031
2035
2044
2055
2071
2086
2095
2103
2101
2099
2094
2091
2094
2099
2110
2121
2130
2138
2138
2137
2130
2124
2117
2110
2103
2095
2086
2077
2072
2069
2069
2068
2065
2060
2052
2045
2041
2038
2041
2045
2046
2047
2043
2039
2035
2032
2032
2033
2038
2042
2045
2047
2044
2041
2034
2028
2025
2021
2019
2017
2017
2017
2022
2025
2024
2021
2010
2001
2002
2006
2023
2040
2048
2055
2050
2045
2040
2035
2029
2022
2014
2006
2003
1999
1997
1995
1995
1996
2009
2022
2041
2058
2065
2070
2065
2061
2055
2049
2039
2029
2015
2003
1996
1991
1992
1993
1996
2000
2006
2011
2018
2024
2024
2023
2015
2007
2004
2003
2017
2031
2051
2069
2077
2083
2080
2077
2071
2066
2063
2061
2061
2062
2063
2064
2063
2062
2063
2065
2073
2080
2086
2089
2080
2070
2054
2038
2029
2022
2027
2033
2048
2062
2074
2085
2086
2087
2083
2079
2073
2066
2057
2048
2042
2037
2043
2049
2059
2070
2081
2092
2101
2109
2109
2107
2093
2080
2066
2052
2039
2027
2015
2005
2006
2010
2024
2038
2047
2056
2059
2062
2064
2064
2056
2048
2034
2022
2020
2019
2025
2030
2030
2030
2030
2031
2034
2037
2037
2037
2038
2039
2042
2046
2046
2045
2043
2040
2039
2038
2037
2035
2035
2035
2035
2034
2032
2030
2027
2023
2018
2014
2012
2011
2019
2028
2043
2057
2066
2074
2075
2075
2070
2064
2052
2039
2024
2011
2004
1999
2005
2012
2027
2043
2060
2076
2084
2092
2094
2096
2097
2097
2090
2082
2067
2052
2040
2029
2024
2020
2020
2020
2027
2035
2048
2060
2063
2064
2055
2046
2040
2035
2039
2043
2047
2050
2049
2048
2049
2050
2055
2059
2058
2057
2057
2057
2064
2071
2074
2076
2071
2066
2066
2066
2069
2071
2064
2058
2051
2045
2048
2051
2051
2050
2046
2043
2043
2044
2046
2049
2049
2050
2051
2051
2049
2046
2036
2026
2017
2008
2005
2002
2001
2000
2000
2001
2006
2011
2012
2011
2003
1995
1990
1987
1996
2005
2019
2032
2043
2053
2060
2064
2057
2047
2025
2004
1988
1975
1977
1982
1997
2012
2033
2053
2074
2094
2104
2114
2114
2113
2107
2100
2084
2067
2041
2016
1998
1982
1980
1979
1984
1990
2000
2012
2027
2042
2051
2058
2055
2051
2048
2047
2057
2067
2079
2089
2092
2095
2097
2099
2104
2109
2109
2109
2108
2107
2111
2115
2117
2118
2115
2112
2110
2108
2106
2102
2092
2080
2065
2051
2043
2036
2036
2037
2039
2042
2042
2042
2043
2045
2047
2049
2048
2047
2042
2038
2033
2027
2020
2013
2010
2009
2022
2036
2050
2062
2056
2050
2036
2024
2019
2014
2011
2006
1999
1992
1992
1993
2000
2008
2022
2036
2056
2074
2087
2098
2093
2088
2074
2061
2048
2036
2022
2009
1997
1987
1982
1979
1980
1981
1987
1992
1998
2003
2003
2003
1999
1995
1990
1986
1986
1987
1996
2007
2024
2042
2057
2070
2076
2081
2080
2078
2070
2062
2053
2044
2038
2032
2029
2026
2030
2035
2045
2055
2056
2057
2050
2044
2050
2057
2075
2091
2098
2103
2101
2100
2102
2104
2100
2094
2079
2064
2051
2040
2034
2028
2027
2028
2039
2051
2071
2091
2106
2119
2123
2125
2118
2109
2095
2081
2067
2054
2044
2034
2027
2021
2023
2027
2039
2049
2056
2062
2059
2054
2046
2037
2025
2014
2009
2007
2017
2028
2036
2043
2037
2032
2027
2024
2028
2032
2034
2035
2035
2035
2038
2040
2040
2039
2034
2029
2028
2026
2026
2025
2021
2017
2015
2013
2011
2009
2003
1999
2000
2003
2017
2031
2045
2057
2059
2062
2062
2061
2059
2056
2044
2032
2017
2004
2001
2000
2008
2016
2029
2043
2060
2077
2091
2104
2110
2116
2116
2116
2111
2105
2091
2076
2058
2041
2032
2023
2022
2021
2027
2033
2043
2052
2057
2061
2055
2050
2043
2038
2038
2038
2040
2042
2043
2045
2047
2050
2051
2053
2053
2053
2053
2053
2052
2050
2047
2044
2044
2044
2046
2047
2042
2036
2028
2021
2021
2021
2026
2030
2031
2032
2032
2033
2035
2038
2043
2047
2052
2055
2052
2048
2041
2034
2031
2027
2024
2021
2015
2011
2012
2014
2017
2018
2011
2004
1999
1997
2010
2023
2037
2051
2059
2066
2071
2074
2068
2061
2043
2026
2013
2002
2002
2003
2011
2021
2037
2054
2073
2091
2105
2118
2126
2133
2134
2133
2123
2112
2096
2079
2063
2048
2036
2025
2024
2024
2032
2040
2050
2060
2066
2070
2066
2061
2051
2041
2038
2036
2042
2048
2052
2056
2056
2056
2058
2061
2061
2060
2056
2052
2052
2052
2054
2056
2056
2055
2050
2046
2042
2038
2036
2035
2035
2035
2035
2036
2036
2036
2036
2036
2040
2044
2050
2055
2057
2058
2055
2052
2046
2041
2035
2029
2024
2020
2020
2020
2021
2022
2016
2009
2000
1993
1995
2000
2014
2028
2039
2049
2053
2057
2059
2061
2055
2048
2032
2016
2002
1991
1992
1995
2007
2020
2039
2058
2080
2101
2115
2128
2131
2133
2128
2122
2110
2098
2082
2067
2057
2047
2044
2041
2041
2042
2047
2053
2062
2071
2073
2073
2065
2057
2050
2043
2042
2041
2042
2043
2046
2049
2055
2061
2062
2062
2055
2049
2044
2040
2042
2045
2048
2051
2049
2046
2040
2035
2030
2025
2022
2018
2017
2017
2019
2022
2025
2029
2034
2038
2041
2044
2045
2046
2046
2045
2042
2038
2032
2027
2025
2023
2022
2019
2012
2005
2001
1999
2007
2015
2024
2032
2035
2038
2041
2044
2041
2036
2020
2003
1989
1977
1978
1981
1991
2002
2017
2033
2053
2072
2088
2104
2113
2122
2125
2128
2121
2113
2099
2086
2078
2070
2068
2067
2070
2074
2086
2097
2106
2114
2109
2103
2091
2081
2076
2072
2072
2073
2075
2078
2079
2081
2082
2084
2085
2086
2081
2076
2065
2055
2050
2047
2050
2053
2053
2052
2047
2043
2042
2040
2037
2033
2029
2026
2027
2029
2030
2030
2028
2026
2029
2033
2038
2041
2039
2036
2035
2035
2037
2038
2032
2025
2015
2006
2006
2007
2019
2031
2044
2055
2057
2058
2050
2041
2030
2020
2013
2006
2000
1994
1993
1993
2002
2013
2028
2043
2055
2065
2071
2076
2076
2076
2069
2062
2053
2045
2038
2032
2025
2018
2008
1999
1995
1992
1999
2007
2016
2024
2026
2029
2029
2030
2032
2034
2037
2042
2050
2058
2068
2079
2088
2096
2101
2106
2108
2109
2106
2102
2092
2080
2060
2038
2009
1980
1955
1933
1928
1925
1933
1942
1955
1970
1994
2018
2046
2072
2084
2095
2096
2098
2103
2107
2107
2106
2100
2096
2099
2104
2113
2122
2127
2133
2141
2149
2157
2164
2164
2165
2171
2178
2192
2204
2202
2195
2159
2118
2047
1974
1891
1812
1761
1717
1721
1730
1766
1802
1838
1873
1899
1923
1932
1941
1943
1946
1960
1977
2008
2041
2083
2125
2169
2212
2243
2271
2277
2280
2266
2250
2221
2191
2149
2107
2070
2036
2027
2021
2037
2053
2073
2091
2100
2107
2098
2085
2050
2015
1975
1938
1923
1912
1921
1930
1943
1955
1964
1973
1981
1989
1992
1995
2000
2006
2025
2046
2076
2105
2131
2154
2162
2168
2159
2148
2128
2108
2086
2065
2045
2026
2017
2011
2021
2032
2051
2070
2091
2111
2127
2142
2143
2141
2125
2108
2086
2064
2042
2019
1993
1968
1948
1929
1922
1916
1918
1921
1933
1945
1966
1987
2010
2034
2057
2079
2093
2105
2101
2095
2076
2058
2042
2027
2021
2016
2022
2028
2040
2052
2060
2067
2072
2076
2081
2084
2078
2070
2053
2036
2021
2006
1989
1970
1943
1918
1901
1886
1886
1886
1888
1890
1891
1893
1900
1908
1917
1927
1942
1959
1994
2033
2091
2151
2216
2279
2329
2373
2380
2381
2345
2307
2249
2192
2137
2085
2046
2010
1998
1990
2006
2024
2052
2078
2098
2116
2119
2121
2107
2092
2071
2051
2038
2027
2027
2027
2033
2039
2046
2053
2055
2056
2049
2040
2024
2009
1998
1989
1990
1993
2002
2011
2021
2031
2039
2046
2046
2045
2035
2024
2014
2005
2003
2001
2004
2009
2016
2024
2033
2041
2042
2041
2030
2019
2010
2004
2012
2021
2038
2054
2060
2064
2056
2048
2040
2031
2024
2016
2005
1995
1988
1982
1984
1987
1995
2004
2023
2042
2066
2088
2100
2109
2106
2103
2098
2092
2083
2071
2049
2027
2004
1983
1973
1964
1967
1971
1985
1999
2013
2026
2026
2026
2019
2013
2013
2015
2024
2033
2045
2056
2063
2070
2071
2073
2076
2080
2089
2097
2098
2098
2086
2074
2064
2054
2049
2045
2038
2031
2026
2023
2034
2047
2069
2089
2102
2112
2111
2109
2104
2100
2093
2085
2072
2059
2047
2036
2032
2028
2028
2028
2031
2036
2049
2061
2073
2083
2085
2086
2083
2078
2070
2061
2046
2030
2014
2000
1993
1988
1994
2002
2017
2031
2043
2054
2054
2054
2049
2045
2043
2040
2038
2036
2034
2031
2030
2029
2030
2032
2033
2034
2033
2032
2033
2034
2039
2042
2038
2033
2026
2020
2025
2029
2035
2039
2027
2016
2004
1996
2005
2016
2034
2051
2058
2065
2066
2067
2066
2064
2057
2049
2037
2027
2024
2021
2028
2036
2048
2060
2074
2089
2104
2117
2122
2125
2115
2105
2092
2081
2074
2066
2056
2045
2032
2021
2021
2023
2037
2051
2064
2074
2073
2071
2062
2052
2043
2034
2032
2030
2035
2041
2049
2057
2058
2059
2052
2046
2041
2037
2037
2037
2037
2036
2034
2032
2031
2030
2028
2025
2023
2021
2021
2021
2018
2013
2003
1994
1991
1990
2000
2012
2028
2043
2056
2067
2074
2079
2076
2071
2056
2041
2021
2002
1994
1989
2000
2012
2033
2053
2072
2089
2102
2114
2120
2124
2118
2112
2098
2084
2070
2056
2046
2036
2029
2023
2023
2025
2035
2046
2057
2066
2066
2064
2055
2047
2042
2039
2042
2045
2048
2052
2055
2058
2060
2061
2060
2058
2054
2050
2047
2044
2039
2035
2031
2027
2026
2025
2021
2017
2011
2005
2002
1998
1992
1986
1980
1975
1978
1981
1987
1991
1986
1982
1977
1975
1985
1995
2009
2023
2030
2037
2038
2039
2037
2035
2030
2025
2025
2026
2034
2042
2054
2067
2082
2098
2119
2139
2160
2179
2188
2195
2193
2190
2182
2172
2155
2137
2116
2096
2083
2071
2065
2059
2053
2048
2048
2049
2056
2063
2065
2067
2061
2055
2051
2048
2049
2050
2051
2053
2053
2053
2053
2052
2048
2044
2037
2030
2028
2026
2029
2031
2030
2029
2024
2019
2018
2018
2020
2021
2020
2019
2019
2020
2021
2021
2014
2007
2002
2000
2013
2026
2047
2066
2074
2080
2075
2070
2063
2055
2046
2036
2024
2012
2004
1998
1999
2002
2012
2023
2038
2054
2071
2088
2099
2108
2105
2100
2088
2076
2065
2054
2042
2030
2017
2004
1997
1990
1990
1990
1990
1989
1988
1987
1981
1974
1962
1952
1950
1949
1963
1978
1993
2007
2014
2021
2028
2036
2047
2057
2060
2062
2057
2053
2051
2049
2049
2049
2044
2039
2031
2023
2020
2018
2028
2040
2058
2075
2089
2101
2107
2112
2113
2113
2108
2102
2094
2087
2081
2076
2074
2072
2073
2076
2086
2097
2107
2117
2121
2124
2123
2120
2111
2100
2081
2063
2048
2034
2026
2018
2014
2011
2018
2025
2039
2051
2057
2061
2059
2056
2054
2051
2045
2040
2037
2034
2035
2036
2033
2030
2026
2023
2027
2031
2031
2029
2021
2015
2015
2016
2022
2027
2024
2020
2014
2009
2011
2014
2018
2021
2019
2017
2010
2004
2001
1999
2008
2019
2040
2060
2073
2083
2078
2073
2062
2051
2042
2034
2027
2022
2022
2024
2035
2047
2062
2076
2089
2101
2110
2119
2121
2121
2110
2098
2079
2061
2045
2030
2023
2017
2019
2022
2031
2041
2050
2059
2064
2068
2066
2063
2055
2048
2041
2036
2038
2041
2046
2051
2051
2050
2048
2047
2048
2050
2052
2054
2054
2053
2052
2050
2050
2050
2051
2051
2050
2049
2045
2041
2039
2038
2038
2037
2036
2035
2035
2035
2036
2037
2039
2042
2046
2050
2053
2056
2054
2052
2047
2043
2040
2036
2030
2025
2021
2018
2019
2020
2021
2022
2022
2021
2021
2020
2018
2016
2015
2014
2016
2017
2014
2010
2000
1991
1990
1991
2001
2012
2021
2031
2039
2046
2048
2047
2032
2017
1996
1977
1971
1967
1980
1995
2017
2039
2063
2086
2101
2114
2117
2120
2117
2112
2105
2097
2085
2074
2061
2048
2038
2030
2030
2031
2043
2056
2070
2084
2093
2102
2105
2107
2101
2094
2085
2077
2077
2078
2085
2092
2099
2105
2106
2106
2101
2096
2088
2080
2073
2066
2061
2057
2057
2057
2057
2056
2053
2050
2044
2039
2038
2038
2040
2041
2040
2038
2035
2032
2032
2032
2035
2038
2040
2043
2043
2043
2042
2041
2039
2036
2029
2023
2019
2016
2021
2025
2026
2026
2016
2007
2006
2008
2027
2045
2059
2071
2068
2064
2057
2051
2048
2044
2037
2031
2024
2019
2019
2020
2022
2024
2031
2039
2056
2074
2093
2109
2114
2117
2112
2107
2100
2092
2079
2067
2054
2043
2036
2029
2023
2017
2012
2009
2012
2016
2017
2017
2006
1995
1981
1969
1967
1966
1972
1977
1984
1991
1998
2004
2008
2012
2014
2016
2017
2019
2020
2021
2022
2024
2025
2026
2025
2025
2025
2025
2025
2025
2020
2016
2011
2007
2010
2014
2027
2041
2060
2078
2096
2112
2118
2122
2114
2106
2097
2088
2081
2075
2069
2063
2061
2060
2068
2077
2094
2111
2125
2138
2138
2136
2126
2116
2107
2097
2088
2078
2064
2051
2042
2034
2037
2040
2047
2053
2056
2059
2059
2058
2051
2044
2036
2028
2026
2025
2027
2029
2029
2029
2029
2030
2031
2033
2033
2034
2035
2037
2040
2042
2041
2040
2039
2037
2035
2033
2027
2022
2020
2018
2019
2018
2010
2002
1992
1983
1988
1995
2010
2024
2037
2050
2064
2076
2081
2083
2069
2054
2037
2022
2017
2013
2015
2018
2028
2040
2061
2082
2098
2112
2114
2115
2110
2105
2093
2080
2063
2046
2033
2021
2018
2016
2018
2020
2027
2034
2045
2055
2058
2061
2054
2047
2040
2033
2032
2031
2032
2034
2036
2039
2043
2047
2048
2048
2046
2044
2044
2044
2048
2052
2053
2054
2053
2053
2053
2053
2053
2054
2054
2053
2050
2047
2040
2033
2029
2026
2032
2037
2044
2050
2051
2052
2052
2053
2055
2057
2056
2054
2050
2046
2043
2039
2035
2031
2028
2024
2022
2021
2023
2025
2027
2029
2027
2023
2016
2009
2008
2009
2016
2024
2032
2040
2048
2055
2062
2068
2062
2055
2036
2018
2004
1992
1990
1988
1994
2002
2018
2036
2059
2082
2097
2110
2115
2118
2117
2114
2102
2090
2072
2054
2040
2026
2016
2007
2005
2005
2015
2026
2038
2049
2050
2051
2048
2044
2039
2035
2033
2032
2039
2047
2059
2070
2073
2076
2074
2073
2074
2074
2074
2073
2068
2063
2058
2055
2055
2055
2055
2056
2057
2058
2058
2057
2056
2054
2053
2053
2055
2058
2061
2064
2063
2062
2058
2054
2054
2054
2054
2053
2048
2043
2036
2030
2027
2024
2023
2022
2019
2015
2011
2008
2013
2020
2037
2055
2071
2085
2085
2083
2073
2063
2055
2047
2040
2032
2025
2018
2017
2016
2023
2031
2045
2059
2079
2097
2111
2122
2122
2120
2113
2106
2099
2092
2081
2070
2057
2046
2043
2040
2043
2046
2048
2051
2051
2051
2048
2043
2033
2023
2014
2007
2007
2008
2015
2022
2029
2036
2042
2047
2047
2046
2039
2031
2018
2005
1994
1983
1974
1965
1957
1949
1945
1942
1946
1950
1953
1957
1957
1957
1962
1967
1979
1991
2008
2025
2044
2062
2075
2085
2083
2080
2068
2057
2046
2036
2029
2022
2022
2023
2034
2047
2070
2093
2120
2145
2160
2172
2172
2170
2162
2153
2140
2126
2108
2091
2079
2069
2069
2070
2073
2076
2078
2080
2081
2081
2073
2064
2049
2036
2029
2023
2025
2027
2027
2028
2028
2029
2031
2032
2031
2029
2027
2024
2023
2022
2022
2022
2029
2035
2040
2043
2035
2026
2014
2004
2005
2008
2015
2022
2028
2035
2042
2049
2051
2053
2048
2044
2043
2042
2044
2045
2044
2044
2051
2060
2074
2088
2096
2103
2107
2111
2118
2124
2121
2115
2096
2077
2057
2038
2028
2018
2016
2015
2022
2030
2043
2056
2065
2072
2070
2066
2056
2047
2041
2036
2038
2041
2042
2043
2040
2037
2035
2032
2031
2031
2031
2032
2032
2031
2029
2027
2024
2021
2019
2018
2018
2019
2022
2026
2027
2026
2017
2007
1995
1985
1988
1993
2009
2026
2043
2059
2072
2083
2083
2081
2066
2051
2034
2019
2012
2006
2008
2012
2025
2038
2059
2078
2092
2105
2108
2111
2108
2104
2092
2080
2060
2041
2022
2004
1992
1983
1984
1987
2002
2018
2035
2050
2055
2058
2055
2051
2048
2045
2039
2033
2027
2023
2030
2039
2054
2068
2076
2082
2081
2079
2078
2077
2077
2076
2070
2063
2054
2046
2043
2041
2043
2046
2046
2045
2043
2040
2039
2037
2035
2033
2029
2025
2019
2014
2012
2010
2013
2016
2018
2019
2017
2014
2012
2010
2007
2003
1993
1982
1974
1969
1977
1987
2006
2024
2038
2052
2059
2066
2067
2067
2059
2051
2040
2030
2029
2029
2040
2052
2069
2086
2106
2125
2145
2164
2176
2185
2179
2171
2156
2140
2125
2110
2094
2079
2065
2052
2046
2042
2042
2043
2048
2054
2066
2076
2081
2084
2071
2059
2048
2039
2040
2041
2046
2050
2053
2056
2059
2062
2061
2059
2052
2046
2044
2041
2040
2039
2034
2029
2026
2024
2025
2027
2027
2026
2021
2017
2015
2013
2015
2018
2024
2029
2029
2027
2018
2010
2003
1999
2007
2016
2032
2048
2057
2065
2060
2053
2038
2022
2004
1987
1974
1963
1961
1960
1965
1971
1980
1989
2003
2017
2033
2048
2056
2063
2062
2061
2056
2050
2042
2034
2025
2017
2014
2011
2015
2019
2024
2028
2032
2036
2041
2046
2046
2044
2035
2027
2023
2021
2029
2037
2049
2060
2068
2075
2081
2086
2087
2088
2086
2085
2085
2085
2088
2091
2090
2088
2076
2064
2049
2035
2028
2024
2031
2039
2052
2065
2073
2081
2081
2080
2072
2064
2055
2048
2048
2048
2053
2057
2058
2060
2065
2071
2085
2099
2108
2116
2113
2109
2100
2090
2078
2067
2053
2039
2028
2018
2015
2013
2015
2018
2025
2033
2041
2049
2055
2059
2056
2052
2045
2038
2033
2030
2031
2033
2036
2039
2040
2040
2038
2036
2031
2027
2022
2019
2019
2020
2023
2026
2026
2025
2023
2021
2026
2031
2038
2043
2036
2028
2015
2005
2008
2014
2028
2042
2051
2060
2066
2072
2078
2082
2077
2072
2060
2048
2040
2033
2031
2029
2035
2043
2059
2075
2089
2102
2106
2109
2108
2107
2101
2095
2081
2066
2051
2036
2026
2017
2011
2006
2009
2014
2027
2039
2046
2050
2042
2034
2025
2016
2015
2015
2017
2020
2021
2022
2024
2027
2029
2032
2033
2034
2039
2043
2049
2055
2058
2062
2063
2063
2062
2061
2057
2053
2052
2051
2054
2057
2057
2056
2051
2046
2045
2044
2045
2045
2044
2043
2042
2041
2039
2035
2025
2013
1998
1985
1978
1972
1973
1974
1975
1977
1977
1978
1981
1984
1990
1997
2004
2011
2014
2017
2016
2016
2018
2022
2036
2051
2072
2092
2106
2118
2123
2125
2117
2106
2077
2048
2015
1986
1982
1982
2006
2030
2056
2081
2101
2120
2137
2152
2155
2156
2143
2130
2116
2102
2090
2079
2066
2053
2045
2038
2041
2046
2056
2066
2075
2084
2086
2087
2080
2072
2063
2056
2058
2061
2073
2083
2090
2095
2089
2083
2071
2060
2050
2040
2035
2032
2034
2036
2040
2044
2047
2049
2048
2047
2041
2036
2029
2022
2020
2019
2022
2025
2032
2040
2048
2055
2057
2058
2051
2045
2038
2031
2026
2022
2022
2022
2025
2027
2023
2018
2006
1997
1998
2001
2022
2043
2060
2075
2074
2072
2063
2054
2044
2033
2020
2008
1997
1987
1986
1987
1996
2005
2018
2032
2047
2062
2078
2092
2097
2099
2088
2077
2065
2054
2044
2033
2013
1994
1979
1966
1969
1974
1981
1988
1989
1990
1995
2000
2006
2010
2005
2002
2003
2006
2022
2037
2050
2062
2064
2067
2067
2066
2063
2058
2051
2044
2043
2042
2045
2048
2050
2053
2055
2057
2055
2052
2044
2037
2037
2040
2054
2068
2080
2091
2095
2099
2101
2102
2101
2100
2093
2086
2079
2073
2067
2061
2057
2054
2060
2068
2084
2099
2112
2124
2129
2133
2132
2130
2120
2109
2090
2072
2059
2048
2048
2048
2050
2053
2059
2065
2078
2090
2097
2101
2087
2073
2053
2035
2023
2012
2005
1999
1995
1992
1992
1992
1993
1994
1998
2002
2008
2012
2011
2010
2004
2000
2000
2001
2003
2005
2004
2003
2006
2009
2014
2017
2010
2002
1994
1987
1993
1999
2012
2025
2039
2053
2067
2079
2081
2082
2070
2058
2046
2035
2029
2023
2023
2025
2039
2054
2075
2094
2103
2112
2113
2114
2113
2111
2100
2088
2072
2056
2047
2039
2034
2030
2030
2031
2041
2051
2061
2070
2068
2064
2055
2046
2039
2032
2032
2032
2038
2043
2048
2051
2050
2048
2048
2048
2049
2049
2047
2044
2043
2042
2044
2047
2050
2053
2053
2053
2050
2047
2041
2035
2033
2032
2037
2041
2042
2043
2045
2049
2058
2067
2072
2076
2069
2062
2055
2048
2043
2038
2031
2024
2021
2019
2020
2021
2018
2015
2014
2014
2017
2018
2010
2002
1990
1980
1984
1989
2002
2015
2023
2031
2039
2047
2048
2047
2028
2010
1989
1970
1964
1960
1963
1967
1977
1989
2012
2036
2062
2085
2098
2109
2109
2109
2103
2096
2087
2077
2070
2063
2061
2059
2060
2062
2069
2076
2087
2098
2112
2124
2131
2135
2126
2115
2100
2087
2085
2083
2090
2097
2101
2104
2102
2099
2094
2089
2082
2076
2071
2067
2064
2060
2058
2056
2060
2064
2066
2067
2057
2046
2036
2028
2029
2030
2030
2029
2023
2018
2018
2018
2025
2032
2036
2040
2042
2043
2040
2036
2028
2021
2021
2021
2027
2032
2029
2025
2013
2003
2002
2003
2013
2024
2033
2042
2045
2047
2044
2039
2032
2024
2015
2006
1999
1994
1994
1994
1999
2004
2012
2020
2034
2048
2062
2073
2072
2069
2057
2045
2035
2024
2012
2000
1987
1976
1974
1972
1976
1980
1984
1988
1995
2003
2010
2016
2015
2015
2015
2016
2024
2033
2046
2058
2068
2077
2079
2081
2076
2071
2066
2061
2057
2052
2045
2038
2037
2038
2052
2066
2078
2088
2085
2080
2071
2063
2060
2058
2063
2068
2077
2087
2094
2100
2100
2099
2092
2085
2075
2064
2054
2044
2039
2035
2037
2039
2046
2054
2067
2080
2094
2107
2114
2119
2115
2110
2099
2087
2072
2057
2043
2031
2026
2022
2024
2027
2034
2041
2047
2051
2050
2049
2043
2038
2031
2025
2020
2017
2019
2023
2031
2038
2040
2042
2040
2039
2042
2045
2047
2048
2040
2031
2021
2011
2009
2008
2010
2013
2015
2018
2018
2017
2011
2006
2000
1995
1996
1999
2007
2016
2028
2040
2054
2067
2073
2077
2069
2060
2046
2033
2025
2017
2015
2014
2021
2030
2045
2060
2074
2088
2097
2105
2107
2108
2100
2091
2076
2062
2051
2040
2033
2026
2022
2019
2026
2033
2046
2058
2064
2068
2062
2056
2047
2039
2033
2028
2029
2031
2038
2044
2047
2050
2052
2054
2057
2060
2059
2057
2052
2048
2049
2051
2056
2060
2060
2059
2057
2055
2054
2053
2049
2045
2042
2040
2040
2040
2039
2038
2038
2039
2047
2055
2062
2068
2066
2064
2058
2051
2044
2037
2030
2023
2022
2021
2021
2021
2017
2013
2008
2003
1998
1993
1988
1984
1986
1989
2002
2014
2026
2037
2044
2051
2057
2061
2056
2049
2033
2017
2005
1995
1996
1999
2009
2021
2038
2056
2077
2096
2109
2120
2123
2126
2126
2124
2117
2108
2091
2074
2058
2042
2032
2023
2023
2024
2037
2050
2064
2076
2076
2074
2065
2056
2054
2052
2054
2056
2056
2055
2055
2055
2056
2058
2058
2059
2059
2060
2061
2062
2060
2057
2053
2050
2051
2052
2052
2052
2046
2041
2034
2027
2022
2017
2016
2015
2019
2023
2026
2029
2026
2024
2024
2024
2030
2034
2031
2027
2018
2009
2007
2005
2001
1995
1980
1967
1962
1960
1975
1990
2004
2017
2024
2030
2036
2042
2044
2045
2038
2030
2022
2016
2018
2022
2037
2054
2078
2101
2122
2141
2154
2166
2173
2180
2180
2178
2166
2153
2134
2116
2099
2083
2072
2062
2060
2058
2063
2067
2074
2080
2081
2082
2075
2068
2059
2050
2045
2041
2041
2041
2042
2044
2046
2047
2047
2046
2044
2042
2040
2038
2035
2031
2030
2030
2037
2044
2049
2053
2048
2044
2038
2033
2032
2031
2027
2023
2021
2019
2021
2023
2023
2024
2027
2031
2039
2045
2043
2039
2029
2021
2028
2037
2052
2066
2067
2066
2057
2047
2039
2031
2017
2002
1986
1971
1967
1965
1972
1980
1989
1998
2011
2024
2043
2061
2073
2082
2077
2072
2059
2047
2034
2022
2009
1998
1991
1986
1991
1996
2001
2005
2005
2005
2011
2018
2026
2032
2032
2032
2032
2033
2041
2049
2055
2061
2062
2063
2064
2064
2062
2060
2057
2054
2059
2063
2070
2077
2079
2082
2082
2081
2074
2067
2054
2042
2036
2031
2037
2044
2054
2064
2074
2083
2086
2088
2083
2079
2074
2069
2063
2057
2047
2037
2032
2029
2039
2051
2067
2082
2094
2106
2115
2122
2122
2120
2106
2092
2075
2059
2046
2034
2025
2017
2016
2016
2024
2033
2042
2051
2054
2056
2053
2048
2040
2033
2029
2026
2030
2034
2037
2040
2040
2039
2038
2038
2038
2038
2038
2038
2036
2033
2026
2019
2016
2014
2019
2023
2024
2025
2023
2021
2021
2020
2015
2010
1999
1990
1991
1993
2007
2020
2029
2039
2046
2054
2063
2070
2068
2063
2048
2034
2023
2013
2011
2009
2016
2024
2043
2061
2081
2098
2105
2112
2113
2113
2110
2106
2094
2081
2065
2049
2039
2029
2024
2020
2021
2023
2033
2043
2053
2063
2064
2064
2057
2051
2045
2040
2040
2040
2043
2047
2050
2054
2055
2057
2057
2056
2055
2054
2052
2050
2049
2048
2049
2050
2050
2050
2049
2048
2047
2045
2042
2038
2035
2033
2033
2033
2034
2035
2037
2039
2044
2048
2050
2053
2053
2054
2055
2055
2052
2047
2038
2029
2024
2021
2022
2024
2024
2023
2022
2021
2022
2022
2019
2014
2007
2000
1997
1995
2000
2005
2014
2024
2037
2048
2055
2061
2055
2049
2035
2021
2005
1989
1978
1969
1976
1985
2007
2029
2051
2071
2085
2099
2110
2120
2123
2124
2114
2104
2090
2075
2060
2045
2030
2017
2012
2009
2019
2029
2041
2052
2058
2062
2061
2059
2053
2048
2045
2043
2048
2053
2063
2073
2080
2087
2088
2089
2087
2085
2081
2077
2076
2076
2078
2080
2082
2083
2080
2077
2072
2067
2064
2060
2056
2052
2046
2041
2042
2044
2053
2061
2065
2068
2066
2063
2061
2058
2056
2054
2049
2044
2037
2031
2028
2025
2027
2030
2033
2036
2032
2027
2020
2014
2015
2017
2028
2039
2050
2060
2065
2069
2064
2059
2047
2036
2027
2018
2015
2011
2010
2010
2012
2016
2029
2042
2063
2083
2100
2115
2116
2116
2106
2096
2085
2074
2063
2052
2038
2025
2017
2011
2011
2012
2013
2014
2013
2011
2010
2007
1999
1990
1975
1961
1954
1950
1959
1968
1981
1993
2000
2007
2013
2018
2024
2029
2032
2035
2034
2033
2031
2028
2025
2021
2019
2017
2018
2020
2025
2029
2032
2034
2031
2027
2026
2026
2039
2054
2077
2099
2114
2127
2127
2127
2122
2116
2107
2097
2083
2069
2056
2046
2046
2047
2058
2070
2085
2099
2113
2126
2131
2133
2124
2114
2101
2089
2082
2074
2066
2058
2045
2034
2029
2027
2034
2042
2050
2058
2058
2057
2050
2042
2032
2022
2019
2016
2022
2027
2032
2036
2037
2039
2040
2041
2041
2040
2039
2039
2040
2041
2041
2041
2041
2040
2036
2031
2022
2014
2009
2005
2011
2015
2014
2011
1997
1986
1986
1989
2008
2026
2040
2054
2064
2075
2082
2087
2077
2065
2044
2026
2020
2016
2016
2015
2014
2016
2030
2046
2071
2094
2106
2116
2115
2113
2108
2102
2089
2075
2059
2044
2036
2029
2026
2024
2025
2028
2037
2046
2055
2064
2064
2062
2055
2047
2039
2032
2029
2027
2030
2034
2038
2042
2042
2042
2042
2042
2044
2046
2048
2050
2052
2054
2056
2057
2056
2054
2051
2048
2047
2045
2040
2035
2028
2022
2021
2020
2023
2026
2028
2030
2035
2039
2045
2051
2051
2050
2044
2039
2037
2034
2034
2033
2028
2023
2016
2010
2010
2011
2019
2027
2030
2031
2020
2009
2000
1994
2002
2012
2029
2045
2057
2068
2073
2077
2072
2066
2051
2037
2023
2011
2005
2001
2007
2014
2033
2053
2076
2097
2111
2123
2129
2134
2135
2134
2122
2110
2093
2076
2062
2049
2037
2025
2017
2012
2019
2028
2045
2061
2071
2079
2077
2073
2063
2053
2047
2042
2044
2047
2049
2051
2051
2051
2053
2055
2055
2053
2046
2039
2038
2037
2042
2046
2046
2045
2043
2042
2043
2044
2041
2037
2030
2025
2025
2025
2026
2027
2027
2028
2035
2042
2047
2050
2044
2039
2038
2036
2036
2034
2024
2015
2009
2004
2008
2011
2004
1996
1984
1975
1984
1994
2014
2031
2038
2045
2047
2048
2046
2042
2028
2015
2005
1995
1994
1993
1994
1997
2010
2025
2052
2077
2096
2114
2125
2136
2148
2158
2156
2151
2131
2112
2097
2083
2076
2070
2067
2064
2070
2076
2088
2099
2105
2109
2109
2108
2102
2096
2083
2071
2062
2054
2054
2054
2056
2059
2061
2064
2066
2067
2062
2057
2052
2049
2050
2050
2049
2047
2041
2035
2033
2031
2029
2026
2019
2012
2007
2004
2005
2005
2005
2004
2000
1996
1992
1989
1990
1991
1998
2004
2009
2012
2005
1997
1987
1979
1981
1984
1997
2009
2020
2030
2033
2035
2032
2028
2018
2008
1996
1986
1982
1980
1990
2001
2021
2041
2063
2084
2101
2118
2126
2133
2130
2125
2111
2098
2084
2072
2065
2059
2056
2053
2051
2050
2052
2056
2064
2071
2077
2082
2082
2082
2079
2075
2068
2062
2057
2054
2056
2058
2062
2066
2067
2068
2063
2059
2053
2047
2044
2042
2042
2042
2042
2041
2040
2040
2040
2039
2038
2036
2030
2025
2023
2021
2024
2027
2025
2022
2011
2002
2002
2004
2019
2034
2046
2057
2057
2057
2057
2057
2057
2055
2045
2034
2021
2009
2007
2007
2018
2030
2047
2065
2081
2096
2104
2111
2114
2116
2114
2110
2098
2087
2073
2060
2049
2038
2029
2020
2019
2019
2031
2042
2054
2064
2061
2057
2048
2039
2035
2032
2033
2035
2039
2043
2046
2049
2049
2050
2051
2052
2054
2056
2054
2051
2046
2041
2041
2041
2045
2049
2049
2049
2044
2039
2033
2027
2027
2027
2030
2034
2036
2038
2038
2039
2043
2047
2051
2055
2057
2059
2059
2058
2052
2046
2038
2031
2026
2022
2019
2016
2015
2014
2017
2021
2022
2021
2011
2002
1997
1995
2008
2021
2034
2046
2052
2057
2063
2069
2069
2067
2053
2038
2023
2009
2002
1997
2002
2008
2025
2043
2065
2086
2103
2119
2130
2140
2140
2139
2125
2111
2092
2074
2059
2045
2034
2024
2021
2018
2025
2033
2043
2054
2063
2071
2071
2070
2058
2046
2034
2025
2028
2032
2041
2050
2054
2058
2059
2060
2059
2057
2050
2043
2042
2041
2046
2050
2050
2049
2048
2047
2049
2051
2050
2047
2040
2033
2031
2029
2033
2037
2040
2044
2049
2053
2058
2062
2062
2061
2056
2052
2046
2041
2035
2029
2022
2015
2010
2007
2007
2008
2010
2011
2008
2003
1995
1987
1983
1980
1987
1994
2007
2019
2029
2038
2039
2038
2031
2023
2010
1997
1983
1971
1965
1962
1971
1982
2003
2024
2046
2068
2090
2111
2131
2150
2162
2172
2169
2163
2146
2129
2108
2089
2078
2069
2069
2070
2077
2085
2099
2112
2124
2134
2128
2121
2102
2085
2074
2064
2062
2059
2058
2058
2060
2062
2065
2067
2065
2063
2061
2059
2058
2057
2054
2051
2049
2047
2047
2047
2043
2039
2034
2030
2030
2031
2032
2032
2029
2026
2025
2025
2027
2029
2029
2029
2029
2030
2035
2040
2043
2046
2039
2031
2021
2013
2015
2019
2034
2048
2059
2068
2066
2063
2053
2043
2030
2018
2007
1997
1993
1990
1996
2003
2016
2029
2044
2060
2077
2093
2104
2113
2110
2104
2089
2073
2057
2041
2027
2013
1999
1986
1979
1973
1974
1975
1977
1978
1977
1975
1971
1967
1962
1957
1955
1953
1959
1966
1982
1998
2016
2033
2044
2054
2055
2055
2053
2050
2050
2050
2050
2050
2047
2043
2038
2034
2034
2033
2033
2032
2028
2025
2026
2030
2045
2060
2080
2099
2113
2125
2132
2138
2138
2136
2124
2112
2097
2082
2072
2063
2060
2057
2058
2061
2068
2076
2089
2101
2112
2122
2124
2124
2115
2106
2093
2081
2072
2062
2053
2045
2039
2035
2036
2038
2043
2047
2048
2049
2047
2044
2038
2033
2030
2028
2030
2032
2034
2037
2037
2037
2037
2037
2036
2035
2032
2029
2029
2029
2030
2032
2033
2034
2034
2033
2027
2021
2012
2004
2003
2002
2004
2006
2000
1994
1988
1985
1992
2000
2014
2027
2041
2054
2066
2076
2072
2066
2048
2031
2023
2017
2022
2027
2031
2036
2045
2055
2075
2094
2110
2124
2127
2129
2125
2120
2110
2098
2082
2066
2053
2041
2035
2029
2029
2029
2036
2043
2055
2065
2070
2072
2064
2055
2043
2032
2026
2022
2024
2027
2034
2040
2044
2047
2046
2045
2039
2034
2032
2031
2036
2041
2047
2053
2054
2054
2051
2048
2043
2039
2034
2029
2026
2023
2022
2022
2023
2024
2025
2027
2028
2029
2030
2032
2035
2038
2038
2037
2031
2025
2019
2015
2016
2017
2016
2013
2003
1993
1988
1985
1993
2001
2009
2017
2022
2026
2032
2037
2036
2033
2019
2005
1993
1984
1984
1985
1990
1996
2008
2021
2044
2066
2088
2107
2114
2119
2117
2114
2109
2104
2097
2090
2084
2078
2075
2072
2071
2070
2073
2077
2085
2094
2101
2108
2109
2110
2108
2105
2101
2097
2095
2093
2095
2098
2099
2100
2094
2088
2079
2071
2064
2057
2053
2050
2050
2050
2052
2054
2053
2051
2044
2037
2035
2034
2039
2044
2045
2046
2041
2036
2033
2030
2031
2032
2032
2032
2031
2031
2033
2035
2036
2036
2029
2021
2009
2000
2002
2007
2022
2037
2047
2055
2052
2048
2040
2032
2024
2016
2007
1998
1991
1986
1989
1993
2002
2012
2022
2032
2042
2053
2064
2074
2077
2078
2068
2056
2040
2023
2008
1993
1979
1965
1958
1952
1955
1960
1968
1975
1982
1989
1996
2002
2003
2004
2003
2002
2009
2018
2035
2051
2065
2078
2081
2084
2081
2078
2073
2068
2062
2056
2051
2048
2052
2057
2066
2074
2075
2075
2069
2064
2069
2075
2088
2099
2104
2107
2103
2099
2096
2092
2086
2080
2073
2066
2062
2058
2055
2051
2047
2045
2053
2063
2081
2098
2108
2116
2116
2115
2111
2106
2094
2081
2062
2045
2035
2025
2022
2019
2017
2016
2023
2031
2043
2054
2054
2053
2046
2040
2040
2040
2040
2039
2039
2039
2045
2049
2049
2047
2040
2034
2034
2033
2033
2031
2024
2017
2015
2013
2013
2013
2008
2004
2007
2011
2019
2026
2020
2014
2005
1998
2003
2009
2018
2028
2038
2049
2062
2073
2071
2066
2049
2033
2026
2020
2020
2020
2018
2017
2025
2036
2058
2079
2095
2109
2115
2119
2119
2117
2105
2093
2073
2055
2040
2027
2020
2014
2014
2015
2022
2030
2044
2057
2064
2070
2063
2056
2044
2034
2030
2027
2029
2031
2034
2037
2042
2047
2050
2052
2050
2048
2048
2048
2053
2057
2057
2056
2051
2046
2044
2042
2041
2040
2035
2031
2029
2027
2027
2027
2027
2028
2028
2029
2031
2033
2035
2038
2038
2038
2038
2038
2038
2038
2035
2031
2020
2009
2000
1992
1996
2001
2014
2026
2036
2047
2054
2060
2059
2057
2046
2035
2024
2014
2011
2008
2012
2017
2030
2044
2063
2080
2095
2109
2117
2125
2126
2126
2114
2102
2084
2067
2053
2039
2030
2021
2016
2012
2019
2028
2044
2059
2070
2079
2079
2077
2069
2062
2056
2051
2053
2055
2060
2064
2066
2068
2068
2067
2065
2062
2056
2051
2048
2046
2048
2051
2053
2054
2052
2050
2045
2040
2033
2027
2023
2020
2020
2021
2023
2025
2026
2027
2025
2023
2022
2021
2024
2028
2030
2032
2027
2023
2018
2014
2014
2013
2007
2000
1988
1979
1979
1981
1995
2008
2023
2037
2044
2050
2048
2044
2031
2019
2006
1995
1992
1990
1998
2007
2024
2043
2065
2086
2103
2119
2126
2131
2130
2129
2126
2122
2115
2108
2095
2083
2073
2064
2064
2064
2069
2074
2081
2089
2099
2108
2108
2106
2093
2081
2071
2061
2059
2057
2058
2059
2063
2067
2068
2067
2059
2051
2044
2038
2043
2049
2056
2062
2062
2061
2055
2048
2038
2028
2020
2013
2013
2013
2018
2022
2024
2026
2028
2030
2032
2035
2037
2040
2041
2042
2043
2044
2044
2043
2038
2033
2024
2015
2012
2010
2023
2036
2052
2067
2074
2079
2075
2070
2058
2047
2034
2023
2016
2011
2012
2014
2022
2032
2048
2065
2085
2103
2115
2125
2124
2121
2114
2106
2099
2091
2081
2070
2055
2040
2030
2022
2024
2027
2032
2035
2034
2033
2031
2029
2023
2016
2003
1991
1984
1978
1982
1986
1993
2000
2003
2006
2006
2005
2003
2000
1995
1991
1987
1983
1981
1980
1983
1987
1994
2000
1999
1997
1988
1980
1978
1978
1992
2006
2025
2043
2056
2067
2070
2073
2072
2070
2066
2062
2059
2055
2054
2054
2060
2067
2079
2090
2104
2118
2135
2152
2165
2175
2168
2160
2143
2127
2114
2101
2087
2072
2057
2044
2043
2043
2052
2060
2062
2064
2063
2062
2060
2057
2049
2040
2033
2027
2032
2037
2044
2050
2050
2049
2042
2036
2031
2027
2025
2023
2021
2018
2017
2017
2024
2030
2033
2035
2021
2008
1995
1985
1994
2003
2018
2031
2036
2040
2045
2050
2057
2061
2053
2045
2031
2020
2020
2021
2030
2040
2051
2062
2076
2090
2100
2109
2109
2109
2108
2106
2099
2091
2072
2053
2034
2018
2013
2009
2010
2012
2019
2028
2047
2064
2075
2083
2071
2059
2046
2035
2037
2039
2041
2042
2037
2034
2034
2034
2039
2043
2044
2045
2044
2044
2044
2044
2047
2050
2056
2061
2061
2061
2054
2047
2040
2033
2030
2027
2027
2027
2030
2034
2035
2036
2031
2027
2025
2024
2029
2033
2033
2033
2031
2030
2033
2036
2036
2035
2025
2015
2008
2002
2008
2014
2024
2035
2044
2053
2060
2065
2059
2052
2037
2022
2010
2000
1999
2000
2008
2016
2029
2043
2061
2079
2096
2111
2118
2122
2115
2107
2094
2082
2070
2058
2044
2031
2021
2012
2012
2014
2025
2036
2046
2056
2059
2062
2059
2056
2051
2046
2046
2046
2048
2051
2051
2050
2050
2050
2051
2052
2052
2051
2048
2045
2044
2043
2046
2050
2052
2054
2051
2048
2042
2036
2030
2024
2021
2018
2019
2021
2024
2027
2027
2028
2031
2034
2039
2042
2042
2041
2036
2032
2026
2021
2014
2008
2009
2011
2020
2027
2026
2024
2016
2009
2015
2021
2035
2049
2057
2066
2078
2089
2099
2106
2096
2083
2061
2042
2035
2029
2035
2042
2053
2065
2081
2098
2113
2127
2134
2141
2141
2141
2134
2127
2113
2098
2082
2067
2055
2044
2039
2036
2039
2043
2049
2054
2057
2060
2061
2061
2056
2051
2041
2032
2028
2025
2032
2039
2048
2056
2061
2064
2063
2061
2055
2049
2046
2044
2045
2047
2047
2046
2045
2044
2046
2047
2047
2045
2038
2031
2024
2018
2015
2013
2013
2013
2018
2022
2024
2025
2021
2018
2019
2022
2036
2049
2057
2064
2057
2050
2037
2025
2010
1995
1980
1966
1958
1951
1953
1955
1961
1968
1980
1992
2007
2022
2034
2045
2050
2054
2055
2056
2055
2053
2047
2041
2034
2028
2026
2025
2028
2031
2038
2045
2050
2053
2049
2044
2035
2027
2022
2019
2024
2030
2044
2058
2073
2088
2097
2106
2107
2107
2105
2103
2097
2092
2085
2079
2077
2074
2070
2064
2048
2033
2019
2009
2016
2025
2044
2062
2073
2083
2083
2082
2076
2070
2062
2055
2051
2048
2048
2047
2047
2047
2052
2057
2067
2078
2088
2097
2102
2107
2108
2107
2099
2090
2075
2061
2048
2036
2028
2020
2018
2017
2023
2030
2038
2046
2052
2057
2058
2058
2055
2051
2044
2038
2035
2033
2034
2035
2036
2038
2039
2040
2036
2031
2021
2012
2009
2007
2012
2017
2018
2019
2018
2018
2023
2028
2028
2027
2019
2012
2010
2009
2017
2025
2032
2040
2049
2058
2065
2071
2065
2059
2048
2038
2036
2034
2035
2037
2042
2047
2062
2077
2093
2109
2117
2125
2127
2129
2122
2114
2096
2078
2059
2042
2029
2016
2008
2002
2007
2014
2029
2043
2050
2056
2051
2047
2040
2033
2030
2027
2027
2028
2033
2037
2039
2040
2040
2040
2042
2044
2047
2049
2047
2044
2039
2035
2035
2035
2038
2041
2042
2042
2037
2031
2023
2016
2011
2007
2007
2008
2009
2011
2013
2016
2023
2029
2035
2040
2035
2029
2017
2006
2001
1998
2005
2013
2023
2033
2040
2046
2043
2038
2022
2006
1989
1974
1968
1965
1972
1981
1998
2017
2041
2065
2087
2107
2119
2130
2131
2130
2121
2110
2095
2081
2072
2064
2062
2061
2063
2065
2072
2080
2090
2100
2107
2112
2112
2110
2102
2094
2086
2078
2075
2073
2075
2077
2078
2080
2080
2079
2077
2075
2070
2066
2064
2061
2060
2058
2056
2054
2053
2052
2049
2044
2037
2030
2024
2020
2020
2021
2022
2023
2023
2023
2024
2026
2029
2032
2039
2045
2047
2047
2035
2024
2015
2009
2018
2029
2044
2057
2062
2065
2061
2056
2044
2033
2019
2006
2000
1996
1996
1997
1998
2001
2014
2028
2052
2076
2095
2111
2114
2117
2110
2103
2090
2077
2062
2046
2031
2017
2004
1992
1986
1980
1979
1977
1974
1970
1969
1969
1969
1968
1960
1952
1947
1945
1962
1981
2006
2029
2042
2053
2055
2058
2059
2060
2058
2056
2054
2052
2052
2051
2049
2047
2044
2041
2036
2031
2023
2016
2014
2015
2031
2048
2070
2090
2102
2112
2116
2120
2122
2123
2117
2110
2097
2085
2077
2070
2068
2067
2069
2073
2084
2095
2108
2120
2121
2120
2111
2101
2089
2077
2063
2050
2037
2025
2024
2024
2033
2042
2051
2059
2062
2065
2063
2060
2052
2044
2036
2029
2028
2027
2028
2029
2030
2031
2032
2033
2033
2032
2029
2025
2024
2024
2027
2030
2031
2033
2033
2033
2034
2035
2032
2028
2019
2010
2004
2000
2002
2005
2008
2012
2019
2027
2042
2056
2066
2074
2067
2059
2045
2032
2025
2019
2020
2022
2036
2050
2071
2092
2107
2121
2128
2134
2134
2132
2122
2110
2090
2070
2054
2039
2032
2025
2024
2024
2033
2043
2059
2074
2081
2085
2074
2062
2047
2034
2028
2024
2025
2025
2024
2023
2022
2022
2025
2029
2034
2037
2032
2028
2022
2017
2018
2019
2023
2027
2028
2030
2033
2036
2036
2036
2029
2022
2016
2011
2015
2019
2025
2030
2032
2035
2040
2044
2044
2044
2039
2035
2035
2035
2036
2036
2031
2027
2026
2025
2025
2024
2017
2010
2006
2004
2013
2022
2034
2044
2051
2058
2063
2066
2061
2055
2040
2026
2018
2010
2010
2010
2014
2019
2034
2050
2072
2094
2109
2123
2128
2131
2130
2128
2118
2107
2087
2068
2053
2039
2032
2027
2027
2028
2036
2044
2056
2067
2072
2075
2070
2066
2063
2060
2060
2059
2058
2058
2062
2066
2071
2075
2070
2066
2059
2053
2053
2054
2054
2054
2052
2051
2052
2054
2054
2052
2045
2038
2031
2024
2022
2019
2018
2018
2020
2023
2026
2030
2030
2030
2030
2029
2028
2025
2018
2011
2006
2002
2003
2004
1997
1989
1976
1965
1966
1969
1982
1995
2005
2016
2024
2032
2039
2043
2034
2024
2007
1991
1986
1984
1995
2007
2026
2046
2073
2100
2131
2161
2182
2200
2201
2201
2190
2178
2161
2142
2120
2099
2079
2062
2057
2053
2060
2068
2076
2083
2090
2097
2098
2097
2083
2069
2054
2040
2040
2040
2046
2051
2052
2053
2056
2060
2064
2067
2061
2055
2043
2033
2028
2025
2027
2030
2035
2039
2040
2041
2039
2037
2037
2037
2037
2037
2032
2027
2022
2018
2018
2019
2019
2019
2021
2023
2028
2031
2025
2018
2007
1998
2005
2013
2031
2047
2054
2060
2054
2048
2038
2027
2013
1999
1990
1981
1979
1977
1977
1977
1982
1988
2003
2018
2035
2051
2059
2065
2064
2062
2056
2050
2043
2035
2028
2021
2016
2011
2011
2011
2013
2016
2018
2021
2027
2032
2038
2043
2040
2037
2032
2030
2038
2047
2060
2072
2074
2076
2071
2066
2061
2057
2051
2046
2044
2043
2050
2058
2067
2074
2073
2071
2062
2052
2045
2039
2042
2047
2057
2068
2076
2084
2086
2087
2085
2083
2081
2079
2076
2072
2064
2055
2045
2035
2033
2033
2043
2054
2069
2084
2096
2107
2109
2109
2101
2092
2080
2069
2060
2050
2040
2031
2025
2021
2026
2031
2040
2049
2052
2054
2051
2048
2042
2037
2031
2026
2024
2023
2025
2028
2029
2031
2031
2032
2034
2036
2036
2036
2032
2028
2025
2023
2026
2030
2033
2035
2031
2027
2020
2014
2007
2001
1996
1992
1994
1997
2009
2022
2037
2051
2061
2071
2072
2071
2062
2053
2040
2027
2019
2012
2012
2013
2024
2036
2057
2077
2093
2108
2114
2119
2117
2114
2100
2086
2067
2050
2040
2030
2026
2022
2018
2015
2022
2030
2045
2059
2063
2065
2057
2050
2043
2037
2033
2029
2028
2028
2031
2035
2037
2039
2039
2039
2041
2044
2046
2049
2049
2049
2051
2053
2054
2054
2051
2048
2046
2043
2041
2039
2035
2031
2029
2028
2029
2031
2033
2035
2041
2046
2052
2056
2055
2053
2050
2046
2045
2044
2041
2038
2031
2024
2019
2014
2013
2012
2014
2017
2022
2026
2027
2028
2023
2019
2012
2006
2006
2007
2016
2025
2039
2053
2061
2068
2064
2059
2047
2035
2023
2012
2004
1998
1999
2002
2019
2038
2063
2088
2107
2124
2132
2140
2141
2140
2130
2119
2103
2086
2071
2056
2043
2032
2026
2021
2026
2032
2041
2049
2056
2062
2066
2069
2065
2060
2050
2040
2039
2040
2049
2058
2060
2062
2057
2053
2052
2052
2052
2051
2049
2046
2046
2046
2046
2046
2043
2039
2034
2030
2028
2027
2027
2027
2028
2029
2031
2033
2038
2042
2047
2051
2052
2052
2050
2048
2048
2047
2047
2046
2041
2035
2027
2020
2016
2013
2015
2018
2019
2020
2015
2011
2010
2011
2020
2030
2040
2050
2057
2064
2069
2072
2065
2057
2041
2026
2014
2004
2003
2003
2006
2011
2023
2036
2058
2079
2099
2116
2123
2129
2125
2120
2108
2097
2082
2068
2055
2044
2037
2032
2034
2038
2046
2054
2061
2068
2068
2068
2061
2055
2048
2043
2043
2043
2048
2052
2055
2058
2058
2057
2056
2055
2055
2055
2056
2057
2057
2057
2054
2051
2049
2046
2046
2045
2043
2040
2034
2028
2025
2022
2023
2025
2028
2032
2035
2039
2044
2048
2051
2053
2051
2048
2042
2036
2031
2027
2023
2019
2018
2018
2019
2020
2016
2011
2001
1992
1990
1990
2002
2013
2027
2040
2047
2054
2056
2057
2051
2044
2031
2019
2007
1997
1995
1994
2005
2017
2036
2055
2074
2093
2111
2128
2142
2154
2153
2150
2135
2121
2108
2095
2088
2080
2073
2066
2065
2065
2074
2083
2095
2105
2107
2107
2094
2081
2063
2046
2038
2032
2034
2037
2043
2048
2052
2056
2057
2057
2055
2052
2052
2052
2053
2053
2051
2048
2045
2043
2043
2043
2042
2040
2035
2032
2032
2032
2033
2034
2031
2027
2024
2021
2024
2027
2034
2040
2046
2050
2050
2048
2038
2028
2015
2003
2003
2004
2018
2031
2043
2052
2051
2050
2044
2037
2027
2016
2000
1984
1971
1959
1958
1958
1965
1972
1985
1998
2019
2040
2056
2070
2070
2069
2062
2056
2050
2043
2034
2025
2017
2009
2008
2007
2011
2015
2021
2027
2034
2041
2048
2053
2052
2051
2044
2038
2035
2034
2042
2050
2059
2068
2069
2070
2070
2071
2077
2083
2088
2091
2089
2087
2081
2075
2068
2061
2058
2056
2057
2057
2052
2046
2038
2032
2035
2040
2050
2060
2065
2070
2072
2075
2080
2084
2084
2084
2077
2070
2057
2044
2032
2023
2023
2025
2037
2049
2064
2080
2095
2108
2111
2112
2100
2089
2081
2073
2069
2063
2046
2029
2014
2003
2011
2021
2038
2053
2060
2066
2064
2061
2051
2041
2028
2016
2015
2015
2021
2026
2027
2028
2030
2032
2037
2041
2041
2042
2043
2044
2047
2050
2047
2044
2042
2041
2046
2050
2050
2049
2042
2036
2031
2026
2023
2020
2018
2017
2018
2020
2021
2023
2027
2031
2037
2042
2038
2033
2022
2013
2015
2018
2028
2038
2042
2046
2049
2053
2058
2060
2051
2041
2023
2006
1997
1989
1994
2000
2017
2035
2060
2085
2101
2116
2117
2119
2121
2122
2121
2117
2100
2082
2060
2040
2031
2023
2021
2019
2020
2023
2035
2046
2060
2071
2069
2065
2055
2046
2041
2038
2039
2040
2041
2042
2045
2048
2050
2051
2050
2048
2047
2046
2045
2043
2038
2034
2032
2030
2033
2037
2037
2037
2032
2028
2027
2026
2028
2030
2031
2033
2036
2039
2043
2047
2049
2052
2052
2053
2053
2052
2049
2046
2040
2035
2032
2029
2029
2028
2025
2022
2022
2022
2024
2026
2022
2017
2008
2000
2000
2001
2013
2025
2036
2046
2049
2052
2046
2040
2026
2013
1999
1987
1983
1980
1987
1995
2011
2029
2053
2077
2098
2118
2125
2131
2131
2130
2127
2122
2115
2107
2096
2085
2075
2066
2061
2057
2059
2062
2070
2078
2086
2093
2093
2093
2087
2081
2076
2073
2075
2077
2080
2082
2080
2078
2072
2067
2065
2063
2061
2059
2053
2048
2046
2044
2049
2054
2055
2054
2046
2038
2033
2029
2031
2033
2033
2032
2031
2031
2033
2036
2037
2038
2037
2037
2038
2040
2042
2044
2044
2043
2042
2039
2030
2021
2009
1999
2002
2007
2024
2040
2049
2056
2053
2050
2046
2042
2039
2034
2025
2016
2008
2001
2001
2002
2012
2024
2043
2061
2078
2093
2100
2106
2103
2099
2089
2077
2061
2044
2027
2010
1997
1984
1977
1970
1969
1968
1972
1976
1982
1987
1987
1986
1979
1972
1969
1967
1976
1986
2002
2017
2027
2036
2041
2045
2051
2057
2060
2063
2060
2057
2053
2049
2047
2044
2042
2040
2040
2040
2039
2038
2033
2030
2038
2048
2076
2102
2123
2140
2137
2133
2125
2117
2111
2105
2093
2081
2069
2058
2056
2055
2058
2062
2071
2081
2099
2116
2128
2138
2132
2125
2111
2097
2084
2071
2060
2049
2042
2035
2033
2032
2032
2033
2037
2041
2046
2050
2048
2046
2039
2032
2026
2021
2021
2021
2024
2028
2031
2033
2033
2033
2034
2035
2036
2037
2033
2029
2028
2027
2032
2036
2033
2029
2018
2008
2007
2006
2009
2010
2003
1996
1991
1988
1995
2003
2015
2027
2041
2055
2068
2079
2074
2067
2051
2037
2031
2025
2024
2023
2021
2021
2032
2045
2070
2094
2111
2126
2129
2132
2126
2119
2105
2090
2073
2057
2044
2033
2027
2022
2023
2025
2035
2046
2057
2067
2068
2069
2063
2057
2050
2044
2038
2033
2030
2027
2030
2034
2041
2047
2048
2049
2046
2042
2042
2042
2044
2047
2048
2048
2046
2043
2040
2036
2032
2028
2025
2022
2022
2022
2023
2025
2025
2025
2024
2024
2026
2029
2035
2039
2039
2038
2033
2029
2029
2029
2028
2026
2016
2007
2002
2000
2008
2016
2026
2035
2042
2049
2054
2057
2051
2044
2030
2018
2011
2005
2007
2011
2020
2031
2049
2067
2088
2107
2119
2129
2130
2130
2127
2123
2112
2100
2080
2061
2042
2026
2019
2014
2017
2021
2031
2041
2055
2067
2074
2078
2071
2063
2054
2045
2043
2040
2040
2040
2042
2045
2052
2057
2057
2055
2047
2040
2038
2037
2038
2038
2035
2032
2031
2031
2031
2030
2024
2018
2012
2006
2006
2005
2004
2004
2005
2006
2009
2012
2011
2010
2008
2007
2011
2015
2017
2019
2018
2017
2017
2016
2015
2015
2016
2019
2034
2051
2073
2094
2104
2114
2115
2115
2112
2108
2095
2083
2069
2058
2059
2062
2070
2078
2083
2088
2099
2111
2126
2140
2141
2140
2128
2116
2109
2102
2096
2089
2076
2064
2054
2045
2045
2045
2048
2051
2052
2054
2057
2061
2061
2059
2047
2036
2026
2018
2023
2028
2035
2042
2044
2046
2048
2051
2053
2054
2051
2047
2043
2039
2038
2037
2037
2037
2037
2036
2034
2031
2024
2017
2013
2010
2014
2018
2019
2020
2014
2007
1999
1992
1991
1991
2002
2014
2032
2048
2055
2060
2047
2033
2013
1994
1981
1970
1963
1957
1956
1955
1959
1964
1976
1988
2005
2022
2037
2052
2059
2065
2064
2063
2058
2053
2047
2041
2038
2036
2038
2040
2045
2049
2054
2059
2062
2064
2062
2058
2050
2042
2035
2029
2030
2033
2047
2061
2079
2096
2106
2114
2113
2112
2106
2100
2090
2080
2071
2063
2063
2063
2066
2068
2059
2050
2036
2023
2022
2023
2031
2038
2043
2048
2052
2056
2059
2061
2060
2059
2058
2058
2058
2058
2056
2053
2051
2050
2057
2065
2077
2088
2095
2101
2101
2100
2095
2090
2080
2068
2053
2039
2025
2012
2005
1999
2003
2009
2025
2041
2055
2067
2066
2063
2054
2046
2042
2038
2037
2036
2036
2037
2040
2043
2040
2036
2027
2018
2016
2015
2020
2024
2024
2025
2026
2027
2030
2033
2031
2029
2027
2024
2023
2021
2014
2008
2004
2002
2010
2019
2029
2039
2044
2048
2051
2055
2055
2053
2044
2035
2024
2014
2009
2006
2012
2020
2038
2057
2079
2100
2112
2121
2119
2116
2108
2100
2090
2079
2065
2052
2038
2024
2016
2009
2012
2018
2033
2048
2062
2074
2071
2067
2053
2041
2035
2030
2036
2042
2049
2056
2056
2056
2054
2052
2051
2050
2051
2052
2055
2058
2059
2060
2058
2056
2051
2047
2046
2046
2046
2045
2040
2035
2029
2024
2023
2023
2024
2026
2026
2027
2029
2031
2033
2035
2036
2036
2036
2035
2028
2021
2009
1999
1996
1995
2007
2019
2033
2045
2049
2052
2049
2044
2036
2027
2017
2007
2001
1997
2003
2010
2026
2042
2061
2080
2096
2111
2121
2130
2131
2130
2120
2108
2089
2071
2054
2038
2028
2019
2019
2019
2024
2030
2039
2048
2058
2067
2070
2072
2066
2060
2054
2049
2048
2048
2049
2049
2049
2049
2049
2048
2048
2048
2048
2048
2050
2052
2055
2058
2059
2059
2057
2055
2050
2046
2040
2034
2031
2028
2028
2029
2032
2036
2039
2042
2043
2044
2045
2046
2046
2046
2042
2038
2031
2024
2022
2021
2021
2019
2010
2000
1990
1981
1985
1990
2003
2015
2024
2033
2039
2044
2044
2042
2030
2018
2003
1989
1982
1976
1982
1989
2008
2026
2047
2068
2083
2098
2111
2124
2134
2143
2142
2139
2128
2117
2106
2095
2087
2079
2074
2071
2074
2077
2084
2091
2097
2103
2103
2102
2095
2088
2079
2071
2065
2060
2058
2057
2058
2060
2062
2064
2062
2060
2054
2049
2048
2048
2050
2052
2053
2053
2053
2052
2049
2045
2037
2030
2023
2018
2020
2023
2028
2032
2032
2031
2030
2029
2030
2031
2033
2035
2038
2042
2044
2044
2036
2027
2017
2008
2014
2022
2037
2051
2055
2058
2052
2046
2039
2032
2023
2014
2004
1994
1991
1989
1992
1995
2002
2009
2024
2039
2055
2070
2073
2075
2069
2063
2057
2051
2043
2033
2017
2001
1987
1976
1978
1981
1990
1998
2003
2008
2011
2015
2018
2021
2021
2021
2022
2024
2034
2045
2057
2068
2073
2078
2079
2080
2075
2069
2058
2048
2046
2044
2049
2054
2054
2054
2055
2057
2066
2073
2070
2065
2048
2032
2028
2027
2044
2061
2076
2089
2089
2089
2087
2085
2084
2083
2076
2068
2054
2041
2033
2026
2032
2039
2055
2071
2089
2106
2118
2128
2126
2123
2109
2094
2078
2063
2048
2034
2026
2019
2022
2027
2035
2043
2047
2051
2053
2055
2056
2056
2049
2041
2029
2019
2017
2016
2020
2024
2024
2025
2025
2025
2029
2032
2032
2031
2028
2025
2028
2032
2039
2044
2042
2039
2035
2032
2036
2039
2036
2030
2014
1999
1994
1993
2008
2023
2037
2050
2056
2061
2067
2073
2074
2073
2061
2050
2036
2024
2018
2014
2021
2030
2050
2070
2092
2111
2118
2124
2121
2118
2112
2106
2094
2081
2061
2041
2025
2012
2012
2013
2027
2040
2052
2062
2064
2065
2060
2056
2050
2044
2037
2031
2026
2023
2024
2025
2028
2031
2034
2038
2040
2043
2043
2043
2043
2043
2045
2048
2050
2051
2050
2048
2045
2041
2039
2036
2034
2031
2029
2026
2023
2020
2019
2018
2021
2024
2029
2033
2040
2046
2052
2056
2051
2045
2030
2016
2008
2003
2013
2025
2041
2057
2068
2078
2082
2084
2077
2068
2048
2029
2013
1999
1999
2002
2018
2034
2056
2077
2099
2120
2136
2150
2153
2156
2150
2143
2136
2128
2117
2105
2084
2063
2041
2021
2014
2009
2016
2023
2029
2034
2028
2022
2013
2004
2003
2002
2009
2017
2030
2043
2058
2071
2072
2071
2055
2040
2027
2017
2020
2024
2033
2042
2050
2057
2062
2066
2060
2053
2039
2025
2018
2011
2010
2010
2011
2013
2015
2016
2015
2014
2012
2011
2018
2025
2031
2034
2019
2003
1981
1962
1960
1960
1970
1980
1985
1989
1987
1984
1975
1964
1945
1926
1908
1892
1886
1882
1889
1898
1917
1938
1975
2014
2069
2124
2175
2223
2250
2273
2274
2273
2258
2242
2218
2194
2170
2147
2139
2134
2143
2153
2167
2180
2186
2191
2187
2181
2164
2145
2118
2091
2069
2050
2045
2042
2049
2056
2063
2070
2076
2082
2083
2082
2066
2048
2024
2003
1998
1995
2004
2012
2013
2013
2011
2010
2014
2017
2016
2014
2007
2000
1995
1991
1988
1985
1983
1983
1994
2007
2029
2050
2065
2078
2077
2074
2059
2044
2029
2015
2006
1998
1991
1985
1981
1978
1985
1994
2011
2028
2044
2060
2070
2080
2081
2082
2076
2069
2060
2051
2042
2033
2023
2013
2007
2001
1998
1995
1990
1986
1984
1982
1981
1978
1970
1963
1961
1961
1975
1989
2005
2020
2029
2038
2046
2054
2059
2062
2059
2055
2051
2047
2044
2040
2035
2030
2026
2022
2016
2010
2005
2003
2015
2028
2053
2077
2092
2106
2108
2109
2107
2104
2098
2093
2086
2079
2075
2071
2071
2071
2077
2083
2097
2111
2123
2133
2133
2132
2125
2117
2104
2091
2072
2053
2036
2020
2015
2012
2019
2026
2035
2045
2053
2060
2064
2067
2062
2058
2051
2044
2041
2037
2034
2031
2029
2027
2028
2029
2029
2027
2019
2012
2010
2008
2014
2019
2021
2023
2023
2024
2029
2034
2034
2032
2024
2016
2014
2013
2020
2026
2032
2039
2046
2053
2058
2061
2056
2051
2043
2036
2033
2029
2028
2028
2034
2042
2057
2071
2084
2095
2098
2102
2103
2103
2101
2097
2089
2081
2072
2062
2051
2040
2029
2020
2021
2023
2037
2051
2063
2072
2070
2068
2061
2054
2051
2048
2046
2044
2041
2039
2039
2039
2041
2042
2040
2038
2035
2032
2032
2033
2033
2032
2030
2027
2023
2019
2013
2008
2006
2005
2011
2016
2015
2012
1999
1989
1990
1993
2015
2036
2057
2077
2088
2098
2104
2107
2099
2089
2069
2049
2033
2017
2008
2001
2001
2004
2021
2038
2059
2077
2083
2087
2085
2082
2076
2069
2051
2032
2006
1981
1964
1948
1940
1933
1932
1932
1942
1953
1966
1976
1976
1974
1966
1959
1956
1953
1959
1966
1984
2003
2029
2054
2073
2091
2105
2120
2141
2162
2179
2193
2191
2188
2180
2172
2169
2164
2157
2149
2140
2132
2126
2119
2108
2097
2083
2071
2068
2066
2066
2064
2055
2046
2039
2034
2042
2051
2065
2077
2084
2090
2087
2083
2069
2054
2036
2019
2006
1994
1988
1984
1987
1991
2006
2021
2042
2062
2077
2091
2096
2100
2100
2099
2093
2087
2076
2065
2052
2039
2032
2025
2025
2025
2025
2024
2021
2018
2015
2012
2005
1998
1988
1979
1976
1974
1984
1994
2004
2014
2015
2015
2013
2010
2007
2002
1995
1988
1981
1975
1974
1972
1967
1963
1956
1951
1956
1961
1974
1987
1999
2011
2024
2037
2051
2063
2064
2064
2055
2047
2040
2034
2033
2032
2036
2041
2056
2072
2094
2116
2137
2157
2169
2178
2175
2169
2154
2139
2123
2107
2092
2078
2066
2055
2054
2053
2060
2066
2068
2069
2064
2060
2053
2047
2040
2033
2027
2023
2025
2027
2033
2039
2043
2046
2045
2042
2035
2028
2023
2019
2020
2021
2017
2012
2001
1992
1992
1995
2012
2028
2043
2056
2062
2068
2070
2071
2064
2057
2043
2030
2024
2021
2031
2043
2058
2072
2083
2094
2106
2117
2131
2144
2147
2149
2135
2120
2098
2076
2058
2041
2030
2021
2021
2022
2029
2036
2039
2042
2039
2035
2033
2031
2030
2028
2023
2020
2020
2021
2024
2026
2024
2022
2019
2016
2014
2011
2004
1998
1995
1993
2000
2007
2010
2012
2011
2011
2018
2025
2029
2031
2019
2008
1999
1992
2000
2010
2026
2041
2054
2067
2076
2084
2086
2088
2081
2073
2058
2044
2031
2020
2023
2029
2046
2063
2079
2095
2107
2119
2127
2134
2129
2123
2108
2093
2080
2067
2054
2041
2026
2014
2015
2019
2038
2056
2066
2075
2069
2064
2057
2051
2049
2047
2044
2041
2041
2041
2048
2055
2062
2069
2069
2069
2063
2058
2053
2048
2046
2044
2044
2045
2047
2049
2048
2045
2038
2031
2024
2018
2018
2018
2022
2026
2029
2031
2029
2025
2016
2008
2003
1999
2005
2012
2024
2035
2045
2055
2059
2061
2053
2045
2031
2017
2004
1991
1980
1970
1965
1962
1972
1984
2007
2030
2053
2074
2083
2091
2084
2075
2058
2041
2021
2000
1978
1956
1939
1923
1921
1920
1929
1938
1947
1955
1962
1969
1974
1980
1990
2002
2027
2053
2089
2125
2156
2185
2203
2219
2225
2228
2219
2208
2190
2173
2159
2146
2144
2142
2148
2153
2153
2152
2144
2136
2126
2114
2099
2082
2059
2038
2023
2011
2011
2010
2009
2008
2012
2019
2042
2064
2079
2091
2079
2066
2051
2036
2027
2017
2001
1986
1976
1968
1977
1986
1999
2011
2019
2029
2045
2061
2076
2090
2093
2096
2093
2090
2087
2082
2074
2065
2052
2040
2032
2024
2023
2023
2026
2029
2030
2030
2027
2023
2017
2010
2003
1996
1995
1995
2003
2012
2021
2030
2035
2039
2039
2038
2035
2031
2024
2016
2009
2002
1997
1993
1987
1980
1969
1959
1954
1951
1960
1971
1988
2005
2016
2026
2030
2033
2032
2030
2023
2016
2013
2012
2022
2033
2045
2056
2060
2065
2072
2080
2093
2106
2114
2120
2120
2118
2111
2103
2091
2080
2074
2069
2071
2074
2075
2076
2075
2074
2076
2078
2078
2077
2070
2063
2058
2054
2054
2054
2053
2051
2049
2048
2048
2048
2048
2047
2044
2041
2039
2037
2040
2043
2047
2049
2041
2032
2015
2000
1993
1989
1999
2010
2024
2038
2049
2059
2062
2063
2054
2045
2034
2024
2020
2016
2016
2016
2023
2032
2050
2068
2085
2101
2107
2112
2111
2109
2096
2082
2060
2040
2029
2020
2021
2022
2022
2022
2027
2032
2043
2053
2054
2055
2048
2041
2039
2036
2035
2033
2031
2029
2034
2038
2045
2052
2052
2051
2049
2046
2043
2039
2032
2026
2025
2024
2027
2030
2030
2030
2031
2033
2034
2034
2024
2013
2002
1994
2001
2010
2029
2046
2060
2074
2082
2088
2087
2083
2067
2052
2038
2025
2023
2022
2026
2031
2040
2050
2067
2085
2105
2123
2132
2139
2132
2124
2105
2086
2069
2052
2042
2031
2023
2017
2020
2025
2044
2061
2071
2078
2068
2057
2045
2034
2031
2027
2024
2022
2023
2025
2033
2041
2045
2048
2046
2043
2042
2042
2042
2042
2041
2041
2042
2043
2043
2042
2040
2039
2039
2040
2040
2039
2034
2029
2025
2022
2027
2031
2037
2043
2045
2048
2050
2052
2052
2052
2048
2044
2038
2033
2026
2019
2012
2006
2003
2000
1995
1990
1983
1977
1977
1979
1991
2002
2014
2025
2032
2038
2039
2038
2031
2023
2010
1998
1991
1985
1985
1986
1994
2003
2022
2041
2064
2087
2104
2120
2128
2135
2137
2138
2133
2128
2119
2109
2098
2087
2077
2068
2068
2069
2081
2093
2107
2119
2120
2119
2110
2101
2094
2087
2086
2085
2086
2087
2089
2090
2089
2088
2083
2079
2073
2067
2060
2054
2051
2049
2049
2050
2050
2049
2047
2044
2043
2042
2041
2039
2035
2031
2029
2028
2029
2031
2031
2031
2030
2029
2029
2028
2027
2027
2028
2030
2034
2037
2032
2026
2012
2000
1998
1998
2012
2027
2042
2055
2062
2067
2061
2054
2038
2022
2008
1995
1991
1987
1987
1987
1990
1995
2012
2031
2054
2075
2084
2091
2089
2086
2081
2075
2065
2054
2038
2022
2008
1996
1989
1982
1981
1980
1983
1987
1994
2002
2009
2016
2017
2018
2013
2010
2011
2013
2026
2039
2052
2064
2067
2069
2067
2065
2061
2057
2051
2046
2045
2044
2047
2050
2053
2057
2057
2057
2055
2052
2046
2041
2041
2042
2050
2059
2068
2077
2082
2087
2090
2093
2092
2091
2085
2079
2072
2065
2057
2049
2042
2036
2041
2046
2060
2074
2085
2095
2102
2108
2111
2114
2108
2101
2087
2073
2061
2050
2042
2035
2028
2022
2027
2033
2045
2055
2055
2053
2043
2034
2033
2033
2035
2037
2034
2031
2031
2031
2033
2036
2036
2036
2038
2041
2043
2045
2040
2035
2032
2030
2032
2034
2032
2029
2024
2020
2020
2020
2018
2015
2011
2008
2012
2016
2017
2016
2008
2002
2003
2006
2018
2028
2035
2042
2051
2060
2072
2082
2075
2067
2046
2027
2018
2010
2013
2017
2022
2028
2040
2053
2072
2090
2103
2114
2116
2118
2113
2108
2098
2087
2072
2058
2044
2030
2022
2016
2018
2021
2030
2039
2048
2056
2059
2061
2056
2051
2043
2035
2032
2030
2036
2041
2046
2050
2050
2050
2050
2050
2052
2053
2050
2047
2043
2040
2040
2041
2044
2047
2048
2049
2048
2047
2044
2041
2036
2032
2030
2028
2030
2032
2037
2042
2044
2045
2044
2044
2045
2046
2047
2048
2041
2034
2026
2018
2016
2015
2016
2017
2017
2017
2018
2018
2016
2013
2003
1993
1988
1986
1999
2013
2033
2051
2063
2073
2074
2074
2066
2057
2042
2027
2013
2000
1996
1994
2003
2013
2031
2049
2069
2088
2102
2115
2120
2123
2121
2119
2112
2104
2090
2076
2059
2042
2032
2024
2028
2033
2043
2053
2060
2066
2065
2064
2057
2051
2045
2040
2040
2040
2045
2049
2055
2060
2063
2066
2065
2063
2058
2053
2052
2051
2056
2060
2065
2069
2068
2067
2061
2056
2050
2044
2038
2033
2026
2019
2017
2015
2022
2030
2038
2046
2049
2053
2054
2055
2055
2055
2049
2042
2033
2024
2021
2019
2020
2022
2022
2022
2019
2015
2007
2000
1994
1991
1999
2008
2023
2037
2045
2053
2055
2056
2053
2048
2035
2022
2008
1996
1994
1994
2001
2010
2026
2043
2070
2095
2115
2133
2134
2134
2131
2127
2124
2118
2103
2087
2068
2052
2047
2043
2046
2050
2057
2066
2081
2094
2100
2104
2090
2076
2063
2052
2052
2053
2055
2057
2057
2058
2062
2066
2066
2066
2061
2056
2053
2049
2046
2043
2043
2043
2048
2052
2054
2055
2050
2045
2041
2037
2035
2033
2031
2029
2029
2029
2030
2031
2032
2034
2036
2038
2040
2042
2044
2047
2052
2055
2051
2045
2029
2014
2009
2008
2025
2042
2057
2071
2071
2069
2061
2053
2039
2025
2010
1997
1993
1990
1993
1997
2000
2004
2015
2027
2049
2070
2085
2098
2097
2094
2084
2074
2062
2049
2034
2019
2002
1985
1974
1965
1967
1969
1975
1981
1986
1990
1996
2001
2004
2006
2003
2000
2000
2002
2016
2031
2047
2062
2070
2078
2078
2078
2073
2068
2061
2055
2052
2048
2046
2043
2042
2042
2048
2054
2061
2066
2064
2061
2057
2054
2059
2064
2073
2082
2089
2096
2102
2107
2106
2103
2095
2088
2081
2073
2064
2055
2044
2034
2033
2034
2047
2060
2076
2091
2102
2112
2117
2121
2116
2109
2094
2079
2063
2048
2038
2028
2024
2021
2024
2029
2039
2048
2055
2060
2056
2051
2042
2033
2026
2021
2021
2022
2026
2030
2032
2034
2034
2035
2037
2039
2042
2044
2043
2041
2036
2032
2027
2022
2020
2019
2019
2019
2019
2018
2014
2011
2012
2013
2015
2016
2008
2000
1993
1988
2001
2016
2038
2059
2071
2081
2083
2085
2079
2072
2055
2037
2022
2008
2005
2003
2009
2015
2029
2044
2065
2084
2097
2109
2112
2115
2114
2112
2100
2088
2068
2050
2040
2031
2028
2025
2022
2019
2026
2033
2046
2058
2062
2065
2058
2051
2044
2037
2033
2030
2034
2039
2047
2055
2055
2054
2049
2046
2047
2049
2051
2052
2051
2051
2053
2055
2055
2054
2048
2042
2042
2042
2043
2042
2034
2026
2020
2015
2020
2024
2025
2027
2028
2031
2041
2050
2053
2054
2045
2036
2032
2028
2028
2026
2018
2011
2010
2009
2016
2022
2019
2014
2004
1996
1999
2003
2015
2027
2037
2046
2053
2060
2062
2063
2056
2048
2033
2019
2007
1997
1997
1998
2013
2028
2044
2060
2075
2090
2106
2121
2128
2133
2125
2116
2103
2090
2077
2064
2050
2037
2031
2026
2033
2041
2053
2065
2075
2085
2086
2085
2078
2071
2068
2065
2068
2072
2072
2072
2072
2072
2076
2079
2077
2075
2068
2061
2060
2060
2061
2061
2058
2054
2051
2047
2043
2039
2033
2028
2025
2021
2019
2016
2014
2012
2013
2014
2014
2013
2012
2012
2016
2020
2022
2024
2017
2010
2005
2001
2001
1999
1986
1973
1958
1946
1953
1962
1982
2000
2012
2023
2030
2037
2041
2043
2035
2027
2015
2005
2003
2002
2008
2016
2032
2049
2074
2098
2118
2136
2143
2150
2152
2153
2149
2144
2132
2120
2108
2096
2087
2079
2073
2069
2076
2083
2096
2107
2108
2109
2102
2096
2090
2084
2074
2064
2055
2047
2052
2057
2064
2070
2068
2065
2060
2056
2053
2049
2043
2038
2037
2036
2041
2045
2048
2051
2051
2050
2047
2043
2035
2026
2017
2009
2008
2008
2012
2015
2013
2009
2001
1993
1992
1994
2010
2026
2046
2063
2069
2073
2064
2053
2034
2016
1995
1975
1963
1953
1953
1953
1953
1954
1957
1962
1984
2006
2035
2061
2073
2082
2077
2073
2066
2058
2050
2041
2034
2028
2029
2031
2036
2040
2040
2040
2040
2040
2046
2051
2054
2056
2054
2053
2055
2059
2072
2085
2099
2112
2114
2114
2106
2099
2094
2089
2088
2087
2083
2079
2076
2072
2071
2070
2063
2055
2041
2028
2019
2012
2013
2015
2018
2022
2022
2023
2023
2023
2025
2027
2031
2035
2038
2040
2038
2036
2033
2030
2035
2041
2053
2064
2072
2080
2083
2087
2091
2094
2093
2091
2080
2069
2056
2043
2036
2029
2027
2026
2034
2043
2060
2076
2085
2091
2082
2071
2055
2040
2031
2022
2022
2022
2025
2029
2030
2031
2030
2029
2028
2028
2029
2031
2033
2034
2033
2032
2029
2025
2023
2022
2027
2032
2040
2048
2056
2064
2069
2073
2070
2066
2056
2046
2038
2031
2028
2026
2031
2036
2047
2058
2070
2082
2089
2096
2100
2104
2104
2102
2094
2085
2071
2058
2048
2038
2031
2025
2022
2020
2025
2031
2041
2051
2054
2057
2050
2043
2037
2033
2033
2032
2028
2024
2022
2022
2029
2036
2040
2042
2035
2028
2024
2021
2026
2029
2027
2023
2015
2008
2009
2012
2020
2029
2037
2046
2056
2065
2072
2078
2071
2062
2046
2030
2017
2006
2004
2004
2012
2021
2034
2046
2058
2069
2076
2082
2082
2080
2071
2061
2046
2031
2016
2001
1986
1972
1965
1959
1963
1968
1976
1984
1992
2000
2007
2014
2014
2014
2011
2009
2017
2027
2044
2061
2074
2087
2101
2115
2129
2140
2137
2132
2118
2106
2101
2097
2098
2098
2097
2096
2096
2095
2090
2084
2070
2058
2053
2051
2061
2071
2078
2084
2084
2084
2084
2083
2078
2072
2059
2047
2037
2028
2024
2021
2022
2024
2036
2048
2064
2080
2089
2097
2099
2100
2099
2096
2089
2081
2069
2057
2046
2036
2030
2025
2027
2030
2039
2048
2051
2052
2041
2030
2017
2005
2000
1997
1999
2002
2008
2015
2023
2031
2033
2035
2028
2022
2016
2011
2009
2006
1999
1990
1975
1960
1947
1935
1931
1929
1938
1949
1966
1982
1992
2000
1998
1996
1990
1984
1982
1981
1982
1984
1992
2001
2017
2035
2057
2079
2101
2122
2136
2149
2149
2148
2136
2123
2105
2088
2075
2063
2059
2055
2053
2050
2049
2049
2061
2073
2093
2110
2112
2113
2099
2086
2080
2075
2077
2078
2075
2072
2068
2064
2063
2061
2055
2048
2041
2034
2031
2028
2021
2014
2006
1999
2000
2002
2014
2026
2039
2051
2059
2066
2069
2071
2067
2062
2051
2040
2032
2024
2023
2023
2029
2035
2046
2058
2073
2088
2102
2114
2114
2113
2102
2091
2078
2065
2054
2043
2029
2016
2007
2000
2007
2016
2032
2047
2053
2057
2052
2048
2048
2047
2042
2037
2025
2015
2014
2014
2027
2038
2042
2044
2036
2029
2026
2023
2025
2027
2024
2021
2016
2013
2018
2023
2029
2033
2026
2018
2008
1999
2003
2008
2020
2031
2038
2045
2050
2055
2062
2067
2064
2060
2048
2038
2031
2025
2027
2030
2037
2045
2059
2073
2093
2111
2120
2127
2120
2112
2097
2083
2070
2057
2042
2028
2015
2005
2008
2014
2031
2047
2057
2066
2064
2061
2056
2051
2048
2044
2040
2037
2037
2037
2041
2045
2047
2050
2052
2054
2057
2061
2063
2065
2060
2055
2048
2043
2044
2046
2049
2051
2046
2041
2033
2026
2023
2019
2018
2017
2018
2019
2022
2026
2027
2029
2030
2031
2036
2040
2039
2037
2025
2013
2005
1999
2006
2013
2023
2032
2039
2046
2051
2054
2052
2048
2037
2026
2017
2008
2008
2009
2017
2026
2040
2055
2072
2090
2106
2121
2128
2132
2125
2117
2103
2088
2072
2055
2039
2025
2018
2013
2018
2024
2034
2044
2052
2059
2063
2066
2061
2056
2048
2041
2040
2039
2045
2050
2055
2058
2057
2056
2053
2050
2050
2050
2051
2052
2052
2052
2052
2053
2054
2055
2054
2053
2051
2049
2046
2042
2037
2033
2031
2029
2029
2030
2032
2035
2040
2045
2047
2049
2045
2041
2035
2030
2024
2018
2006
1995
1987
1980
1986
1993
2005
2015
2022
2028
2035
2042
2042
2040
2024
2007
1989
1973
1972
1973
1984
1996
2013
2031
2053
2075
2095
2113
2119
2124
2120
2116
2110
2104
2098
2093
2087
2081
2077
2074
2075
2076
2083
2090
2097
2104
2106
2107
2104
2101
2096
2091
2086
2081
2078
2076
2077
2078
2080
2081
2080
2079
2074
2069
2063
2057
2055
2054
2056
2058
2058
2058
2055
2052
2049
2045
2039
2034
2028
2023
2023
2023
2028
2033
2033
2032
2028
2025
2026
2027
2030
2034
2034
2033
2028
2022
2012
2001
1994
1989
1998
2009
2026
2042
2045
2046
2035
2024
2015
2006
1999
1993
1986
1979
1975
1972
1974
1978
1987
1998
2015
2033
2050
2065
2070
2073
2068
2062
2054
2045
2034
2023
2015
2008
2008
2008
2011
2014
2019
2024
2036
2048
2057
2065
2060
2055
2048
2042
2044
2046
2051
2055
2059
2063
2068
2072
2071
2070
2065
2062
2069
2076
2084
2090
2086
2082
2077
2072
2069
2065
2052
2040
2029
2021
2028
2036
2046
2056
2058
2061
2065
2069
2072
2074
2067
2060
2052
2044
2041
2038
2039
2042
2051
2061
2075
2088
2096
2103
2105
2107
2105
2102
2092
2081
2067
2053
2042
2031
2021
2011
2005
2001
2010
2021
2038
2054
2059
2062
2054
2045
2036
2028
2027
2026
2028
2030
2032
2035
2035
2035
2035
2035
2037
2039
2039
2039
2037
2035
2035
2035
2037
2040
2040
2040
2036
2032
2029
2026
2026
2025
2022
2017
2007
1998
1996
1997
2013
2029
2049
2068
2077
2085
2087
2089
2087
2083
2069
2055
2039
2024
2018
2013
2020
2029
2045
2061
2077
2092
2099
2104
2104
2103
2100
2096
2086
2074
2057
2040
2027
2016
2011
2007
2009
2012
2025
2037
2052
2064
2063
2061
2049
2038
2032
2028
2030
2033
2036
2040
2046
2051
2057
2063
2063
2062
2059
2057
2058
2059
2064
2068
2070
2072
2073
2075
2076
2076
2071
2065
2052
2039
2027
2016
2012
2009
2010
2012
2015
2018
2022
2026
2029
2032
2030
2027
2023
2019
2017
2014
2004
1992
1975
1960
1955
1953
1967
1981
1997
2013
2025
2036
2041
2043
2032
2020
2003
1986
1977
1970
1975
1982
1999
2017
2042
2066
2088
2109
2116
2122
2119
2114
2103
2091
2076
2061
2051
2043
2046
2050
2062
2075
2090
2106
2123
2140
2147
2152
2141
2129
2109
2091
2078
2067
2064
2061
2064
2068
2080
2092
2104
2113
2111
2107
2093
2080
2067
2055
2049
2045
2049
2054
2062
2069
2070
2070
2060
2050
2039
2029
2025
2021
2019
2016
2013
2011
2014
2017
2024
2030
2036
2041
2045
2049
2049
2048
2035
2021
2006
1993
1998
2005
2026
2045
2055
2063
2057
2051
2039
2026
2011
1997
1983
1970
1965
1961
1967
1974
1989
2004
2026
2048
2068
2085
2090
2093
2085
2077
2067
2057
2046
2035
2021
2008
2001
1996
2001
2006
2012
2018
2020
2023
2030
2036
2043
2049
2051
2054
2061
2070
2085
2098
2105
2109
2100
2090
2070
2050
2025
2002
1989
1980
1988
1997
2012
2026
2037
2048
2057
2065
2066
2065
2053
2041
2029
2020
2024
2030
2046
2063
2081
2098
2107
2115
2114
2112
2102
2091
2071
2051
2029
2010
2005
2004
2023
2042
2069
2094
2115
2133
2140
2145
2136
2125
2106
2088
2068
2049
2034
2021
2017
2014
2021
2029
2037
2045
2052
2059
2060
2060
2052
2044
2034
2024
2021
2019
2020
2022
2026
2030
2037
2044
2046
2048
2041
2034
2029
2026
2028
2030
2030
2030
2031
2033
2036
2038
2031
2024
2013
2004
2004
2004
2005
2004
1994
1985
1983
1984
2002
2020
2041
2060
2072
2083
2087
2090
2083
2074
2058
2043
2028
2015
2010
2007
2014
2023
2038
2052
2065
2077
2090
2102
2115
2125
2125
2122
2107
2093
2082
2072
2066
2060
2051
2042
2039
2038
2051
2063
2070
2075
2066
2057
2047
2038
2038
2038
2041
2044
2045
2047
2049
2051
2054
2057
2057
2056
2054
2052
2050
2047
2045
2042
2041
2040
2038
2036
2033
2029
2023
2017
2009
2002
1997
1993
1997
2002
2009
2016
2022
2027
2034
2041
2047
2051
2046
2041
2032
2024
2024
2025
2033
2042
2052
2062
2070
2076
2074
2070
2056
2041
2026
2012
2006
2001
2007
2014
2028
2043
2060
2077
2097
2116
2130
2142
2139
2134
2115
2096
2076
2058
2044
2031
2022
2014
2012
2012
2021
2031
2046
2060
2069
2076
2072
2067
2057
2048
2045
2042
2043
2045
2046
2047
2050
2053
2057
2060
2057
2052
2044
2037
2035
2033
2033
2032
2029
2026
2023
2020
2016
2012
2007
2002
2000
1997
1995
1992
1986
1980
1977
1975
1977
1979
1979
1980
1981
1982
1982
1980
1968
1956
1940
1926
1920
1916
1923
1933
1955
1980
2019
2058
2097
2134
2152
2167
2162
2157
2145
2135
2129
2124
2131
2139
2157
2175
2194
2212
2222
2230
2227
2221
2205
2187
2160
2134
2104
2075
2052
2031
2022
2016
2023
2032
2051
2068
2082
2093
2087
2080
2060
2041
2025
2009
2002
1996
1996
1997
2007
2018
2032
2045
2048
2051
2046
2042
2039
2035
2032
2029
2026
2024
2027
2030
2034
2037
2034
2031
2026
2021
2021
2020
2017
2014
2007
2001
2000
2000
2008
2017
2034
2050
2064
2077
2077
2075
2062
2048
2032
2015
2000
1985
1972
1960
1957
1956
1965
1976
1991
2005
2019
2032
2042
2051
2055
2058
2052
2046
2033
2021
2008
1996
1992
1989
1992
1995
1996
1997
1997
1997
1999
2002
2007
2012
2016
2020
2027
2034
2045
2055
2062
2068
2065
2060
2053
2047
2047
2047
2053
2059
2065
2070
2076
2082
2086
2089
2086
2082
2076
2071
2071
2072
2075
2078
2081
2085
2091
2096
2096
2094
2084
2074
2065
2056
2053
2049
2047
2046
2048
2052
2065
2078
2093
2108
2116
2124
2125
2124
2116
2107
2086
2065
2042
2020
2008
1998
2000
2003
2012
2021
2031
2041
2048
2054
2052
2048
2040
2032
2028
2025
2026
2027
2027
2027
2029
2031
2037
2042
2040
2036
2028
2020
2019
2019
2024
2029
2029
2030
2031
2032
2036
2039
2036
2033
2027
2023
2025
2029
2036
2044
2052
2060
2069
2077
2082
2085
2080
2075
2067
2059
2049
2039
2031
2025
2029
2035
2050
2066
2081
2096
2108
2118
2120
2121
2106
2091
2069
2049
2036
2024
2020
2017
2018
2020
2031
2042
2053
2062
2060
2056
2046
2036
2029
2023
2020
2016
2014
2012
2016
2020
2026
2031
2033
2035
2035
2036
2038
2039
2039
2038
2037
2037
2040
2044
2050
2055
2055
2053
2046
2038
2028
2017
2008
2001
2001
2002
2013
2023
2030
2035
2026
2017
2009
2003
2010
2018
2030
2042
2051
2060
2067
2072
2065
2056
2037
2020
2005
1991
1983
1975
1974
1974
1988
2004
2027
2048
2063
2077
2084
2091
2092
2092
2080
2068
2048
2029
2015
2001
1992
1983
1978
1974
1977
1981
1989
1997
2006
2015
2028
2040
2052
2064
2075
2086
2100
2114
2128
2140
2146
2150
2148
2146
2143
2140
2140
2140
2141
2142
2140
2137
2130
2122
2112
2101
2092
2082
2075
2068
2062
2056
2051
2047
2048
2049
2053
2056
2053
2050
2043
2036
2035
2034
2030
2025
2013
2004
2004
2007
2024
2041
2050
2057
2052
2047
2041
2034
2025
2015
2001
1989
1987
1987
1997
2008
2016
2025
2037
2050
2070
2089
2103
2115
2115
2114
2109
2103
2093
2082
2066
2050
2036
2022
2015
2008
2005
2003
2005
2007
2008
2007
1999
1990
1977
1966
1960
1956
1958
1961
1968
1976
1983
1990
1991
1992
1989
1987
1989
1992
1998
2003
2007
2011
2017
2022
2023
2022
2014
2006
2001
1997
2004
2011
2025
2039
2053
2066
2072
2076
2069
2062
2056
2053
2061
2069
2079
2089
2092
2096
2099
2104
2114
2124
2137
2150
2159
2167
2167
2165
2156
2145
2127
2109
2087
2067
2053
2040
2037
2035
2035
2036
2037
2039
2043
2047
2047
2047
2043
2039
2037
2036
2036
2036
2036
2036
2037
2038
2039
2040
2037
2034
2028
2023
2023
2023
2024
2026
2026
2025
2025
2024
2021
2016
2007
1999
1995
1993
2003
2014
2030
2045
2056
2066
2073
2080
2083
2086
2080
2074
2060
2046
2033
2021
2014
2007
2007
2008
2020
2034
2057
2079
2094
2107
2103
2098
2085
2072
2058
2043
2026
2010
2003
1998
2010
2023
2039
2053
2059
2063
2061
2059
2054
2048
2040
2033
2027
2022
2022
2023
2029
2036
2044
2051
2057
2062
2062
2061
2058
2055
2052
2048
2048
2048
2053
2058
2060
2062
2059
2056
2054
2051
2049
2045
2038
2031
2028
2026
2033
2039
2046
2052
2054
2057
2058
2058
2057
2056
2052
2048
2042
2035
2027
2019
2016
2013
2017
2021
2023
2025
2023
2021
2020
2019
2013
2007
1997
1988
1988
1991
2006
2021
2036
2049
2056
2062
2062
2060
2051
2041
2028
2016
2010
2005
2008
2012
2023
2035
2057
2080
2102
2123
2131
2138
2136
2133
2127
2121
2109
2097
2080
2062
2047
2032
2025
2019
2024
2029
2042
2055
2064
2071
2067
2062
2052
2043
2038
2035
2038
2041
2045
2049
2049
2048
2048
2048
2049
2050
2051
2051
2051
2050
2049
2049
2049
2049
2050
2050
2050
2049
2044
2040
2035
2032
2033
2034
2035
2036
2036
2036
2041
2046
2054
2060
2059
2057
2049
2041
2038
2035
2033
2031
2025
2019
2014
2010
2005
1999
1991
1984
1986
1989
2003
2016
2025
2033
2034
2035
2035
2034
2026
2017
2000
1984
1974
1966
1970
1975
1989
2003
2023
2043
2064
2084
2096
2106
2109
2111
2110
2109
2102
2095
2086
2077
2074
2071
2076
2081
2086
2091
2094
2097
2099
2100
2099
2097
2091
2086
2085
2084
2086
2088
2088
2087
2085
2084
2084
2083
2080
2077
2071
2065
2062
2059
2060
2061
2061
2060
2057
2053
2048
2043
2040
2036
2033
2030
2025
2020
2018
2016
2019
2023
2026
2029
2031
2033
2040
2046
2046
2044
2032
2022
2020
2019
2034
2048
2060
2070
2069
2066
2057
2047
2033
2020
2009
1999
1996
1993
1994
1995
2000
2006
2021
2038
2061
2084
2103
2119
2121
2121
2109
2098
2083
2069
2056
2043
2030
2017
2010
2003
2003
2002
2002
2001
1999
1996
1993
1989
1980
1971
1961
1953
1958
1963
1978
1992
2004
2015
2024
2034
2042
2050
2050
2050
2044
2038
2033
2029
2026
2023
2024
2026
2028
2030
2023
2016
2005
1996
1998
2003
2018
2034
2050
2066
2083
2100
2115
2128
2129
2129
2119
2109
2098
2087
2077
2066
2057
2049
2051
2056
2071
2086
2102
2118
2129
2139
2140
2140
2127
2113
2095
2078
2064
2051
2042
2033
2030
2029
2038
2048
2057
2064
2058
2052
2043
2034
2031
2028
2027
2027
2027
2027
2028
2029
2028
2028
2028
2028
2031
2033
2032
2030
2028
2027
2033
2038
2039
2038
2028
2018
2012
2007
2013
2019
2019
2017
2008
1999
1997
1995
2002
2009
2019
2030
2045
2060
2072
2082
2076
2068
2053
2038
2031
2024
2020
2016
2015
2016
2030
2044
2066
2087
2100
2112
2115
2118
2117
2114
2101
2087
2069
2052
2043
2034
2031
2027
2026
2027
2034
2042
2054
2064
2065
2064
2055
2045
2037
2029
2028
2027
2030
2034
2039
2043
2045
2048
2048
2048
2049
2050
2052
2054
2053
2052
2047
2043
2042
2041
2043
2044
2043
2042
2038
2034
2032
2030
2031
2032
2034
2037
2040
2044
2046
2049
2049
2050
2051
2052
2052
2052
2048
2043
2035
2027
2025
2023
2026
2028
2027
2026
2024
2022
2024
2026
2025
2022
2013
2004
2004
2005
2020
2034
2047
2058
2062
2065
2063
2060
2049
2037
2020
2004
1997
1991
1996
2002
2015
2029
2048
2067
2087
2106
2118
2129
2132
2135
2133
2129
2116
2103
2083
2064
2049
2035
2028
2023
2024
2026
2035
2044
2057
2068
2070
2070
2061
2052
2046
2041
2044
2047
2048
2050
2050
2051
2053
2055
2055
2054
2051
2048
2048
2048
2049
2050
2049
2047
2043
2039
2034
2029
2023
2018
2016
2014
2014
2015
2016
2018
2019
2021
2021
2021
2020
2019
2019
2018
2018
2017
2016
2016
2016
2016
2010
2003
1989
1976
1973
1971
1985
1999
2013
2027
2035
2043
2050
2057
2059
2060
2057
2054
2052
2050
2047
2045
2046
2050
2069
2088
2113
2138
2153
2166
2173
2179
2178
2174
2157
2140
2119
2100
2087
2074
2066
2058
2053
2050
2052
2055
2061
2067
2073
2079
2080
2079
2071
2063
2054
2046
2043
2041
2041
2041
2041
2041
2041
2040
2039
2037
2036
2035
2037
2039
2041
2043
2044
2046
2047
2047
2045
2042
2036
2031
2029
2026
2024
2022
2019
2017
2017
2018
2021
2024
2024
2023
2019
2016
2016
2017
2026
2035
2045
2054
2056
2057
2052
2046
2036
2026
2012
1999
1987
1975
1967
1959
1954
1951
1957
1965
1983
2001
2021
2039
2049
2059
2065
2070
2072
2074
2068
2061
2049
2037
2028
2020
2018
2016
2018
2021
2028
2034
2041
2046
2045
2044
2037
2031
2030
2030
2036
2043
2051
2059
2069
2079
2088
2097
2100
2102
2102
2101
2096
2090
2080
2071
2065
2061
2062
2061
2053
2043
2026
2011
2007
2005
2019
2032
2044
2055
2060
2065
2067
2070
2070
2069
2067
2064
2063
2061
2059
2057
2052
2047
2046
2046
2054
2063
2075
2087
2094
2101
2106
2109
2104
2098
2079
2060
2045
2032
2029
2026
2024
2022
2024
2028
2042
2055
2062
2067
2060
2054
2051
2048
2042
2036
2024
2014
2018
2023
2036
2046
2039
2031
2019
2010
2016
2021
2028
2033
2031
2029
2033
2037
2043
2048
2046
2043
2039
2035
2034
2033
2030
2027
2022
2018
2017
2017
2022
2026
2031
2034
2031
2027
2020
2014
2015
2017
2027
2037
2047
2057
2064
2071
2071
2069
2057
2045
2029
2014
2006
1999
2001
2004
2017
2030
2052
2073
2095
2116
2128
2138
2137
2134
2122
2109
2089
2070
2054
2040
2034
2028
2025
2021
2018
2017
2026
2037
2052
2066
2066
2065
2055
2046
2045
2045
2051
2056
2056
2055
2053
2052
2052
2051
2048
2045
2042
2039
2041
2044
2048
2051
2050
2049
2046
2043
2041
2039
2037
2034
2031
2027
2025
2023
2025
2027
2033
2039
2044
2049
2049
2050
2050
2049
2048
2046
2039
2032
2027
2024
2028
2031
2029
2026
2017
2009
2009
2009
2015
2020
2014
2009
2003
1999
2009
2019
2034
2047
2053
2059
2061
2062
2060
2057
2045
2033
2017
2001
1991
1983
1987
1993
2009
2026
2046
2065
2080
2095
2107
2117
2118
2118
2107
2095
2078
2061
2044
2027
2013
2001
2000
2001
2010
2019
2029
2039
2047
2054
2057
2059
2053
2048
2046
2045
2055
2066
2079
2090
2096
2101
2104
2107
2106
2103
2095
2087
2082
2079
2080
2081
2080
2079
2077
2075
2075
2075
2072
2069
2065
2061
2060
2058
2055
2053
2053
2055
2063
2071
2074
2075
2067
2060
2054
2049
2046
2042
2034
2027
2021
2017
2020
2023
2022
2020
2011
2003
2003
2004
2019
2034
2049
2062
2064
2066
2061
2057
2050
2043
2034
2026
2019
2012
2011
2011
2014
2018
2025
2034
2050
2067
2082
2096
2099
2101
2096
2091
2085
2078
2069
2060
2047
2034
2022
2012
2007
2004
2005
2007
2011
2014
2011
2007
1993
1978
1962
1947
1940
1936
1947
1959
1977
1995
2007
2017
2022
2026
2031
2036
2039
2043
2043
2042
2039
2036
2031
2026
2023
2021
2022
2023
2024
2025
2025
2024
2023
2023
2023
2023
2029
2036
2054
2074
2098
2120
2133
2143
2140
2136
2127
2117
2103
2089
2071
2054
2042
2033
2039
2047
2066
2085
2104
2122
2129
2135
2129
2122
2112
2101
2091
2081
2071
2060
2052
2044
2042
2041
2044
2047
2049
2051
2052
2053
2052
2050
2041
2032
2023
2015
2015
2016
2021
2026
2028
2031
2033
2036
2036
2036
2035
2034
2036
2038
2042
2045
2042
2038
2036
2034
2036
2038
2033
2027
2015
2005
2004
2003
2005
2007
2001
1996
1995
1995
2007
2018
2032
2046
2057
2068
2076
2082
2080
2076
2062
2048
2034
2022
2015
2008
2008
2009
2021
2033
2055
2076
2092
2106
2110
2113
2109
2105
2098
2091
2079
2067
2053
2039
2030
2023
2024
2026
2033
2041
2048
2055
2057
2059
2053
2047
2038
2030
2028
2026
2033
2039
2044
2047
2045
2043
2041
2039
2039
2039
2040
2041
2043
2045
2048
2052
2053
2053
2051
2049
2044
2039
2034
2029
2028
2027
2028
2028
2027
2027
2029
2032
2040
2048
2055
2062
2063
2063
2061
2058
2052
2047
2041
2035
2034
2032
2030
2027
2022
2018
2020
2022
2023
2023
2014
2005
1999
1996
2007
2019
2034
2048
2060
2072
2079
2084
2077
2068
2047
2028
2014
2002
2001
2002
2010
2019
2037
2055
2076
2095
2108
2119
2124
2127
2125
2121
2110
2098
2082
2066
2052
2039
2032
2026
2026
2028
2036
2045
2055
2064
2066
2066
2059
2051
2042
2034
2032
2031
2037
2042
2047
2052
2053
2054
2054
2053
2052
2051
2049
2047
2044
2041
2038
2035
2034
2034
2035
2036
2035
2032
2024
2017
2011
2006
2008
2010
2016
2022
2026
2029
2028
2026
2023
2020
2020
2021
2023
2025
2020
2015
2008
2001
1999
1996
1990
1984
1976
1971
1980
1991
2013
2033
2046
2057
2063
2069
2077
2084
2085
2084
2076
2069
2064
2061
2063
2065
2072
2080
2096
2112
2134
2154
2167
2177
2174
2170
2156
2142
2127
2113
2099
2086
2074
2062
2053
2046
2046
2048
2059
2070
2079
2087
2083
2077
2062
2048
2035
2023
2021
2020
2027
2035
2042
2049
2049
2049
2046
2043
2044
2045
2047
2048
2045
2041
2037
2034
2035
2037
2038
2039
2036
2033
2030
2026
2024
2022
2022
2022
2022
2023
2024
2025
2029
2033
2037
2040
2033
2025
2015
2007
2013
2021
2036
2050
2054
2057
2050
2042
2033
2023
2010
1998
1988
1978
1973
1968
1966
1964
1969
1976
1993
2010
2026
2040
2046
2052
2053
2054
2053
2051
2044
2036
2026
2017
2014
2011
2014
2017
2019
2022
2026
2030
2037
2044
2046
2047
2044
2041
2041
2042
2048
2053
2055
2058
2063
2068
2077
2085
2088
2091
2090
2089
2091
2094
2095
2096
2091
2086
2080
2073
2066
2058
2045
2033
2029
2027
2036
2045
2052
2059
2059
2060
2063
2067
2070
2072
2068
2064
2058
2053
2050
2047
2046
2046
2053
2060
2073
2086
2096
2105
2106
2106
2100
2094
2083
2072
2057
2043
2032
2022
2017
2013
2013
2014
2022
2030
2045
2059
2067
2074
2067
2059
2047
2037
2034
2032
2032
2032
2032
2032
2033
2034
2034
2033
2027
2022
2019
2016
2019
2022
2024
2027
2027
2028
2029
2031
2033
2034
2034
2033
2030
2026
2022
2019
2019
2020
2020
2019
2011
2004
2001
1999
2012
2025
2039
2051
2051
2051
2051
2051
2053
2053
2045
2037
2025
2014
2013
2012
2018
2025
2035
2046
2062
2079
2095
2109
2115
2119
2116
2112
2105
2096
2081
2065
2048
2033
2026
2020
2021
2023
2029
2036
2046
2055
2061
2066
2059
2052
2044
2037
2038
2039
2041
2043
2042
2042
2044
2047
2049
2051
2046
2042
2041
2041
2047
2052
2054
2056
2053
2049
2047
2045
2042
2038
2033
2029
2029
2029
2034
2038
2040
2042
2042
2042
2044
2047
2052
2057
2059
2060
2057
2052
2044
2037
2030
2023
2021
2020
2022
2024
2024
2023
2021
2019
2021
2023
2026
2028
2022
2016
2011
2008
2016
2025
2036
2046
2053
2061
2069
2075
2072
2066
2046
2026
2010
1996
1995
1994
1998
2003
2016
2030
2055
2079
2100
2120
2128
2134
2133
2130
2118
2106
2089
2073
2060
2047
2038
2030
2024
2020
2025
2030
2043
2056
2067
2077
2077
2075
2068
2061
2056
2053
2056
2059
2062
2066
2069
2072
2075
2078
2073
2067
2059
2052
2052
2052
2054
2055
2049
2043
2039
2036
2037
2037
2033
2029
2022
2016
2015
2014
2014
2015
2015
2016
2018
2020
2020
2019
2019
2019
2019
2018
2015
2011
2007
2004
2004
2003
1998
1993
1981
1970
1968
1967
1981
1996
2012
2027
2039
2050
2058
2065
2066
2066
2058
2051
2044
2039
2041
2045
2052
2060
2073
2086
2107
2127
2147
2165
2171
2174
2166
2157
2147
2137
2125
2112
2096
2081
2068
2056
2053
2051
2055
2060
2067
2074
2077
2079
2072
2064
2052
2041
2034
2029
2029
2030
2035
2040
2046
2051
2051
2050
2044
2038
2036
2034
2037
2041
2043
2046
2047
2049
2049
2048
2045
2041
2036
2031
2029
2027
2024
2021
2017
2014
2015
2016
2023
2030
2035
2038
2035
2032
2025
2018
2016
2016
2023
2031
2041
2050
2050
2048
2039
2029
2017
2006
1994
1982
1969
1957
1951
1947
1955
1965
1985
2005
2028
2051
2071
2089
2096
2102
2097
2091
2081
2071
2061
2051
2044
2038
2038
2039
2040
2041
2038
2035
2034
2034
2036
2037
2034
2031
2030
2030
2039
2048
2061
2074
2082
2091
2099
2106
2108
2109
2098
2087
2073
2060
2054
2049
2047
2045
2042
2038
2037
2035
2032
2027
2019
2011
2008
2007
2016
2026
2038
2050
2059
2067
2074
2081
2083
2085
2079
2073
2064
2054
2042
2032
2025
2021
2031
2042
2062
2080
2093
2104
2111
2117
2117
2115
2100
2085
2064
2044
2037
2030
2029
2028
2026
2025
2034
2044
2059
2072
2072
2070
2060
2050
2047
2044
2044
2043
2042
2041
2041
2042
2042
2042
2042
2043
2043
2043
2042
2040
2040
2040
2041
2043
2044
2046
2046
2046
2045
2042
2035
2027
2019
2011
2008
2003
1995
1988
1982
1979
1991
2004
2022
2040
2049
2058
2066
2073
2075
2075
2057
2038
2016
1996
1993
1992
2000
2008
2020
2032
2052
2071
2089
2105
2111
2115
2113
2109
2102
2094
2080
2066
2052
2039
2031
2024
2024
2024
2031
2039
2049
2059
2064
2068
2064
2059
2050
2041
2034
2028
2030
2034
2044
2054
2059
2062
2056
2050
2045
2041
2041
2041
2041
2041
2041
2042
2042
2042
2040
2037
2032
2028
2024
2020
2015
2011
2011
2011
2017
2023
2026
2029
2029
2030
2036
2042
2043
2043
2034
2026
2021
2019
2026
2034
2043
2052
2058
2064
2064
2063
2052
2041
2027
2015
2010
2006
2008
2011
2023
2037
2060
2083
2105
2126
2135
2142
2141
2138
2128
2116
2096
2076
2054
2034
2021
2010
2009
2009
2016
2023
2034
2045
2058
2070
2073
2075
2065
2055
2048
2043
2050
2057
2062
2066
2064
2062
2062
2063
2063
2063
2058
2053
2050
2048
2048
2047
2044
2040
2037
2034
2033
2031
2024
2017
2009
2001
1999
1998
1999
2000
2000
2000
2000
2001
2001
2001
1999
1997
1991
1985
1978
1972
1973
1976
1988
2001
2016
2030
2040
2049
2049
2047
2038
2030
2025
2021
2028
2035
2047
2059
2077
2096
2125
2154
2179
2201
2204
2205
2191
2177
2162
2147
2131
2114
2097
2081
2070
2060
2057
2055
2057
2059
2065
2071
2077
2082
2080
2076
2066
2056
2048
2041
2039
2037
2038
2039
2040
2041
2040
2039
2037
2036
2038
2040
2043
2045
2045
2044
2044
2043
2042
2040
2033
2027
2022
2018
2018
2018
2017
2017
2017
2017
2019
2020
2014
2009
2002
1997
2011
2026
2049
2071
2079
2085
2080
2076
2070
2062
2047
2032
2013
1996
1989
1983
1985
1988
1991
1996
2004
2014
2031
2049
2064
2077
2079
2079
2071
2063
2049
2035
2017
2000
1987
1975
1972
1968
1967
1965
1964
1964
1968
1972
1976
1979
1978
1977
1982
1988
2004
2020
2035
2049
2056
2063
2069
2074
2077
2079
2074
2070
2064
2059
2059
2060
2060
2059
2052
2045
2042
2041
2051
2061
2075
2089
2097
2104
2105
2106
2102
2097
2090
2083
2080
2077
2077
2076
2073
2070
2067
2065
2071
2078
2091
2103
2113
2123
2126
2129
2123
2115
2099
2083
2065
2047
2034
2023
2018
2013
2013
2013
2019
2026
2038
2049
2055
2060
2055
2050
2043
2037
2036
2034
2033
2032
2028
2024
2023
2022
2022
2023
2023
2023
2023
2023
2026
2030
2033
2036
2035
2034
2031
2027
2024
2020
2013
2006
1999
1993
1993
1995
2002
2010
2024
2038
2054
2068
2073
2075
2063
2051
2038
2026
2019
2013
2011
2010
2020
2031
2053
2075
2091
2106
2112
2116
2116
2114
2104
2092
2077
2062
2052
2041
2034
2027
2022
2019
2028
2038
2053
2066
2071
2074
2068
2061
2053
2046
2041
2038
2040
2042
2045
2049
2050
2051
2052
2054
2055
2055
2052
2048
2048
2048
2051
2053
2052
2051
2046
2042
2041
2039
2037
2034
2031
2027
2023
2019
2014
2009
2008
2008
2012
2016
2018
2020
2025
2029
2036
2041
2034
2026
2010
1995
1992
1990
2000
2011
2022
2033
2043
2052
2058
2062
2053
2043
2028
2015
2008
2002
2002
2003
2012
2022
2042
2062
2082
2100
2111
2121
2122
2122
2114
2105
2090
2076
2064
2052
2041
2031
2025
2022
2031
2040
2054
2066
2071
2076
2076
2076
2073
2068
2059
2051
2051
2052
2060
2067
2067
2065
2058
2052
2052
2052
2054
2055
2053
2052
2053
2055
2057
2058
2053
2048
2042
2037
2037
2036
2030
2023
2010
1999
1994
1992
2000
2007
2012
2017
2017
2017
2022
2025
2025
2022
2006
1991
1979
1970
1978
1987
2001
2015
2023
2031
2037
2042
2037
2031
2015
2000
1991
1983
1986
1990
2000
2012
2033
2054
2083
2111
2137
2162
2178
2193
2194
2193
2177
2159
2135
2111
2090
2070
2061
2054
2059
2064
2076
2088
2098
2108
2115
2120
2118
2114
2104
2093
2086
2079
2077
2075
2073
2072
2073
2075
2079
2082
2077
2070
2054
2038
2023
2009
2002
1996
1996
1998
2007
2017
2030
2042
2051
2059
2063
2066
2061
2056
2044
2031
2015
1999
1984
1970
1963
1958
1971
1985
2010
2035
2055
2071
2069
2064
2046
2027
2010
1994
1987
1981
1982
1984
1991
2000
2015
2031
2053
2074
2086
2096
2090
2084
2070
2056
2044
2032
2017
2003
1988
1975
1971
1968
1975
1982
1989
1995
2000
2005
2009
2012
2011
2009
2002
1996
1995
1995
2007
2020
2039
2057
2069
2078
2076
2073
2065
2058
2051
2044
2041
2039
2039
2040
2040
2039
2037
2036
2043
2053
2076
2098
2115
2129
2126
2122
2112
2102
2095
2089
2083
2078
2073
2069
2068
2067
2068
2069
2076
2084
2094
2103
2108
2111
2108
2105
2099
2092
2084
2075
2063
2051
2039
2028
2021
2015
2017
2021
2030
2039
2046
2051
2050
2049
2047
2045
2044
2042
2039
2036
2035
2035
2036
2036
2035
2034
2031
2027
2024
2021
2021
2021
2023
2025
2027
2028
2026
2023
2014
2006
2000
1997
2005
2013
2028
2042
2051
2059
2063
2067
2067
2066
2059
2051
2038
2026
2019
2014
2021
2028
2042
2057
2072
2087
2100
2112
2120
2126
2123
2118
2103
2087
2069
2051
2038
2027
2020
2014
2016
2021
2036
2050
2063
2074
2073
2070
2061
2052
2045
2039
2036
2033
2033
2034
2037
2040
2041
2041
2039
2037
2036
2035
2033
2030
2024
2020
2020
2021
2023
2025
2018
2012
2006
2001
2006
2009
2006
2002
1987
1974
1973
1975
1992
2008
2021
2032
2037
2042
2046
2049
2042
2034
2017
2001
1991
1982
1982
1983
1992
2003
2026
2049
2074
2097
2108
2118
2119
2120
2119
2117
2108
2099
2085
2072
2063
2054
2049
2046
2050
2055
2068
2081
2092
2101
2100
2099
2092
2086
2083
2080
2080
2079
2078
2076
2074
2071
2069
2067
2065
2062
2057
2053
2048
2043
2042
2041
2041
2042
2043
2044
2044
2044
2038
2032
2019
2008
2001
1997
2007
2017
2030
2043
2051
2059
2065
2070
2069
2066
2052
2038
2024
2012
2010
2009
2011
2013
2020
2028
2046
2065
2084
2101
2106
2110
2106
2101
2093
2085
2071
2056
2039
2023
2015
2008
2009
2011
2015
2019
2020
2020
2014
2008
1993
1978
1962
1947
1942
1938
1945
1952
1960
1968
1976
1984
1992
1999
2004
2009
2012
2016
2021
2025
2027
2029
2026
2022
2017
2013
2014
2016
2028
2041
2057
2072
2078
2083
2077
2071
2066
2062
2061
2059
2057
2055
2058
2062
2076
2090
2109
2128
2145
2162
2171
2179
2178
2176
2167
2156
2141
2125
2104
2083
2062
2043
2033
2024
2026
2029
2036
2043
2048
2052
2049
2045
2037
2029
2024
2021
2028
2036
2046
2055
2055
2053
2046
2039
2033
2028
2022
2016
2007
1999
1993
1989
1992
1996
1999
2002
1997
1992
1990
1989
1998
2009
2025
2040
2053
2065
2073
2080
2079
2076
2061
2046
2031
2018
2018
2019
2031
2043
2059
2075
2093
2110
2122
2133
2133
2132
2125
2118
2107
2095
2078
2060
2045
2032
2029
2027
2034
2042
2054
2065
2074
2082
2084
2085
2080
2075
2068
2062
2057
2052
2049
2046
2044
2041
2036
2030
2022
2014
2007
2000
1994
1989
1987
1985
1988
1992
1998
2002
1998
1993
1979
1966
1959
1953
1960
1968
1984
2001
2021
2039
2051
2061
2058
2054
2044
2034
2026
2019
2019
2020
2033
2047
2065
2083
2096
2108
2114
2119
2117
2114
2099
2084
2068
2054
2048
2042
2037
2033
2032
2033
2047
2060
2075
2087
2085
2081
2072
2064
2059
2054
2050
2046
2044
2043
2045
2047
2048
2048
2047
2046
2046
2046
2046
2045
2042
2038
2036
2035
2037
2039
2040
2040
2036
2031
2018
2005
1989
1974
1967
1962
1971
1981
1997
2012
2026
2039
2049
2058
2057
2054
2038
2021
2004
1989
1988
1988
2003
2019
2043
2066
2088
2109
2117
2123
2122
2120
2119
2116
2107
2097
2081
2065
2057
2050
2052
2054
2057
2061
2069
2077
2089
2098
2097
2093
2077
2062
2048
2036
2033
2031
2034
2038
2045
2051
2057
2062
2063
2064
2061
2058
2053
2049
2049
2049
2055
2060
2066
2071
2070
2068
2059
2049
2039
2029
2028
2029
2039
2049
2058
2066
2068
2069
2066
2062
2055
2047
2039
2031
2026
2022
2020
2017
2015
2015
2024
2034
2053
2071
2082
2091
2089
2086
2079
2071
2058
2044
2026
2009
1999
1991
1992
1994
1995
1996
1996
1995
1992
1987
1974
1962
1948
1937
1937
1939
1953
1968
1983
1998
2008
2017
2020
2024
2027
2030
2037
2044
2048
2051
2044
2037
2029
2021
2020
2020
2029
2039
2056
2073
2086
2096
2094
2092
2087
2082
2080
2078
2073
2070
2070
2072
2083
2094
2107
2120
2130
2141
2151
2160
2163
2165
2156
2145
2129
2112
2092
2072
2050
2030
2018
2008
2010
2013
2020
2026
2026
2026
2025
2025
2025
2026
2026
2025
2025
2025
2026
2027
2027
2027
2027
2027
2027
2026
2023
2019
2013
2008
2008
2009
2012
2015
2009
2003
1997
1993
2001
2010
2023
2036
2044
2052
2064
2076
2084
2090
2081
2071
2054
2038
2030
2023
2025
2029
2039
2050
2063
2075
2087
2098
2108
2116
2115
2112
2095
2078
2058
2040
2032
2026
2026
2026
2029
2033
2039
2045
2047
2049
2048
2047
2046
2044
2042
2040
2040
2040
2042
2044
2044
2043
2041
2040
2043
2047
2049
2051
2047
2043
2042
2041
2045
2049
2052
2054
2053
2052
2049
2045
2040
2035
2029
2024
2019
2014
2013
2014
2021
2029
2041
2051
2057
2063
2063
2062
2060
2058
2055
2052
2047
2043
2039
2035
2034
2033
2033
2033
2031
2029
2027
2026
2027
2029
2029
2029
2027
2026
2029
2032
2034
2034
2026
2019
2012
2006
2012
2019
2027
2035
2042
2050
2058
2065
2063
2059
2041
2022
2007
1995
1997
2000
2013
2027
2046
2065
2085
2103
2116
2127
2133
2137
2137
2135
2123
2110
2090
2071
2051
2032
2017
2003
2000
2000
2015
2030
2045
2058
2061
2063
2060
2056
2053
2049
2048
2047
2052
2057
2061
2064
2062
2060
2059
2059
2060
2060
2055
2051
2047
2044
2048
2052
2054
2055
2049
2044
2040
2036
2035
2033
2032
2032
2034
2037
2042
2046
2047
2048
2048
2049
2053
2057
2059
2061
2055
2049
2038
2028
2021
2014
2014
2014
2014
2013
2012
2011
2014
2018
2019
2019
2012
2005
2002
2000
2009
2019
2031
2041
2046
2051
2053
2055
2053
2049
2034
2019
2004
1990
1986
1984
1992
2002
2020
2040
2064
2088
2108
2127
2135
2141
2138
2134
2124
2113
2098
2084
2071
2058
2051
2045
2045
2046
2056
2066
2074
2081
2079
2076
2069
2063
2062
2062
2064
2067
2068
2069
2069
2070
2071
2073
2075
2077
2077
2077
2071
2064
2057
2050
2050
2050
2050
2049
2044
2040
2038
2036
2036
2035
2030
2026
2024
2023
2029
2035
2041
2046
2047
2048
2050
2053
2055
2057
2054
2050
2042
2034
2028
2023
2025
2028
2030
2031
2022
2013
2004
1998
2010
2022
2044
2064
2072
2078
2072
2067
2060
2052
2040
2028
2015
2003
2002
2003
2010
2018
2026
2034
2049
2064
2080
2095
2100
2104
2098
2091
2083
2074
2062
2050
2035
2021
2014
2007
2006
2004
2002
1999
1997
1995
1993
1991
1986
1981
1975
1970
1971
1973
1986
2000
2016
2030
2037
2043
2043
2043
2047
2051
2054
2056
2052
2048
2045
2042
2043
2043
2041
2038
2036
2035
2042
2049
2055
2060
2054
2049
2044
2042
2049
2058
2073
2088
2101
2112
2118
2123
2119
2114
2100
2086
2070
2054
2044
2034
2033
2032
2038
2045
2059
2073
2089
2104
2114
2123
2121
2118
2109
2100
2090
2079
2069
2058
2049
2040
2037
2035
2038
2042
2045
2049
2049
2048
2045
2042
2039
2035
2029
2024
2019
2015
2018
2022
2034
2044
2050
2055
2049
2042
2034
2027
2026
2025
2025
2026
2027
2029
2031
2032
2031
2029
2024
2020
2020
2020
2020
2020
2017
2014
2014
2014
2015
2016
2015
2014
2014
2015
2022
2030
2039
2049
2058
2067
2070
2072
2063
2054
2040
2026
2019
2012
2009
2006
2010
2016
2031
2046
2064
2081
2095
2108
2119
2129
2129
2126
2111
2096
2080
2064
2052
2040
2030
2021
2019
2019
2029
2039
2047
2054
2054
2053
2046
2039
2033
2027
2026
2026
2032
2039
2047
2054
2059
2062
2060
2058
2053
2050
2050
2050
2053
2055
2053
2050
2045
2041
2041
2041
2041
2041
2038
2034
2029
2026
2026
2026
2031
2035
2041
2047
2050
2053
2053
2053
2053
2052
2051
2049
2043
2037
2032
2027
2025
2022
2017
2013
2011
2010
2011
2012
2009
2006
1999
1994
1999
2005
2023
2040
2055
2068
2070
2072
2067
2062
2050
2038
2023
2009
2002
1996
2003
2010
2023
2036
2054
2073
2095
2115
2125
2133
2127
2120
2109
2098
2086
2074
2061
2049
2041
2034
2032
2031
2034
2039
2048
2057
2064
2069
2062
2054
2045
2037
2037
2037
2040
2043
2045
2048
2053
2058
2058
2058
2052
2047
2045
2044
2046
2048
2049
2050
2050
2049
2044
2039
2031
2023
2021
2019
2021
2023
2023
2023
2023
2024
2031
2037
2043
2049
2051
2052
2052
2051
2048
2045
2042
2038
2037
2035
2035
2035
2035
2035
2034
2033
2026
2019
2015
2013
2022
2033
2049
2064
2071
2078
2078
2078
2077
2076
2070
2064
2051
2039
2031
2024
2028
2033
2045
2056
2069
2081
2095
2109
2123
2135
2135
2134
2121
2109
2095
2081
2069
2058
2049
2041
2040
2039
2042
2046
2047
2048
2050
2052
2054
2055
2049
2042
2033
2026
2028
2031
2038
2045
2049
2053
2059
2064
2069
2072
2067
2062
2054
2047
2045
2043
2046
2049
2052
2054
2054
2052
2045
2037
2028
2020
2018
2016
2018
2020
2021
2023
2023
2022
2020
2018
2014
2011
2012
2015
2026
2037
2046
2053
2046
2037
2021
2006
1993
1981
1973
1965
1957
1950
1945
1942
1945
1950
1964
1980
2005
2030
2053
2075
2084
2092
2092
2092
2092
2090
2082
2072
2057
2043
2039
2036
2043
2049
2051
2052
2051
2050
2052
2053
2052
2051
2044
2037
2036
2037
2049
2061
2076
2089
2096
2103
2104
2105
2104
2103
2098
2092
2083
2074
2067
2061
2060
2058
2053
2046
2030
2015
2000
1988
1991
1997
2015
2032
2047
2060
2066
2071
2074
2077
2078
2078
2074
2070
2065
2060
2057
2054
2055
2057
2064
2072
2082
2091
2097
2101
2099
2095
2085
2074
2061
2048
2038
2028
2023
2020
2022
2026
2036
2046
2058
2068
2070
2070
2063
2055
2043
2031
2022
2014
2012
2011
2012
2014
2016
2018
2018
2019
2020
2021
2023
2025
2027
2029
2029
2030
2031
2032
2034
2037
2037
2036
2035
2034
2033
2031
2024
2017
2007
1998
1995
1993
2002
2013
2033
2052
2068
2083
2083
2081
2067
2054
2042
2032
2025
2018
2012
2008
2015
2023
2041
2059
2075
2091
2102
2112
2117
2119
2110
2099
2084
2070
2061
2051
2043
2034
2026
2019
2019
2021
2029
2038
2047
2056
2059
2060
2053
2045
2037
2031
2033
2036
2040
2044
2044
2045
2047
2049
2049
2049
2046
2044
2046
2049
2056
2061
2059
2057
2052
2047
2045
2043
2042
2040
2036
2032
2029
2026
2026
2026
2028
2031
2033
2036
2037
2039
2041
2044
2045
2045
2039
2034
2031
2028
2029
2029
2022
2015
2003
1994
1995
1998
2011
2024
2033
2042
2045
2049
2049
2048
2042
2036
2024
2013
2005
1999
2001
2004
2016
2029
2046
2064
2080
2096
2108
2119
2123
2126
2120
2113
2098
2083
2065
2048
2035
2024
2023
2022
2028
2034
2042
2051
2060
2069
2070
2070
2060
2049
2041
2035
2037
2040
2045
2050
2052
2055
2056
2056
2053
2050
2048
2047
2051
2055
2060
2064
2063
2062
2058
2054
2051
2048
2046
2043
2042
2042
2042
2043
2043
2043
2045
2047
2050
2053
2054
2055
2055
2056
2056
2056
2053
2050
2046
2043
2043
2044
2044
2042
2033
2023
2015
2009
2018
2028
2045
2060
2065
2068
2062
2057
2053
2049
2043
2037
2027
2017
2013
2011
2018
2026
2036
2047
2060
2073
2089
2105
2114
2122
2117
2111
2102
2093
2085
2077
2065
2054
2044
2034
2033
2032
2039
2047
2054
2061
2066
2070
2067
2063
2049
2036
2023
2012
2014
2017
2030
2042
2049
2055
2054
2054
2054
2053
2053
2051
2042
2032
2019
2008
2007
2006
2009
2012
2008
2003
1996
1989
1983
1978
1978
1979
1989
2000
2013
2023
2021
2018
2009
2000
1994
1988
1982
1977
1972
1968
1971
1976
1986
1997
2014
2033
2059
2084
2105
2123
2128
2132
2130
2126
2116
2105
2086
2068
2054
2042
2042
2042
2044
2047
2050
2054
2065
2076
2088
2097
2096
2095
2088
2083
2083
2084
2086
2088
2084
2080
2074
2068
2063
2058
2051
2044
2038
2033
2038
2042
2044
2045
2032
2020
2008
1998
2004
2011
2026
2040
2050
2060
2066
2070
2068
2064
2053
2042
2033
2026
2026
2026
2033
2040
2051
2062
2076
2089
2097
2105
2107
2108
2107
2104
2096
2086
2067
2048
2030
2013
2007
2003
2007
2012
2021
2030
2043
2054
2060
2065
2059
2052
2044
2037
2032
2028
2027
2027
2029
2031
2033
2034
2032
2029
2026
2023
2022
2022
2023
2024
2029
2033
2037
2040
2038
2036
2033
2030
2030
2029
2024
2019
2009
1999
1997
1996
2005
2014
2028
2042
2057
2070
2077
2083
2076
2069
2054
2040
2027
2016
2013
2011
2018
2026
2036
2047
2059
2072
2088
2103
2115
2125
2120
2113
2098
2084
2069
2054
2039
2025
2015
2006
2011
2017
2031
2044
2051
2058
2058
2058
2053
2048
2041
2035
2034
2033
2038
2043
2048
2052
2053
2054
2054
2054
2054
2053
2049
2045
2045
2045
2049
2053
2053
2052
2045
2039
2035
2031
2030
2030
2030
2030
2031
2032
2033
2034
2035
2037
2043
2048
2055
2061
2061
2060
2054
2048
2041
2035
2029
2023
2020
2016
2014
2012
2011
2010
2013
2016
2023
2028
2022
2015
2004
1995
2000
2007
2022
2037
2048
2058
2065
2071
2071
2068
2052
2036
2016
1999
1994
1992
2002
2013
2031
2049
2069
2088
2104
2120
2130
2140
2140
2138
2123
2108
2087
2067
2054
2043
2036
2029
2023
2019
2021
2025
2038
2051
2062
2071
2070
2068
2060
2052
2049
2046
2050
2054
2058
2062
2063
2063
2061
2059
2056
2053
2052
2052
2055
2058
2060
2061
2060
2058
2056
2054
2048
2041
2032
2024
2021
2018
2020
2022
2025
2029
2036
2043
2049
2054
2054
2053
2049
2045
2040
2036
2029
2022
2015
2008
2003
1999
1992
1985
1981
1979
1987
1996
2010
2023
2031
2039
2044
2049
2050
2049
2042
2034
2024
2016
2016
2017
2030
2044
2061
2079
2095
2111
2124
2136
2141
2145
2140
2135
2122
2108
2093
2079
2069
2060
2057
2054
2056
2060
2068
2076
2084
2091
2093
2094
2088
2081
2069
2058
2050
2043
2043
2044
2049
2053
2053
2053
2052
2050
2050
2049
2048
2046
2046
2046
2050
2054
2058
2061
2059
2056
2049
2043
2040
2037
2037
2036
2034
2031
2027
2023
2020
2018
2019
2020
2023
2027
2032
2036
2036
2035
2028
2022
2022
2023
2033
2042
2048
2053
2046
2038
2029
2019
2010
2001
1991
1981
1974
1968
1968
1969
1972
1977
1989
2001
2022
2042
2054
2064
2059
2054
2047
2041
2036
2030
2021
2013
2007
2003
2008
2013
2018
2023
2023
2024
2026
2029
2033
2036
2033
2030
2025
2022
2030
2040
2057
2073
2080
2086
2081
2077
2078
2081
2088
2095
2097
2098
2096
2095
2096
2096
2090
2084
2071
2058
2047
2037
2034
2031
2035
2040
2053
2065
2075
2084
2086
2087
2085
2082
2076
2069
2059
2050
2047
2045
2051
2056
2059
2063
2067
2072
2084
2096
2104
2111
2106
2101
2088
2076
2063
2051
2038
2026
2018
2011
2012
2014
2022
2030
2041
2051
2057
2062
2059
2056
2049
2043
2041
2038
2038
2037
2037
2037
2038
2039
2037
2034
2026
2018
2015
2012
2016
2020
2022
2024
2024
2024
2025
2027
2027
2027
2026
2026
2026
2026
2023
2019
2013
2007
2007
2007
2010
2014
2021
2029
2044
2058
2066
2072
2065
2057
2045
2035
2029
2024
2021
2019
2025
2032
2048
2065
2080
2094
2102
2110
2115
2118
2114
2109
2095
2082
2068
2054
2042
2032
2025
2020
2022
2026
2036
2047
2056
2065
2065
2063
2055
2046
2038
2032
2032
2032
2036
2040
2042
2045
2047
2050
2051
2052
2051
2050
2048
2046
2046
2047
2053
2059
2064
2067
2062
2057
2050
2043
2042
2040
2040
2039
2038
2036
2036
2036
2037
2038
2041
2045
2052
2059
2062
2064
2057
2050
2043
2036
2033
2029
2023
2018
2013
2008
2007
2007
2007
2007
2007
2006
2004
2001
1994
1987
1984
1982
1991
2000
2013
2025
2033
2040
2045
2049
2043
2036
2019
2001
1986
1972
1971
1972
1981
1991
2009
2028
2051
2073
2093
2111
2120
2129
2129
2128
2122
2116
2109
2102
2095
2088
2084
2080
2079
2078
2078
2078
2081
2085
2092
2098
2099
2099
2092
2086
2081
2078
2081
2084
2087
2091
2092
2093
2092
2091
2085
2078
2070
2062
2059
2057
2059
2061
2061
2061
2059
2055
2048
2040
2032
2026
2026
2026
2032
2038
2039
2039
2039
2039
2043
2047
2048
2048
2041
2035
2033
2031
2034
2037
2037
2036
2030
2023
2014
2006
2000
1996
2003
2010
2022
2033
2035
2037
2030
2024
2020
2016
2011
2005
1995
1985
1982
1980
1987
1994
2001
2009
2017
2025
2038
2050
2055
2057
2048
2038
2027
2016
2008
2000
1993
1987
1988
1991
2000
2008
2014
2019
2023
2027
2034
2041
2042
2042
2034
2027
2024
2022
2029
2037
2050
2063
2070
2077
2077
2076
2075
2075
2081
2086
2091
2095
2094
2093
2094
2096
2099
2100
2092
2082
2066
2052
2046
2041
2048
2054
2061
2068
2073
2077
2078
2078
2077
2076
2073
2070
2064
2057
2049
2041
2036
2033
2039
2045
2057
2068
2080
2091
2098
2105
2105
2103
2095
2086
2073
2060
2047
2035
2025
2016
2011
2008
2015
2022
2035
2048
2055
2061
2058
2054
2047
2040
2034
2030
2030
2030
2032
2035
2038
2041
2043
2045
2044
2043
2037
2032
2027
2022
2022
2022
2024
2026
2027
2028
2029
2031
2031
2031
2029
2027
2025
2022
2021
2021
2021
2021
2023
2025
2027
2028
2025
2022
2017
2013
2014
2016
2025
2034
2041
2048
2049
2050
2051
2052
2052
2050
2039
2028
2016
2006
2008
2011
2024
2036
2051
2066
2084
2103
2119
2132
2132
2130
2116
2101
2086
2070
2055
2041
2028
2017
2014
2012
2019
2027
2039
2050
2058
2064
2062
2058
2048
2039
2032
2027
2030
2034
2041
2047
2049
2051
2051
2052
2052
2053
2053
2053
2054
2055
2056
2057
2055
2052
2048
2045
2045
2044
2043
2041
2034
2028
2026
2024
2028
2032
2035
2038
2040
2043
2046
2049
2050
2051
2051
2050
2048
2045
2036
2026
2018
2012
2013
2015
2016
2016
2014
2013
2016
2018
2017
2014
2006
1999
2005
2012
2030
2048
2056
2063
2063
2062
2062
2060
2050
2039
2024
2010
2004
2000
2004
2009
2019
2030
2051
2072
2093
2113
2122
2130
2129
2127
2115
2103
2083
2065
2051
2037
2030
2023
2017
2013
2018
2024
2038
2050
2056
2060
2055
2051
2047
2043
2041
2040
2043
2046
2053
2060
2062
2064
2064
2064
2066
2068
2069
2071
2072
2073
2078
2081
2080
2078
2070
2063
2061
2059
2059
2059
2055
2051
2049
2047
2053
2058
2065
2072
2075
2077
2075
2073
2067
2062
2056
2051
2044
2038
2033
2030
2030
2029
2024
2017
2001
1987
1980
1977
1995
2014
2036
2057
2065
2071
2069
2067
2060
2052
2039
2027
2018
2010
2009
2008
2013
2019
2033
2047
2069
2089
2104
2117
2118
2119
2114
2109
2102
2094
2082
2070
2055
2042
2035
2028
2027
2026
2025
2024
2024
2025
2028
2031
2024
2015
1995
1977
1967
1958
1965
1973
1980
1986
1985
1985
1986
1987
1993
1998
2000
2003
2003
2003
2008
2012
2015
2018
2017
2015
2014
2013
2018
2022
2027
2031
2029
2027
2024
2021
2027
2033
2047
2061
2074
2086
2094
2101
2105
2109
2109
2108
2102
2096
2085
2074
2065
2058
2060
2064
2077
2089
2101
2113
2121
2128
2133
2137
2135
2131
2120
2109
2099
2089
2079
2069
2056
2044
2038
2033
2038
2043
2047
2050
2046
2042
2036
2030
2025
2021
2021
2021
2023
2025
2030
2034
2040
2046
2048
2050
2048
2045
2043
2041
2040
2039
2033
2027
2024
2022
2025
2028
2025
2020
2011
2004
2004
2005
2006
2007
2000
1993
1992
1993
2005
2016
2030
2045
2061
2077
2088
2096
2086
2074
2053
2033
2023
2014
2013
2012
2018
2026
2044
2062
2079
2096
2103
2110
2113
2116
2111
2105
2089
2073
2058
2045
2038
2032
2025
2018
2018
2019
2032
2044
2052
2058
2053
2049
2044
2039
2037
2035
2032
2028
2028
2028
2034
2039
2042
2044
2044
2043
2042
2042
2044
2046
2051
2055
2056
2057
2055
2052
2047
2042
2037
2033
2031
2028
2027
2027
2027
2028
2029
2030
2035
2039
2046
2052
2057
2062
2063
2064
2059
2054
2045
2036
2031
2026
2026
2025
2023
2021
2019
2016
2016
2015
2012
2010
2011
2012
2019
2025
2024
2022
2012
2004
2006
2010
2025
2040
2053
2065
2068
2070
2065
2059
2046
2033
2018
2004
1996
1990
1996
2003
2020
2038
2059
2080
2099
2117
2130
2140
2139
2136
2124
2112
2103
2093
2081
2069
2051
2033
2023
2014
2018
2023
2032
2041
2049
2056
2061
2065
2061
2056
2046
2037
2035
2034
2042
2050
2057
2063
2063
2062
2056
2051
2050
2049
2052
2056
2058
2060
2060
2059
2055
2051
2044
2038
2033
2029
2027
2026
2027
2028
2033
2037
2042
2047
2050
2053
2056
2059
2058
2056
2048
2040
2034
2029
2028
2027
2024
2021
2020
2020
2020
2018
2010
2002
1996
1993
2005
2016
2028
2039
2042
2045
2050
2053
2053
2051
2036
2022
2010
2000
2000
2000
2000
2002
2010
2019
2041
2062
2080
2097
2102
2106
2105
2104
2098
2092
2080
2068
2056
2044
2037
2031
2032
2034
2047
2061
2076
2090
2092
2092
2083
2075
2069
2063
2062
2061
2061
2061
2065
2069
2073
2076
2075
2073
2071
2070
2074
2078
2079
2078
2071
2064
2059
2056
2056
2056
2051
2047
2040
2033
2032
2031
2031
2030
2028
2027
2027
2028
2031
2034
2036
2038
2043
2048
2052
2054
2046
2036
2019
2004
2002
2002
2019
2037
2054
2068
2068
2066
2053
2040
2030
2019
2012
2004
1997
1991
1992
1996
2011
2027
2047
2067
2087
2106
2122
2136
2136
2135
2122
2110
2099
2088
2076
2064
2048
2034
2030
2028
2035
2042
2042
2041
2041
2041
2048
2053
2046
2038
2020
2003
1998
1995
2007
2018
2026
2034
2035
2036
2033
2029
2021
2012
2004
1997
1990
1983
1976
1969
1967
1965
1970
1974
1981
1988
1993
1997
1997
1997
1994
1991
1992
1996
2012
2029
2052
2073
2087
2099
2097
2094
2081
2068
2054
2042
2036
2032
2033
2036
2043
2052
2068
2085
2107
2129
2148
2165
2171
2175
2167
2157
2141
2124
2109
2094
2082
2071
2063
2056
2051
2048
2049
2050
2054
2058
2058
2057
2050
2043
2036
2029
2029
2029
2032
2036
2038
2041
2042
2043
2043
2042
2039
2036
2036
2036
2040
2043
2042
2040
2033
2027
2024
2020
2018
2016
2010
2005
2000
1995
1992
1988
1988
1989
1999
2011
2031
2051
2067
2081
2087
2091
2087
2082
2068
2054
2037
2021
2014
2009
2018
2028
2046
2065
2083
2100
2109
2116
2114
2111
2103
2095
2081
2066
2050
2035
2028
2022
2027
2032
2039
2045
2048
2051
2054
2056
2055
2053
2046
2040
2035
2030
2027
2024
2024
2024
2031
2038
2045
2051
2051
2050
2047
2044
2047
2050
2054
2057
2057
2056
2052
2048
2045
2041
2038
2034
2029
2025
2020
2015
2012
2009
2010
2013
2020
2027
2033
2037
2034
2029
2022
2016
2016
2016
2023
2031
2039
2046
2049
2052
2049
2045
2035
2025
2013
2001
1993
1987
1990
1995
2010
2026
2045
2064
2079
2094
2107
2119
2126
2130
2121
2111
2091
2071
2051
2033
2020
2009
2008
2009
2020
2031
2045
2059
2067
2075
2075
2074
2067
2061
2058
2056
2059
2062
2064
2065
2065
2065
2066
2066
2066
2065
2060
2056
2053
2051
2051
2050
2047
2044
2037
2030
2024
2019
2016
2013
2013
2013
2013
2014
2014
2013
2012
2011
2011
2012
2012
2012
2010
2007
2005
2003
2003
2003
2000
1995
1987
1981
1981
1984
2000
2017
2038
2058
2073
2086
2093
2099
2097
2094
2080
2067
2054
2043
2046
2052
2067
2082
2095
2108
2120
2132
2145
2157
2158
2157
2143
2130
2121
2113
2108
2103
2090
2077
2062
2048
2046
2044
2051
2057
2064
2071
2074
2077
2072
2066
2054
2043
2035
2029
2029
2030
2033
2036
2041
2045
2050
2054
2051
2046
2036
2025
2017
2009
2007
2006
2009
2013
2018
2022
2024
2026
2029
2033
2040
2047
2050
2051
2039
2028
2014
2003
2003
2006
2021
2037
2058
2077
2091
2102
2101
2099
2084
2069
2051
2034
2021
2010
2008
2007
2014
2022
2035
2048
2064
2079
2093
2106
2106
2103
2088
2072
2051
2031
2013
1994
1976
1959
1945
1933
1926
1919
1914
1909
1907
1906
1910
1914
1915
1915
1911
1909
1922
1937
1970
2004
2036
2067
2085
2103
2112
2121
2122
2122
2116
2110
2104
2097
2089
2080
2060
2039
2016
1996
1990
1988
2010
2034
2073
2111
2146
2177
2191
2203
2196
2188
2172
2157
2143
2129
2119
2108
2098
2089
2083
2079
2083
2087
2094
2099
2097
2094
2084
2073
2058
2043
2028
2015
2008
2003
2005
2009
2017
2025
2037
2049
2057
2064
2058
2052
2038
2025
2018
2013
2015
2018
2024
2030
2034
2037
2034
2031
2024
2017
2014
2010
2010
2010
2011
2012
2016
2020
2023
2026
2022
2018
2014
2011
2017
2023
2033
2044
2054
2064
2071
2076
2075
2072
2062
2051
2034
2018
2003
1991
1994
2000
2021
2041
2059
2076
2087
2098
2108
2118
2122
2124
2114
2103
2087
2071
2056
2041
2027
2015
2011
2009
2019
2030
2045
2058
2060
2062
2054
2047
2039
2032
2030
2027
2026
2026
2028
2031
2034
2038
2038
2038
2038
2039
2040
2041
2037
2033
2029
2026
2028
2029
2027
2025
2017
2011
2012
2013
2017
2019
2011
2003
1997
1994
2007
2020
2036
2052
2062
2071
2079
2085
2083
2079
2063
2048
2033
2020
2015
2011
2013
2017
2029
2042
2061
2080
2096
2112
2120
2127
2127
2125
2116
2107
2095
2083
2072
2061
2047
2034
2025
2017
2024
2031
2046
2059
2062
2064
2055
2045
2037
2030
2030
2030
2031
2033
2034
2036
2037
2037
2036
2036
2037
2039
2043
2046
2045
2044
2038
2033
2033
2034
2037
2040
2035
2029
2020
2012
2007
2004
2004
2004
2009
2013
2019
2024
2025
2026
2026
2026
2026
2025
2018
2010
2000
1991
1991
1991
1997
2003
2010
2016
2023
2029
2031
2032
2025
2018
2006
1995
1991
1989
2002
2016
2040
2065
2090
2116
2139
2162
2177
2190
2187
2182
2164
2146
2129
2112
2098
2084
2072
2061
2058
2057
2066
2075
2083
2089
2089
2088
2081
2074
2066
2059
2054
2049
2049
2049
2054
2059
2066
2072
2071
2070
2062
2054
2046
2039
2034
2029
2028
2028
2031
2034
2037
2041
2042
2043
2042
2040
2035
2031
2026
2021
2018
2014
2008
2003
2003
2004
2019
2034
2056
2076
2085
2092
2087
2081
2069
2057
2041
2026
2011
1997
1992
1988
1995
2003
2015
2027
2037
2048
2060
2071
2084
2096
2101
2104
2095
2086
2073
2062
2055
2047
2039
2031
2019
2007
1996
1985
1976
1967
1958
1950
1943
1936
1933
1930
1932
1935
1948
1962
1984
2006
2026
2045
2053
2061
2061
2061
2060
2059
2059
2058
2058
2057
2055
2051
2041
2031
2017
2005
2002
2000
2013
2026
2048
2069
2092
2113
2126
2136
2133
2129
2119
2110
2104
2099
2094
2090
2083
2076
2075
2075
2083
2091
2103
2114
2120
2125
2122
2117
2107
2097
2082
2067
2050
2034
2022
2012
2013
2016
2027
2038
2047
2055
2055
2054
2046
2037
2028
2019
2019
2019
2024
2028
2033
2038
2041
2044
2041
2037
2029
2022
2019
2016
2015
2013
2011
2009
2015
2021
2027
2030
2022
2013
2005
1999
2008
2017
2030
2042
2050
2057
2064
2069
2068
2066
2054
2043
2032
2022
2019
2016
2022
2029
2045
2060
2075
2090
2098
2106
2114
2120
2119
2115
2095
2075
2054
2035
2026
2018
2011
2005
2006
2009
2026
2042
2054
2063
2056
2050
2043
2037
2038
2038
2037
2036
2036
2036
2042
2048
2051
2054
2052
2050
2049
2047
2046
2045
2043
2041
2043
2045
2048
2051
2045
2038
2030
2022
2022
2022
2022
2022
2020
2018
2021
2025
2032
2038
2037
2036
2029
2024
2026
2028
2035
2041
2043
2046
2046
2047
2047
2047
2042
2036
2023
2011
2000
1991
1993
1997
2012
2028
2046
2065
2080
2095
2107
2118
2122
2125
2118
2110
2097
2085
2071
2057
2040
2023
2011
2003
2011
2021
2038
2055
2065
2074
2074
2074
2069
2065
2059
2055
2055
2055
2058
2061
2059
2057
2051
2046
2046
2046
2049
2051
2051
2050
2048
2045
2042
2039
2036
2032
2027
2023
2015
2008
2000
1993
1993
1993
2000
2006
2011
2016
2017
2017
2015
2013
2010
2008
2009
2010
2011
2012
2006
2001
1995
1990
1997
2004
2019
2033
2046
2059
2069
2078
2082
2084
2076
2068
2056
2046
2045
2046
2058
2071
2087
2103
2118
2134
2149
2164
2173
2179
2171
2162
2140
2118
2097
2078
2064
2050
2040
2030
2028
2027
2035
2044
2054
2063
2068
2072
2071
2070
2062
2054
2046
2038
2037
2037
2040
2043
2046
2049
2053
2057
2059
2060
2056
2052
2047
2043
2043
2042
2040
2037
2035
2034
2037
2041
2041
2040
2034
2029
2024
2019
2016
2014
2014
2014
2020
2026
2031
2035
2033
2032
2037
2043
2059
2074
2082
2088
2079
2068
2051
2035
2021
2007
1998
1989
1986
1984
1988
1992
2000
2008
2021
2035
2051
2066
2075
2082
2080
2077
2068
2057
2040
2023
2003
1984
1972
1962
1961
1961
1961
1961
1963
1966
1975
1984
1992
1999
2000
2001
2004
2009
2021
2032
2046
2059
2071
2082
2090
2096
2094
2090
2082
2075
2069
2064
2061
2058
2055
2053
2054
2055
2060
2065
2070
2074
2082
2090
2101
2111
2114
2116
2108
2099
2089
2080
2077
2073
2071
2069
2063
2057
2050
2044
2046
2051
2066
2082
2097
2111
2118
2124
2124
2122
2111
2099
2081
2063
2048
2033
2024
2015
2008
2002
2005
2011
2026
2041
2049
2055
2049
2043
2035
2028
2026
2025
2025
2026
2027
2028
2030
2032
2032
2032
2028
2024
2021
2019
2024
2028
2030
2032
2025
2018
2016
2015
2020
2023
2016
2008
1999
1992
2001
2012
2029
2044
2051
2057
2060
2064
2065
2065
2057
2048
2035
2024
2019
2015
2022
2031
2048
2066
2081
2095
2101
2107
2109
2111
2108
2103
2087
2071
2053
2036
2028
2020
2017
2014
2016
2020
2032
2043
2052
2059
2059
2058
2052
2046
2041
2037
2037
2037
2039
2041
2040
2039
2036
2034
2036
2039
2043
2047
2048
2048
2048
2048
2049
2051
2053
2054
2053
2052
2046
2040
2034
2028
2028
2028
2028
2028
2025
2023
2025
2027
2032
2037
2037
2037
2037
2038
2041
2042
2034
2026
2011
1997
1997
1998
2012
2026
2039
2051
2057
2061
2060
2058
2048
2037
2023
2010
2002
1995
1996
1998
2011
2025
2048
2070
2091
2110
2120
2129
2129
2128
2120
2110
2093
2075
2057
2039
2026
2014
2010
2007
2014
2022
2038
2054
2068
2079
2078
2075
2064
2054
2049
2045
2049
2053
2059
2065
2067
2069
2067
2064
2060
2056
2056
2056
2056
2055
2051
2047
2044
2041
2042
2044
2044
2044
2039
2034
2028
2022
2017
2013
2013
2013
2015
2017
2018
2018
2018
2018
2020
2023
2025
2026
2019
2013
2008
2005
2011
2017
2017
2016
2006
1997
1997
2000
2017
2035
2051
2066
2074
2081
2084
2086
2082
2077
2069
2062
2057
2052
2052
2052
2058
2064
2078
2093
2110
2127
2140
2151
2151
2149
2137
2126
2112
2099
2090
2081
2070
2059
2049
2041
2041
2042
2046
2050
2052
2054
2057
2060
2058
2054
2041
2029
2023
2019
2029
2039
2048
2057
2058
2059
2059
2058
2057
2056
2052
2048
2046
2045
2047
2050
2051
2051
2048
2044
2037
2031
2025
2020
2019
2018
2016
2014
2011
2008
2013
2017
2023
2028
2022
2017
2012
2010
2024
2038
2054
2067
2064
2060
2045
2031
2017
2003
1992
1981
1973
1965
1963
1962
1965
1969
1977
1986
2001
2017
2034
2051
2060
2067
2066
2065
2062
2059
2057
2055
2050
2045
2039
2034
2032
2031
2032
2034
2038
2042
2044
2045
2038
2031
2023
2016
2021
2027
2039
2050
2057
2064
2070
2077
2085
2093
2095
2097
2095
2093
2091
2088
2083
2078
2070
2062
2054
2046
2037
2029
2027
2026
2037
2048
2062
2074
2079
2083
2083
2082
2079
2075
2066
2058
2050
2043
2043
2043
2047
2052
2063
2074
2088
2101
2108
2113
2110
2107
2102
2096
2086
2074
2056
2039
2025
2012
2009
2007
2013
2020
2031
2042
2051
2059
2058
2056
2048
2041
2036
2033
2035
2037
2037
2037
2035
2033
2033
2034
2037
2039
2034
2028
2018
2008
2006
2004
2008
2012
2012
2012
2012
2012
2015
2018
2017
2016
2010
2006
2008
2010
2017
2023
2028
2034
2046
2058
2071
2082
2076
2068
2050
2033
2025
2019
2020
2022
2024
2027
2037
2048
2069
2089
2107
2124
2129
2131
2120
2108
2090
2073
2059
2046
2036
2026
2017
2009
2012
2018
2034
2049
2058
2065
2059
2053
2045
2037
2032
2029
2029
2030
2033
2037
2038
2039
2041
2043
2046
2048
2048
2047
2046
2044
2044
2043
2041
2039
2038
2037
2038
2038
2035
2031
2025
2019
2017
2014
2011
2007
2006
2006
2016
2026
2034
2039
2031
2024
2019
2016
2024
2032
2040
2047
2052
2057
2059
2061
2054
2047
2033
2020
2012
2005
2003
2002
2006
2012
2028
2046
2069
2092
2109
2125
2132
2137
2130
2123
2108
2093
2078
2063
2048
2034
2022
2013
2013
2015
2028
2040
2051
2060
2060
2059
2053
2047
2046
2045
2046
2048
2048
2049
2052
2055
2062
2067
2067
2065
2057
2050
2048
2046
2049
2052
2050
2048
2043
2040
2040
2040
2037
2032
2024
2017
2015
2014
2017
2020
2020
2020
2020
2020
2023
2027
2034
2040
2046
2050
2047
2043
2030
2019
2013
2009
2016
2024
2034
2044
2055
2066
2075
2082
2076
2069
2050
2032
2018
2005
2005
2006
2020
2035
2059
2084
2107
2128
2140
2149
2148
2145
2134
2122
2106
2091
2076
2062
2049
2036
2027
2020
2022
2026
2035
2043
2050
2057
2062
2065
2064
2063
2056
2049
2044
2041
2044
2048
2051
2054
2054
2055
2056
2056
2053
2050
2046
2043
2044
2045
2049
2053
2056
2060
2060
2060
2055
2049
2041
2033
2027
2023
2023
2023
2023
2023
2022
2021
2021
2021
2026
2031
2036
2039
2035
2031
2026
2022
2030
2038
2052
2065
2067
2067
2057
2047
2038
2028
2020
2012
2001
1991
1984
1978
1982
1987
1999
2010
2025
2041
2057
2073
2082
2089
2085
2080
2070
2059
2045
2032
2017
2002
1993
1986
1990
1994
2001
2007
2009
2011
2014
2018
2023
2027
2027
2027
2031
2036
2046
2056
2062
2067
2067
2068
2071
2075
2076
2077
2075
2074
2075
2075
2073
2069
2061
2055
2055
2055
2055
2054
2044
2035
2033
2033
2048
2063
2077
2088
2088
2087
2086
2084
2083
2082
2078
2074
2067
2059
2050
2042
2038
2036
2048
2060
2079
2097
2107
2116
2116
2114
2106
2098
2084
2070
2057
2044
2036
2029
2024
2021
2023
2026
2037
2048
2057
2065
2064
2062
2053
2043
2032
2022
2015
2009
2009
2010
2016
2022
2028
2033
2035
2037
2037
2036
2034
2031
2028
2026
2026
2026
2028
2031
2033
2034
2031
2028
2025
2022
2022
2021
2016
2010
2001
1994
1995
1997
2011
2024
2037
2050
2062
2073
2081
2087
2080
2071
2051
2032
2018
2006
2006
2007
2017
2028
2044
2061
2077
2092
2104
2114
2116
2117
2106
2095
2080
2067
2059
2052
2044
2036
2028
2021
2023
2027
2038
2048
2052
2055
2053
2051
2046
2041
2033
2025
2025
2026
2036
2045
2048
2051
2046
2043
2044
2045
2049
2052
2052
2052
2052
2052
2052
2052
2047
2042
2037
2033
2032
2031
2026
2021
2016
2012
2014
2016
2023
2030
2035
2040
2041
2042
2042
2042
2043
2044
2041
2037
2025
2014
2006
1999
2002
2007
2016
2026
2037
2048
2057
2065
2062
2056
2041
2026
2016
2006
2004
2003
2006
2011
2026
2043
2068
2091
2106
2119
2120
2121
2120
2117
2109
2100
2082
2064
2047
2031
2021
2012
2008
2006
2014
2023
2043
2062
2074
2082
2074
2066
2055
2045
2043
2042
2044
2046
2048
2051
2053
2056
2056
2055
2050
2046
2043
2041
2045
2049
2055
2060
2059
2058
2050
2043
2036
2029
2027
2025
2025
2025
2027
2029
2031
2032
2031
2031
2033
2035
2041
2047
2047
2047
2039
2032
2029
2026
2027
2027
2021
2015
2004
1995
1996
1999
2017
2034
2049
2063
2064
2065
2064
2062
2058
2053
2039
2025
2015
2008
2021
2035
2063
2092
2125
2158
2184
2206
2201
2191
2153
2115
2080
2048
2037
2028
2030
2032
2040
2047
2054
2060
2058
2055
2053
2053
2062
2070
2075
2078
2068
2058
2050
2043
2044
2045
2048
2051
2055
2058
2056
2053
2038
2024
2009
1996
1996
1998
2013
2029
2047
2064
2075
2084
2080
2075
2060
2045
2033
2022
2016
2011
2010
2010
2016
2023
2033
2042
2043
2042
2034
2026
2025
2026
2036
2047
2056
2065
2067
2068
2065
2060
2048
2035
2018
2002
1992
1983
1984
1986
1993
2001
2010
2019
2034
2050
2065
2079
2082
2083
2073
2063
2049
2035
2022
2009
1998
1988
1984
1981
1984
1987
1992
1997
2000
2004
2006
2008
2006
2003
2001
2001
2009
2017
2032
2046
2054
2060
2059
2058
2056
2055
2057
2059
2060
2062
2062
2063
2065
2068
2071
2073
2067
2062
2055
2049
2057
2065
2080
2094
2099
2102
2099
2095
2094
2092
2087
2083
2075
2068
2066
2063
2063
2062
2061
2062
2072
2083
2100
2117
2127
2135
2131
2126
2112
2097
2080
2064
2049
2036
2029
2024
2026
2028
2036
2043
2049
2053
2049
2045
2038
2032
2027
2023
2019
2015
2015
2015
2021
2026
2030
2033
2033
2032
2031
2030
2029
2029
2029
2030
2032
2034
2031
2027
2019
2012
2005
1999
1997
1996
1997
1998
2003
2008
2017
2026
2039
2052
2062
2071
2070
2068
2058
2048
2038
2029
2023
2019
2023
2029
2045
2061
2078
2094
2102
2109
2113
2116
2113
2108
2092
2076
2056
2038
2026
2016
2013
2010
2015
2020
2032
2043
2050
2056
2054
2052
2048
2044
2042
2040
2039
2037
2037
2037
2038
2040
2041
2042
2042
2041
2039
2037
2037
2037
2039
2042
2044
2046
2047
2048
2048
2047
2045
2043
2039
2035
2030
2025
2022
2020
2020
2020
2022
2024
2027
2030
2034
2038
2041
2043
2042
2040
2031
2022
2012
2002
2000
2000
2010
2020
2035
2050
2060
2068
2066
2063
2050
2037
2024
2013
2009
2006
2010
2015
2028
2041
2060
2079
2096
2112
2120
2127
2127
2126
2119
2111
2097
2082
2066
2051
2039
2028
2024
2021
2027
2034
2047
2059
2069
2078
2078
2077
2068
2058
2049
2042
2042
2043
2045
2048
2048
2047
2045
2043
2038
2033
2030
2028
2034
2040
2043
2045
2038
2031
2030
2029
2034
2037
2035
2033
2028
2024
2024
2024
2024
2024
2026
2029
2035
2041
2043
2044
2043
2042
2041
2040
2036
2032
2030
2029
2030
2031
2024
2017
2005
1996
1999
2003
2018
2032
2042
2052
2058
2063
2063
2062
2052
2042
2027
2013
2006
2000
2006
2012
2025
2037
2052
2068
2083
2098
2110
2120
2120
2118
2105
2093
2079
2066
2058
2051
2045
2039
2037
2035
2042
2049
2063
2076
2085
2092
2089
2084
2075
2066
2062
2058
2058
2058
2060
2062
2070
2077
2082
2086
2081
2077
2071
2067
2069
2072
2072
2072
2067
2063
2058
2054
2051
2047
2044
2040
2038
2036
2033
2029
2026
2024
2027
2031
2036
2041
2042
2043
2044
2046
2048
2049
2048
2046
2043
2040
2033
2026
2014
2003
2000
1999
2015
2032
2053
2071
2076
2079
2071
2063
2053
2043
2033
2023
2016
2009
2009
2009
2012
2017
2027
2039
2059
2078
2094
2109
2111
2112
2106
2099
2087
2075
2058
2041
2026
2011
2003
1996
1993
1989
1988
1988
1988
1988
1986
1983
1976
1970
1963
1957
1957
1958
1972
1987
2006
2023
2030
2036
2034
2032
2034
2037
2040
2043
2041
2040
2041
2042
2044
2046
2040
2035
2031
2028
2033
2038
2039
2039
2035
2033
2042
2052
2073
2094
2109
2123
2128
2132
2131
2130
2123
2116
2102
2088
2073
2059
2050
2043
2043
2045
2054
2063
2076
2089
2102
2114
2120
2125
2119
2113
2101
2090
2080
2070
2061
2051
2043
2036
2035
2035
2040
2044
2046
2047
2044
2041
2035
2030
2025
2022
2022
2022
2025
2028
2032
2036
2039
2043
2045
2047
2044
2041
2040
2039
2043
2046
2046
2044
2035
2027
2021
2017
2018
2018
2018
2017
2017
2017
2017
2016
2009
2001
1993
1986
1993
2001
2021
2040
2058
2074
2082
2088
2081
2073
2058
2043
2033
2023
2021
2019
2018
2018
2021
2026
2041
2056
2073
2089
2099
2108
2108
2107
2098
2089
2076
2063
2053
2044
2036
2029
2025
2022
2028
2034
2044
2054
2056
2056
2048
2039
2030
2021
2019
2017
2022
2026
2032
2038
2040
2042
2042
2043
2046
2049
2051
2054
2054
2054
2055
2056
2057
2057
2055
2052
2049
2045
2044
2043
2038
2033
2025
2017
2016
2016
2028
2039
2048
2057
2057
2058
2058
2058
2059
2060
2057
2054
2049
2045
2043
2040
2034
2029
2024
2020
2021
2022
2022
2022
2019
2017
2019
2022
2025
2027
2020
2014
2007
2001
2007
2014
2028
2041
2050
2059
2062
2064
2058
2051
2036
2022
2009
1997
1993
1990
1997
2006
2024
2042
2063
2083
2097
2110
2116
2122
2124
2125
2122
2117
2103
2089
2071
2054
2041
2029
2025
2022
2027
2033
2048
2062
2076
2089
2090
2089
2078
2068
2062
2057
2060
2063
2066
2069
2069
2069
2069
2068
2067
2066
2064
2062
2061
2061
2061
2061
2061
2061
2059
2057
2049
2041
2032
2025
2025
2025
2030
2035
2037
2039
2038
2037
2036
2036
2037
2039
2040
2041
2041
2041
2041
2040
2038
2035
2026
2016
2005
1996
1999
2004
2021
2039
2054
2068
2075
2080
2077
2072
2059
2047
2035
2024
2018
2012
2011
2011
2018
2027
2044
2061
2078
2094
2106
2116
2121
2125
2119
2113
2099
2085
2071
2058
2047
2037
2030
2025
2026
2028
2030
2032
2030
2027
2024
2021
2015
2008
1995
1984
1976
1970
1975
1980
1987
1993
1994
1996
1997
1998
2000
2001
2000
1999
1996
1994
1994
1995
2002
2009
2017
2024
2024
2023
2016
2009
2003
1999
2004
2009
2024
2039
2057
2074
2086
2095
2093
2089
2081
2073
2070
2066
2065
2063
2059
2056
2056
2057
2071
2085
2107
2128
2144
2158
2160
2160
2150
2139
2125
2112
2103
2093
2083
2073
2059
2047
2041
2037
2044
2050
2056
2060
2058
2056
2052
2048
2042
2036
2029
2023
2024
2025
2032
2038
2040
2041
2040
2040
2040
2041
2041
2040
2038
2036
2032
2028
2023
2020
2021
2023
2026
2028
2018
2007
1992
1980
1986
1993
2010
2026
2035
2044
2051
2058
2065
2071
2067
2062
2052
2042
2036
2030
2030
2030
2037
2046
2063
2079
2093
2105
2108
2111
2110
2107
2098
2088
2067
2047
2030
2014
2009
2005
2008
2012
2022
2033
2047
2059
2061
2062
2054
2047
2041
2036
2035
2034
2032
2029
2028
2027
2031
2035
2038
2041
2041
2041
2044
2047
2052
2055
2053
2051
2047
2044
2044
2044
2044
2043
2038
2033
2030
2027
2024
2020
2014
2010
2010
2012
2021
2029
2036
2043
2043
2043
2038
2032
2021
2011
2004
2000
2009
2019
2032
2044
2049
2053
2053
2052
2049
2045
2031
2018
2005
1995
1998
2003
2018
2034
2052
2070
2091
2111
2126
2139
2136
2132
2119
2106
2094
2082
2067
2051
2034
2018
2012
2008
2013
2019
2030
2041
2055
2068
2070
2071
2059
2048
2041
2036
2043
2050
2055
2059
2059
2058
2058
2057
2054
2050
2048
2047
2052
2056
2056
2055
2049
2043
2041
2039
2038
2036
2028
2021
2018
2015
2017
2020
2020
2019
2018
2018
2020
2022
2027
2031
2036
2039
2037
2034
2025
2017
2013
2010
2012
2013
2007
2000
1991
1985
1993
2002
2020
2038
2050
2062
2070
2078
2084
2089
2083
2077
2066
2056
2048
2041
2039
2037
2044
2053
2071
2090
2110
2128
2139
2149
2151
2152
2146
2139
2125
2110
2094
2079
2064
2049
2039
2030
2030
2030
2038
2046
2055
2064
2065
2065
2055
2045
2032
2020
2018
2016
2023
2031
2039
2047
2053
2058
2058
2057
2054
2051
2050
2049
2048
2047
2045
2043
2044
2046
2051
2056
2056
2055
2050
2046
2040
2035
2028
2021
2016
2012
2014
2016
2023
2029
2033
2036
2034
2032
2032
2033
2042
2052
2061
2069
2064
2059
2044
2029
2015
2002
1992
1981
1972
1964
1958
1953
1954
1956
1969
1983
2004
2024
2039
2053
2056
2058
2057
2056
2050
2044
2031
2019
2011
2005
2008
2011
2016
2020
2020
2021
2027
2032
2039
2045
2043
2041
2038
2035
2041
2048
2058
2067
2070
2073
2073
2073
2078
2083
2093
2102
2109
2115
2112
2108
2100
2093
2086
2078
2064
2049
2033
2020
2025
2031
2050
2068
2077
2084
2084
2084
2084
2083
2076
2069
2060
2051
2050
2049
2048
2047
2046
2047
2059
2072
2088
2103
2106
2109
2105
2101
2096
2090
2075
2060
2044
2030
2022
2015
2012
2010
2012
2015
2024
2032
2039
2045
2045
2046
2047
2049
2049
2049
2047
2045
2044
2043
2040
2035
2026
2018
2015
2012
2016
2020
2022
2025
2025
2025
2025
2025
2022
2018
2015
2012
2016
2020
2022
2024
2019
2015
2014
2014
2021
2028
2035
2042
2048
2053
2056
2058
2055
2050
2041
2032
2024
2016
2011
2007
2013
2021
2040
2059
2080
2099
2110
2120
2121
2120
2111
2100
2085
2070
2057
2044
2035
2027
2021
2016
2019
2023
2037
2050
2058
2065
2060
2055
2046
2037
2032
2028
2029
2030
2034
2038
2042
2046
2048
2049
2049
2048
2047
2046
2046
2047
2050
2053
2054
2054
2052
2049
2048
2046
2045
2044
2038
2033
2027
2022
2024
2026
2031
2036
2036
2036
2036
2037
2044
2050
2055
2058
2051
2044
2035
2027
2024
2021
2020
2020
2020
2020
2022
2023
2020
2015
2005
1996
1995
1996
2007
2018
2030
2042
2052
2061
2068
2074
2066
2057
2039
2021
2010
2001
2001
2002
2009
2018
2035
2054
2078
2101
2114
2126
2127
2127
2125
2123
2115
2106
2089
2073
2058
2045
2040
2036
2038
2040
2047
2054
2063
2071
2072
2071
2062
2052
2044
2037
2035
2034
2036
2039
2047
2054
2058
2061
2054
2047
2045
2045
2055
2065
2074
2082
2090
2097
2104
2109
2100
2090
2076
2064
2067
2071
2074
2076
2075
2076
2093
2108
2110
2107
2063
2021
1987
1958
1965
1972
1972
1970
1961
1955
1978
2002
2037
2068
2078
2086
2079
2070
2050
2029
2000
1973
1963
1956
1971
1988
2015
2040
2062
2082
2085
2086
2074
2064
2063
2063
2070
2076
2077
2079
2088
2098
2111
2120
2108
2095
2068
2044
2029
2016
2010
2004
2002
2002
2012
2023
2036
2047
2044
2040
2026
2013
2002
1992
1985
1978
1975
1972
1972
1972
1974
1976
1978
1980
1979
1977
1975
1973
1978
1984
1994
2004
2005
2006
2000
1996
2002
2009
2031
2052
2072
2089
2093
2096
2089
2081
2073
2065
2061
2058
2061
2065
2071
2077
2084
2092
2102
2113
2128
2143
2157
2169
2171
2172
2167
2162
2155
2147
2126
2104
2069
2037
2022
2010
2023
2035
2050
2064
2072
2080
2088
2094
2090
2083
2060
2037
2021
2007
2013
2019
2023
2025
2011
1998
1988
1980
1989
1999
2013
2026
2029
2032
2033
2034
2039
2043
2041
2037
2027
2017
2017
2018
2026
2034
2037
2041
2042
2043
2046
2048
2041
2033
2018
2004
2000
1998
2011
2024
2041
2057
2072
2086
2095
2103
2108
2113
2119
2123
2121
2117
2101
2084
2064
2046
2032
2019
2010
2003
2004
2007
2021
2035
2043
2050
2045
2040
2036
2033
2035
2037
2039
2041
2041
2041
2040
2038
2035
2031
2030
2028
2027
2025
2023
2021
2022
2023
2024
2026
2026
2027
2031
2034
2033
2030
2017
2005
2001
1999
2013
2026
2040
2053
2061
2068
2076
2082
2080
2076
2064
2054
2046
2039
2037
2035
2040
2045
2060
2074
2089
2103
2111
2118
2123
2127
2122
2115
2096
2077
2059
2041
2032
2022
2014
2007
2007
2008
2021
2033
2046
2057
2057
2055
2047
2039
2032
2025
2024
2024
2031
2038
2047
2056
2059
2061
2055
2050
2045
2042
2043
2045
2046
2047
2046
2044
2043
2042
2042
2041
2035
2028
2020
2012
2010
2008
2010
2013
2016
2020
2026
2031
2034
2035
2026
2017
2005
1995
1995
1995
2002
2008
2009
2010
2009
2007
2005
2003
1996
1989
1980
1972
1971
1972
1980
1988
2002
2018
2042
2066
2094
2121
2138
2153
2158
2161
2160
2158
2150
2140
2122
2104
2087
2072
2064
2057
2056
2057
2066
2077
2095
2111
2117
2120
2107
2094
2081
2070
2069
2068
2069
2071
2073
2076
2079
2081
2078
2075
2069
2063
2060
2056
2053
2049
2044
2040
2038
2036
2035
2034
2032
2029
2029
2028
2028
2027
2023
2019
2019
2019
2022
2026
2026
2025
2020
2016
2017
2020
2032
2043
2055
2066
2066
2065
2052
2039
2022
2006
1991
1976
1966
1958
1958
1960
1972
1985
2001
2017
2031
2045
2055
2064
2067
2069
2062
2054
2040
2027
2015
2005
2000
1997
1997
1998
1998
1999
2000
2001
2007
2012
2017
2021
2020
2020
2020
2021
2031
2041
2055
2067
2072
2076
2073
2070
2066
2062
2060
2059
2061
2063
2070
2076
2084
2090
2089
2086
2073
2061
2049
2039
2039
2041
2050
2060
2069
2077
2084
2090
2090
2090
2086
2082
2075
2068
2060
2053
2048
2044
2046
2050
2062
2073
2087
2101
2111
2121
2121
2120
2108
2097
2083
2069
2056
2043
2030
2018
2010
2004
2010
2016
2031
2046
2055
2062
2057
2051
2042
2033
2030
2027
2028
2029
2031
2034
2040
2046
2046
2044
2036
2029
2024
2021
2024
2027
2026
2024
2019
2016
2017
2018
2023
2026
2026
2025
2023
2021
2021
2020
2017
2013
2006
1999
1998
1998
2007
2016
2031
2046
2059
2070
2077
2082
2077
2071
2056
2041
2027
2015
2014
2014
2023
2033
2045
2056
2068
2079
2092
2104
2111
2116
2108
2100
2086
2072
2062
2052
2042
2032
2022
2014
2015
2018
2030
2041
2050
2059
2059
2059
2051
2044
2037
2032
2033
2034
2038
2042
2044
2046
2046
2045
2045
2044
2043
2043
2046
2049
2051
2053
2050
2047
2044
2041
2042
2043
2043
2042
2038
2034
2028
2023
2022
2022
2028
2034
2040
2046
2047
2048
2051
2054
2057
2060
2055
2050
2042
2035
2034
2032
2030
2028
2025
2023
2024
2025
2025
2026
2026
2026
2028
2030
2027
2023
2013
2005
2005
2007
2020
2033
2044
2054
2059
2064
2065
2064
2054
2043
2026
2009
2000
1992
1998
2005
2022
2041
2065
2088
2106
2123
2129
2134
2131
2128
2121
2114
2101
2088
2069
2051
2036
2023
2021
2019
2024
2030
2038
2047
2055
2063
2063
2063
2055
2048
2046
2044
2049
2053
2055
2058
2058
2059
2061
2063
2062
2061
2056
2052
2051
2050
2050
2049
2048
2047
2047
2046
2046
2045
2039
2033
2027
2021
2021
2021
2023
2026
2029
2033
2037
2041
2041
2041
2040
2038
2038
2037
2034
2031
2024
2018
2012
2006
2005
2004
2007
2011
2016
2020
2019
2017
2011
2007
2013
2020
2037
2055
2070
2084
2092
2099
2100
2100
2091
2080
2065
2050
2041
2032
2031
2031
2038
2047
2066
2086
2109
2131
2144
2156
2156
2155
2148
2141
2127
2113
2094
2075
2057
2039
2027
2016
2015
2016
2024
2033
2045
2056
2060
2062
2053
2044
2031
2019
2017
2016
2026
2037
2049
2059
2061
2062
2056
2051
2048
2046
2048
2051
2052
2053
2051
2049
2047
2044
2042
2040
2040
2039
2039
2038
2035
2031
2026
2022
2021
2020
2023
2027
2034
2040
2041
2042
2040
2038
2039
2041
2046
2050
2050
2050
2047
2042
2034
2026
2014
2002
1992
1981
1973
1964
1954
1945
1942
1940
1953
1966
1984
2001
2014
2027
2040
2052
2062
2071
2071
2070
2063
2056
2048
2041
2034
2028
2027
2027
2034
2040
2047
2053
2055
2056
2051
2046
2037
2028
2027
2028
2041
2054
2069
2083
2091
2098
2102
2106
2109
2112
2112
2111
2106
2100
2092
2084
2076
2067
2057
2047
2035
2025
2020
2016
2024
2032
2044
2054
2061
2068
2070
2072
2070
2067
2062
2058
2056
2055
2055
2054
2052
2050
2051
2053
2061
2069
2078
2088
2097
2105
2111
2115
2108
2100
2080
2061
2044
2028
2020
2014
2014
2014
2020
2026
2037
2048
2056
2063
2058
2053
2045
2038
2038
2038
2040
2041
2039
2036
2035
2035
2036
2037
2032
2027
2019
2012
2010
2009
2011
2013
2015
2017
2018
2019
2019
2019
2021
2024
2025
2025
2017
2010
2003
1997
2002
2008
2017
2027
2036
2045
2056
2066
2067
2067
2053
2040
2030
2020
2020
2020
2023
2027
2038
2050
2069
2087
2101
2114
2120
2124
2122
2119
2104
2089
2070
2052
2039
2027
2019
2013
2013
2015
2028
2040
2052
2062
2062
2062
2056
2050
2042
2034
2029
2025
2031
2036
2042
2046
2044
2042
2042
2043
2045
2047
2044
2041
2040
2040
2046
2052
2054
2056
2051
2047
2042
2038
2038
2038
2039
2040
2039
2037
2033
2030
2031
2032
2038
2044
2046
2049
2050
2050
2048
2044
2034
2023
2013
2005
2007
2010
2018
2024
2023
2020
2011
2002
1996
1992
1998
2004
2017
2029
2039
2049
2056
2062
2060
2055
2039
2022
2006
1993
1995
1999
2013
2028
2045
2063
2082
2100
2113
2124
2125
2126
2127
2129
2130
2130
2117
2104
2086
2068
2058
2049
2044
2040
2042
2046
2062
2077
2090
2099
2090
2081
2068
2058
2061
2064
2071
2077
2077
2076
2070
2065
2059
2054
2052
2050
2051
2051
2051
2050
2048
2046
2048
2049
2049
2048
2041
2034
2029
2025
2025
2024
2024
2024
2025
2026
2028
2030
2028
2026
2025
2024
2030
2035
2037
2038
2030
2023
2020
2019
2027
2035
2045
2054
2057
2060
2059
2058
2053
2047
2039
2031
2022
2014
2008
2003
2005
2009
2021
2033
2050
2068
2085
2100
2108
2114
2109
2103
2091
2078
2061
2044
2024
2005
1993
1983
1984
1986
1987
1987
1981
1975
1970
1965
1962
1959
1954
1951
1955
1961
1978
1995
2013
2030
2039
2048
2053
2058
2059
2060
2056
2052
2046
2041
2038
2034
2034
2034
2035
2035
2035
2034
2032
2030
2031
2034
2049
2065
2088
2110
