3490
3792
4094
3803
3511
2737
1963
1556
1149
1104
1060
1159
1259
1463
1667
1854
2040
2074
2107
2057
2006
1951
1896
1805
1714
1617
1520
1483
1447
1450
1453
1597
1741
2239
2737
3325
3912
3910
3908
3258
2608
2012
1417
1264
1111
1179
1247
1377
1506
1689
1872
1995
2118
2124
2130
2072
2014
1892
1771
1646
1521
1499
1477
1530
1584
1748
1912
2307
2702
3056
3410
3260
3109
2592
2075
1743
1411
1398
1386
1483
1581
1710
1838
1956
2074
2102
2129
2098
2067
2020
1974
1903
1833
1787
1742
1741
1740
1784
1829
2066
2303
2694
3084
3198
3311
2972
2632
2230
1828
1669
1511
1507
1504
1563
1622
1745
1868
1976
2084
2095
2106
2048
1989
1931
1873
1843
1814
1790
1767
1773
1779
1856
1932
1984
2035
2032
2029
2202
2376
2741
3105
3213
3320
2984
2648
2255
1863
1705
1547
1534
1522
1581
1640
1780
1920
2047
2173
2193
2212
2152
2092
2006
1921
1822
1724
1654
1584
1638
1692
1846
1999
2083
2166
2206
2246
2452
2657
2910
3162
3092
3022
2660
2299
2018
1738
1660
1582
1586
1591
1661
1730
1867
2004
2095
2185
2162
2138
2063
1989
1904
1819
1716
1614
1585
1556
1668
1781
1903
2024
2112
2200
2442
2683
2974
3264
3191
3117
2701
2286
1960
1635
1534
1433
1446
1459
1583
1707
1860
2013
2047
2081
2041
2000
1963
1927
1876
1825
1782
1740
1732
1725
1750
1775
1854
1933
1977
2021
1963
1905
1993
2082
2443
2804
3017
3229
2991
2753
2364
1976
1755
1535
1457
1380
1411
1442
1598
1754
1908
2061
2091
2120
2075
2029
1974
1920
1845
1771
1723
1675
1732
1790
1882
1974
2015
2055
2191
2326
2633
2939
3101
3263
3035
2807
2445
2083
1908
1734
1715
1696
1723
1750
1836
1922
2015
2107
2123
2139
2118
2096
2063
2030
1945
1861
1788
1715
1752
1790
1871
1951
2023
2095
2270
2444
2652
2860
2799
2738
2413
2089
1870
1651
1657
1663
1705
1746
1779
1811
1898
1984
2039
2093
2059
2024
1979
1935
1891
1847
1786
1726
1734
1742
1819
1896
1944
1992
2081
2169
2366
2562
2639
2716
2518
2320
2079
1839
1771
1703
1715
1728
1734
1740
1798
1855
1955
2055
2103
2150
2122
2094
2033
1973
1908
1843
1802
1761
1801
1841
1945
2049
2110
2171
2207
2243
2394
2545
2717
2888
2820
2752
2496
2241
2068
1896
1828
1760
1707
1654
1696
1739
1892
2044
2133
2222
2191
2160
2096
2032
1953
1874
1801
1729
1765
1802
1929
2055
2141
2226
2298
2369
2512
2655
2727
2799
2647
2494
2280
2067
2000
1934
1945
1957
1946
1934
1968
2002
2096
2189
2236
2282
2259
2236
2183
2131
2044
1958
1871
1785
1785
1785
1864
1943
2009
2074
2070
2066
1995
1925
1831
1737
1679
1621
1613
1606
1619
1633
1651
1669
1674
1679
1663
1647
1635
1623
1605
1587
1549
1511
1583
1656
1932
2207
2441
2674
2575
2475
2172
1869
1696
1523
1552
1581
1696
1811
1968
2125
2294
2462
2547
2631
2613
2594
2549
2504
2449
2394
2313
2232
2197
2162
2178
2194
2174
2154
2209
2265
2545
2825
3013
3200
2938
2675
2257
1840
1700
1561
1587
1613
1600
1587
1622
1657
1773
1888
1975
2062
2092
2121
2096
2070
2002
1935
1877
1819
1759
1700
1669
1639
1695
1752
1760
1768
1751
1733
2100
2467
3127
3787
3941
4094
3740
3385
3023
2662
2476
2290
2028
1766
1547
1329
1314
1299
1362
1425
1490
1554
1608
1661
1667
1672
1664
1655
1615
1576
1504
1433
1459
1486
1547
1608
1608
1607
1906
2206
2889
3572
3831
4090
3525
2960
2311
1662
1452
1243
1180
1117
1092
1068
1287
1507
1813
2118
2240
2361
2348
2335
2249
2163
2023
1883
1859
1836
1953
2070
2148
2225
2297
2368
2463
2557
2455
2353
2282
2211
2717
3224
3659
4094
4095
4095
3800
3506
2986
2467
1992
1517
1042
568
415
263
451
640
886
1131
1268
1405
1339
1273
1069
866
761
657
696
735
846
957
1105
1252
1281
1310
1248
1185
1282
1380
1521
1661
1752
1843
2362
2881
3488
4094
4095
4095
4044
3994
3482
2971
2753
2535
2315
2095
2032
1970
2231
2493
2757
3020
3056
3091
2945
2798
2495
2193
1897
1602
1543
1484
1544
1605
1594
1582
1586
1591
1628
1664
1582
1499
1374
1249
1204
1159
1152
1146
1237
1328
1459
1589
1521
1452
1521
1591
2255
2918
3506
4094
3839
3583
2997
2412
2161
1910
1718
1527
1269
1012
1053
1094
1411
1728
2013
2298
2450
2601
2575
2548
2380
2213
2108
2003
2024
2046
2072
2098
2087
2076
2090
2104
2140
2176
2139
2102
2038
1975
2037
2100
2165
2229
2207
2185
2483
2782
3438
4094
4095
4095
3851
3608
3044
2481
2188
1896
1689
1482
1409
1336
1457
1578
1701
1824
1856
1888
1790
1692
1417
1143
857
571
425
280
244
208
273
339
435
531
556
580
640
700
800
899
951
1002
1393
1783
2708
3632
3863
4094
4095
4095
3616
3138
3016
2894
2942
2991
2988
2985
3077
3169
3316
3463
3520
3576
3527
3478
3269
3060
2734
2408
2209
2011
1986
1961
1940
1919
1916
1914
1953
1993
1888
1783
1627
1472
1665
1859
2272
2684
2709
2733
2308
1882
1491
1101
917
734
622
510
533
556
773
989
1174
1359
1355
1350
1271
1193
1171
1150
1215
1280
1465
1649
1924
2199
2449
2699
2869
3038
3099
3159
3049
2939
2853
2768
3053
3338
3716
4094
4023
3952
3304
2656
2132
1609
1460
1311
1294
1277
1324
1371
1520
1668
1773
1877
1811
1744
1537
1330
1103
876
787
698
754
810
869
927
996
1064
1201
1337
1404
1471
1538
1605
2036
2467
3106
3745
3917
4089
3719
3348
3031
2715
2719
2723
2840
2957
3038
3119
3107
3094
2942
2791
2613
2435
2346
2258
2179
2101
1952
1804
1658
1512
1422
1333
1250
1168
1091
1014
1069
1125
1352
1578
1736
1893
1752
1610
1299
989
800
611
628
646
778
910
1060
1210
1315
1420
1490
1559
1675
1790
1986
2181
2388
2594
2760
2925
3071
3216
3316
3415
3391
3366
3247
3129
3002
2875
2705
2536
2352
2169
2223
2277
2626
2974
3181
3388
3125
2861
2419
1977
1742
1508
1436
1365
1350
1335
1439
1543
1686
1829
1869
1909
1890
1870
1790
1711
1546
1382
1310
1238
1299
1360
1390
1420
1478
1535
1599
1663
1527
1391
1482
1574
2371
3168
3631
4094
3825
3556
2780
2004
1877
1751
1935
2120
2114
2108
2060
2013
2018
2023
2016
2009
2019
2029
1969
1908
1739
1571
1509
1448
1518
1589
1608
1627
1615
1603
1627
1652
1651
1649
1653
1657
1703
1748
1747
1745
1825
1905
2250
2595
2886
3177
3027
2876
2528
2180
2033
1887
1877
1868
1857
1846
1901
1956
2036
2115
2100
2085
2040
1996
1996
1996
1995
1993
1990
1988
2016
2044
2065
2086
2087
2087
2085
2083
2051
2019
1964
1909
1895
1882
1908
1935
1943
1951
1933
1915
1890
1865
1847
1830
1835
1841
1860
1878
1887
1896
1918
1939
1972
2004
2009
2013
2009
2004
2013
2023
2000
1977
1932
1888
1880
1872
1854
1836
1843
1850
2045
2239
2493
2746
2737
2727
2519
2312
2194
2077
2022
1968
1880
1793
1805
1817
1953
2088
2170
2252
2234
2216
2169
2122
2070
2019
1992
1965
1995
2026
2079
2132
2174
2216
2230
2243
2192
2140
2047
1954
1905
1857
1866
1876
1900
1923
1949
1975
2001
2027
2027
2026
1998
1970
1957
1945
1975
2006
2053
2099
2118
2136
2130
2124
2114
2105
2088
2072
2043
2014
1989
1965
1950
1936
1930
1925
1925
1925
1919
1913
1897
1882
1865
1848
1830
1813
1801
1790
1786
1782
1773
1765
1767
1770
1797
1823
1839
1854
1858
1861
1863
1864
1813
1762
1722
1682
1836
1991
2247
2502
2554
2605
2476
2346
2263
2180
2123
2067
1975
1884
1899
1914
2056
2198
2289
2380
2371
2362
2321
2280
2224
2169
2131
2093
2122
2152
2211
2269
2292
2315
2302
2288
2258
2228
2196
2165
2144
2124
2116
2109
2122
2135
2165
2195
2207
2219
2198
2177
2145
2113
2086
2060
2045
2031
2029
2028
2028
2028
2018
2009
1988
1967
1935
1904
1880
1856
1850
1844
1840
1837
1840
1843
1861
1879
1890
1901
1905
1909
1919
1928
1921
1914
1908
1902
1926
1951
1958
1965
1953
1941
1959
1978
1956
1933
1886
1839
1997
2156
2439
2721
2736
2750
2532
2314
2199
2084
2043
2002
1909
1816
1829
1843
1990
2136
2196
2256
2201
2145
2093
2041
2001
1961
1934
1907
1930
1954
1996
2038
2065
2092
2110
2128
2116
2103
2058
2013
1990
1968
1985
2003
2029
2055
2075
2094
2103
2111
2098
2085
2062
2040
2029
2019
2018
2018
2019
2021
2024
2027
2034
2041
2054
2067
2077
2087
2070
2053
2015
1977
1958
1940
1952
1965
1982
1998
2004
2009
2004
1999
1989
1979
1984
1990
2005
2019
2015
2010
1999
1988
1989
1990
1988
1985
1983
1981
1989
1997
1991
1984
1977
1970
1976
1983
1966
1949
1970
1992
2157
2321
2487
2652
2639
2626
2539
2453
2398
2344
2244
2145
2067
1989
2078
2168
2301
2433
2423
2413
2311
2210
2125
2040
1988
1936
1921
1906
1904
1902
1893
1884
1899
1915
1930
1945
1901
1857
1810
1764
1775
1787
1808
1829
1847
1864
1905
1945
1952
1959
1918
1877
1868
1860
1892
1924
1950
1975
2006
2037
2061
2084
2067
2049
2037
2025
2048
2071
2088
2104
2114
2123
2123
2123
2089
2056
2084
2112
2262
2411
2498
2585
2498
2411
2295
2180
2093
2007
1894
1782
1755
1729
1866
2003
2126
2248
2229
2209
2137
2066
2020
1974
1948
1922
1920
1919
1940
1961
1993
2025
2063
2100
2113
2126
2100
2073
2048
2023
2023
2023
2026
2030
2035
2039
2048
2056
2051
2046
2026
2007
2000
1993
2002
2012
2012
2012
1995
1979
1976
1974
1993
2013
2024
2035
2030
2024
2019
2015
2009
2004
1989
1974
1971
1969
1988
2008
2024
2040
2043
2046
2054
2062
2076
2089
2097
2104
2109
2114
2133
2152
2199
2246
2307
2368
2395
2422
2371
2319
2200
2082
1976
1870
1862
1855
1946
2038
2135
2232
2243
2254
2180
2105
2009
1914
1862
1811
1827
1843
1905
1966
2022
2077
2090
2102
2076
2049
2014
1980
1966
1952
1963
1974
2003
2031
2057
2083
2083
2083
2053
2023
1992
1962
1961
1960
1988
2017
2050
2082
2097
2112
2111
2109
2102
2096
2085
2074
2054
2035
2022
2010
2017
2024
2033
2042
2031
2020
2004
1988
1991
1995
2011
2026
2035
2043
2051
2059
2073
2086
2087
2088
2073
2058
2045
2032
2032
2033
2038
2042
2041
2039
2026
2014
2000
1986
1986
1986
1995
2005
2005
2005
1997
1989
1989
1989
1999
2009
2024
2039
2061
2082
2094
2106
2089
2072
2037
2003
1982
1962
1970
1979
2006
2033
2058
2082
2093
2104
2104
2103
2097
2091
2086
2082
2082
2082
2081
2081
2074
2067
2063
2060
2074
2088
2112
2135
2147
2158
2157
2156
2152
2148
2138
2128
2106
2085
2070
2055
2065
2076
2098
2120
2133
2146
2147
2147
2136
2126
2109
2093
2081
2070
2064
2058
2046
2035
2024
2013
2015
2018
2029
2039
2044
2048
2048
2048
2043
2038
2030
2022
2018
2015
2016
2018
2019
2019
2017
2015
2013
2012
2016
2021
2036
2051
2067
2082
2088
2094
2097
2100
2105
2110
2109
2108
2102
2097
2092
2087
2070
2054
2026
1999
1982
1966
1966
1967
1971
1974
1972
1969
1965
1961
1963
1966
1974
1982
1979
1975
1962
1949
1952
1955
1977
1999
2018
2036
2045
2054
2056
2057
2048
2039
2023
2007
1991
1975
1956
1938
1928
1919
1937
1955
1995
2035
2076
2116
2138
2160
2146
2132
2086
2041
2001
1962
1952
1943
1955
1967
1993
2019
2055
2090
2111
2132
2120
2108
2084
2060
2056
2053
2057
2062
2048
2033
2008
1984
1984
1985
2012
2038
2062
2086
2093
2099
2097
2094
2095
2096
2104
2112
2113
2113
2105
2096
2096
2097
2108
2119
2122
2124
2125
2125
2136
2147
2153
2158
2150
2142
2136
2131
2132
2134
2137
2140
2144
2148
2150
2151
2150
2149
2154
2160
2159
2157
2128
2099
2071
2044
2045
2046
2054
2061
2051
2040
2020
2001
1986
1971
1964
1958
1964
1971
1980
1988
1983
1978
1973
1968
1982
1997
2018
2039
2048
2056
2058
2060
2058
2056
2040
2024
2004
1984
1976
1969
1968
1967
1967
1967
1974
1981
1988
1994
2001
2007
2020
2033
2039
2044
2028
2012
1991
1970
1960
1951
1944
1938
1933
1929
1933
1937
1947
1957
1965
1972
1975
1977
1975
1973
1975
1977
1988
1998
2002
2006
2006
2006
2021
2036
2065
2093
2112
2130
2131
2131
2121
2111
2101
2091
2086
2082
2082
2082
2087
2092
2103
2114
2129
2143
2156
2169
2174
2178
2162
2145
2104
2063
2017
1972
1950
1929
1950
1971
2029
2086
2137
2187
2187
2187
2148
2109
2079
2050
2052
2055
2076
2097
2117
2137
2139
2140
2118
2096
2068
2041
2033
2026
2036
2046
2043
2040
2010
1981
1954
1928
1933
1939
1968
1996
2019
2041
2043
2045
2027
2008
1985
1963
1962
1961
1980
2000
2032
2064
2105
2145
2176
2206
2204
2201
2182
2163
2157
2152
2153
2155
2155
2155
2158
2161
2160
2159
2140
2121
2099
2078
2065
2053
2041
2029
2017
2006
2000
1995
1994
1993
1993
1993
1991
1988
1974
1961
1947
1934
1936
1939
1945
1951
1947
1943
1941
1939
1946
1953
1955
1956
1948
1940
1935
1930
1935
1940
1953
1966
1979
1991
1991
1991
1983
1975
1970
1965
1967
1969
1981
1993
2011
2029
2036
2042
2034
2025
2020
2016
2025
2034
2045
2056
2056
2055
2038
2022
2005
1988
1989
1991
2012
2033
2055
2076
2077
2077
2058
2040
2029
2018
2023
2029
2040
2051
2075
2099
2151
2203
2255
2307
2315
2323
2275
2226
2150
2075
2036
1997
2024
2051
2095
2138
2145
2151
2139
2126
2109
2092
2061
2030
2015
2001
2032
2064
2100
2135
2129
2123
2095
2068
2054
2041
2057
2073
2131
2189
2268
2347
2375
2403
2317
2231
2071
1911
1816
1721
1758
1796
1876
1956
1973
1990
1960
1930
1908
1886
1875
1865
1864
1864
1885
1906
1932
1957
1963
1968
1967
1966
1983
2000
2044
2087
2149
2211
2274
2337
2363
2389
2328
2267
2127
1988
1892
1796
1839
1883
1990
2097
2133
2169
2125
2080
2017
1955
1899
1844
1821
1798
1834
1870
1933
1996
2029
2061
2049
2036
1999
1962
1932
1902
1908
1914
1953
1991
2031
2070
2091
2112
2109
2106
2086
2066
2057
2048
2067
2087
2108
2129
2119
2109
2088
2068
2069
2071
2082
2092
2086
2079
2071
2063
2069
2076
2083
2090
2091
2091
2088
2086
2078
2071
2062
2053
2054
2055
2065
2074
2077
2079
2073
2066
2061
2057
2070
2084
2105
2125
2124
2123
2107
2091
2088
2085
2091
2097
2100
2102
2106
2109
2113
2116
2114
2111
2104
2098
2089
2081
2070
2059
2056
2054
2060
2066
2069
2071
2069
2066
2063
2060
2054
2049
2044
2040
2033
2027
2008
1989
1969
1949
1949
1950
1966
1982
1995
2008
2016
2023
2026
2029
2025
2020
2008
1996
1983
1971
1966
1962
1971
1981
2000
2018
2028
2037
2038
2038
2051
2063
2096
2129
2167
2204
2221
2238
2206
2173
2091
2009
1943
1877
1891
1905
1972
2038
2073
2107
2088
2068
2034
2000
1984
1969
1970
1971
1975
1979
1978
1977
1977
1977
1987
1997
2002
2006
1998
1990
1985
1981
1987
1993
2000
2007
2016
2025
2046
2067
2095
2123
2142
2160
2152
2144
2102
2061
2018
1976
1979
1982
2025
2068
2097
2126
2115
2104
2081
2059
2059
2059
2072
2085
2087
2089
2081
2073
2072
2072
2079
2086
2091
2096
2104
2112
2125
2138
2134
2129
2095
2062
2028
1995
1990
1986
1998
2010
2018
2025
2039
2052
2081
2109
2123
2136
2114
2091
2060
2030
2022
2015
2023
2032
2047
2061
2078
2094
2101
2107
2106
2104
2104
2104
2101
2098
2087
2076
2071
2067
2070
2074
2071
2068
2061
2054
2054
2054
2059
2063
2069
2075
2082
2089
2088
2086
2070
2055
2037
2020
2014
2008
2012
2016
2019
2022
2023
2023
2029
2035
2049
2062
2068
2074
2064
2054
2031
2008
1988
1968
1965
1962
1972
1983
1990
1996
1996
1996
2002
2008
2017
2026
2027
2027
2024
2021
2021
2021
2023
2025
2026
2026
2029
2032
2043
2054
2068
2081
2085
2088
2079
2069
2052
2036
2021
2006
1994
1982
1979
1976
1984
1992
2005
2017
2018
2019
2005
1990
1976
1963
1963
1963
1964
1966
1959
1952
1945
1939
1946
1954
1976
1998
2018
2038
2046
2053
2054
2054
2057
2059
2059
2058
2057
2057
2067
2078
2092
2106
2115
2124
2138
2151
2163
2175
2172
2168
2157
2146
2136
2126
2113
2100
2096
2092
2104
2116
2127
2137
2136
2135
2133
2132
2132
2132
2125
2117
2102
2087
2074
2061
2056
2052
2060
2068
2082
2095
2099
2103
2093
2083
2071
2059
2054
2049
2044
2039
2035
2031
2033
2035
2039
2043
2044
2045
2051
2057
2062
2066
2060
2053
2042
2031
2019
2007
1991
1976
1971
1967
1981
1995
2009
2022
2029
2035
2041
2046
2046
2045
2038
2031
2027
2023
2019
2015
2015
2015
2026
2038
2045
2052
2038
2024
2008
1992
1995
1999
2017
2034
2052
2070
2080
2089
2084
2079
2061
2044
2025
2006
1993
1980
1977
1975
1990
2005
2029
2052
2055
2058
2036
2014
1992
1971
1961
1952
1944
1936
1939
1943
1970
1996
2015
2034
2020
2005
1982
1959
1957
1956
1969
1982
2001
2019
2046
2073
2098
2122
2125
2127
2113
2098
2088
2078
2078
2079
2076
2072
2063
2055
2061
2067
2080
2093
2087
2080
2063
2047
2049
2052
2070
2088
2101
2114
2118
2121
2115
2108
2093
2079
2070
2061
2062
2063
2066
2069
2070
2070
2070
2069
2071
2073
2085
2096
2105
2113
2109
2105
2101
2097
2099
2102
2102
2101
2095
2089
2083
2078
2068
2059
2054
2049
2056
2063
2066
2069
2059
2049
2045
2041
2054
2067
2082
2096
2094
2091
2069
2047
2025
2003
1998
1993
1997
2001
2002
2003
2003
2003
2005
2007
2013
2018
2030
2041
2048
2054
2050
2046
2037
2029
2018
2007
1991
1976
1974
1972
1990
2009
2026
2043
2043
2043
2031
2019
2006
1993
1991
1990
2001
2013
2021
2028
2027
2025
2019
2013
2002
1992
1982
1973
1979
1985
2003
2020
2037
2053
2064
2075
2073
2070
2051
2033
2020
2007
2010
2014
2026
2038
2055
2071
2085
2098
2092
2086
2066
2047
2037
2027
2026
2026
2026
2026
2030
2033
2038
2043
2044
2045
2042
2038
2030
2023
2018
2013
2019
2026
2032
2038
2032
2025
2021
2017
2026
2036
2040
2044
2038
2031
2035
2040
2057
2073
2085
2097
2106
2115
2123
2130
2124
2118
2104
2090
2089
2088
2101
2114
2129
2144
2154
2163
2167
2171
2168
2164
2152
2141
2126
2111
2103
2095
2095
2096
2097
2097
2086
2075
2048
2022
1990
1959
1946
1933
1941
1950
1960
1969
1970
1971
1967
1963
1943
1923
1895
1868
1859
1850
1855
1861
1860
1859
1858
1857
1858
1859
1841
1822
1796
1771
1773
1775
1791
1806
1816
1826
1863
1899
1975
2050
2112
2174
2191
2208
2209
2210
2223
2236
2249
2262
2264
2266
2271
2275
2288
2300
2302
2304
2295
2285
2279
2274
2266
2259
2229
2200
2163
2126
2101
2077
2056
2036
2010
1984
1960
1936
1918
1900
1884
1868
1848
1828
1799
1771
1742
1713
1684
1656
1626
1597
1594
1591
1645
1699
1780
1861
1917
1972
1999
2026
2048
2070
2091
2112
2123
2133
2119
2104
2069
2034
2014
1994
2004
2014
2033
2051
2067
2082
2107
2131
2163
2195
2226
2257
2281
2304
2306
2308
2279
2249
2203
2157
2125
2094
2093
2092
2109
2127
2135
2143
2134
2125
2119
2114
2121
2129
2141
2153
2165
2177
2186
2195
2188
2180
2159
2138
2123
2109
2101
2094
2074
2055
2026
1998
1981
1964
1964
1964
1966
1969
1962
1955
1940
1925
1929
1933
1969
2004
2041
2077
2086
2095
2085
2075
2056
2037
2006
1975
1950
1926
1928
1930
1950
1970
1987
2004
2014
2024
2016
2008
1978
1948
1924
1900
1905
1910
1932
1953
1971
1988
1993
1998
1992
1985
1977
1970
1973
1977
1990
2002
2013
2024
2035
2045
2058
2071
2079
2086
2080
2073
2058
2044
2041
2038
2047
2057
2070
2082
2094
2105
2110
2114
2101
2088
2067
2047
2034
2022
2012
2003
2001
2000
2023
2047
2079
2110
2119
2127
2119
2110
2092
2075
2041
2007
1973
1939
1934
1929
1945
1961
1975
1988
1992
1996
1998
1999
2002
2005
2001
1997
1978
1959
1938
1917
1912
1908
1920
1933
1955
1976
1993
2009
2012
2014
2015
2015
2021
2028
2034
2040
2044
2047
2064
2080
2100
2119
2122
2125
2121
2116
2114
2112
2105
2099
2094
2089
2093
2097
2104
2111
2110
2108
2098
2088
2071
2055
2038
2022
2015
2009
2014
2020
2033
2046
2065
2084
2098
2111
2111
2111
2116
2121
2142
2162
2174
2186
2174
2161
2146
2131
2133
2136
2152
2167
2182
2197
2204
2211
2212
2213
2218
2222
2229
2236
2239
2241
2242
2242
2239
2235
2216
2198
2174
2151
2142
2134
2141
2148
2158
2168
2170
2172
2162
2151
2132
2113
2085
2058
2019
1980
1948
1917
1915
1914
1925
1936
1929
1921
1905
1890
1891
1892
1900
1907
1903
1898
1888
1878
1879
1880
1896
1911
1930
1949
1956
1962
1953
1943
1932
1922
1926
1930
1945
1959
1973
1987
1997
2006
2006
2006
1995
1984
1979
1975
1993
2011
2043
2074
2097
2120
2123
2126
2115
2104
2085
2066
2042
2019
2004
1990
2001
2013
2046
2079
2106
2133
2141
2148
2139
2130
2111
2092
2076
2060
2058
2056
2060
2065
2071
2077
2086
2095
2100
2104
2096
2088
2076
2064
2061
2058
2061
2064
2074
2084
2100
2115
2124
2133
2125
2116
2098
2081
2077
2074
2090
2107
2125
2143
2141
2139
2117
2096
2079
2062
2067
2072
2096
2119
2135
2150
2148
2145
2143
2141
2148
2156
2156
2155
2135
2116
2095
2074
2064
2055
2055
2055
2060
2066
2066
2066
2054
2042
2037
2033
2044
2056
2066
2076
2077
2077
2078
2079
2075
2071
2056
2042
2037
2033
2042
2052
2064
2075
2091
2106
2122
2137
2128
2118
2089
2061
2047
2033
2034
2035
2039
2043
2056
2068
2083
2098
2099
2099
2088
2076
2055
2035
2004
1973
1942
1912
1900
1888
1896
1904
1922
1940
1949
1957
1953
1948
1945
1942
1944
1946
1948
1949
1955
1961
1970
1978
1980
1981
1991
2001
2030
2059
2084
2108
2112
2116
2115
2114
2107
2100
2083
2066
2054
2042
2044
2046
2059
2071
2085
2099
2102
2104
2090
2076
2057
2039
2029
2019
2010
2002
1994
1986
1986
1987
1999
2010
2027
2044
2061
2077
2086
2095
2094
2093
2096
2099
2115
2131
2125
2118
2071
2024
1997
1970
2006
2043
2100
2156
2188
2220
2231
2242
2231
2220
2196
2172
2175
2178
2210
2242
2270
2297
2324
2350
2367
2384
2355
2325
2273
2222
2219
2216
2254
2293
2304
2315
2270
2225
2143
2062
1980
1899
1845
1791
1775
1759
1773
1787
1805
1823
1823
1822
1828
1834
1873
1912
1926
1939
1902
1865
1859
1853
1909
1966
2011
2055
2064
2073
2073
2073
2040
2008
1939
1871
1808
1745
1715
1685
1728
1772
1912
2052
2204
2356
2443
2530
2570
2610
2581
2552
2396
2240
2028
1816
1687
1559
1557
1555
1636
1718
1823
1928
2016
2103
2191
2279
2391
2503
2578
2653
2617
2581
2467
2354
2255
2156
2109
2063
2054
2046
2066
2086
2120
2154
2151
2148
2066
1985
1859
1734
1647
1561
1564
1567
1645
1723
1840
1956
2088
2220
2317
2414
2424
2433
2417
2400
2452
2504
2568
2632
2590
2547
2438
2330
2274
2218
2210
2202
2172
2143
2094
2046
2024
2003
1993
1984
1921
1858
1738
1619
1547
1476
1521
1566
1668
1769
1847
1924
1957
1989
1972
1955
1903
1851
1822
1793
1810
1827
1850
1873
1872
1871
1860
1849
1871
1893
1973
2052
2141
2230
2252
2273
2238
2202
2176
2151
2150
2150
2154
2159
2169
2179
2185
2191
2188
2185
2182
2179
2162
2146
2105
2065
2032
2000
1994
1988
1998
2009
2048
2087
2133
2178
2151
2123
2011
1900
1794
1688
1640
1593
1586
1579
1604
1629
1683
1736
1774
1812
1802
1792
1765
1738
1742
1747
1799
1851
1953
2055
2192
2329
2434
2539
2559
2578
2535
2491
2434
2377
2338
2300
2305
2311
2363
2414
2468
2521
2546
2570
2571
2571
2546
2522
2470
2418
2344
2270
2195
2121
2085
2049
2059
2069
2069
2068
2010
1952
1866
1780
1704
1628
1568
1508
1483
1458
1493
1528
1591
1654
1689
1724
1731
1738
1746
1753
1760
1766
1764
1761
1764
1767
1775
1783
1781
1779
1792
1805
1890
1975
2136
2297
2470
2643
2746
2848
2845
2842
2762
2682
2584
2487
2441
2396
2439
2483
2565
2646
2697
2748
2800
2852
2917
2982
2959
2935
2788
2642
2473
2305
2178
2052
1984
1917
1922
1927
1905
1883
1731
1579
1397
1216
1109
1002
920
838
778
719
709
699
661
623
560
498
500
503
542
580
622
663
747
831
901
970
1076
1182
1600
2017
2663
3310
3620
3929
3696
3463
3079
2696
2454
2213
2108
2003
2090
2177
2480
2782
3089
3395
3532
3669
3640
3611
3415
3220
2900
2580
2272
1965
1745
1526
1460
1395
1529
1663
1762
1861
1777
1693
1862
2032
2674
3317
3669
4020
3468
2915
2059
1203
865
529
642
755
887
1018
1123
1228
1401
1573
1699
1825
1792
1758
1601
1445
1238
1031
887
743
765
788
909
1029
1169
1309
1455
1601
1593
1585
1572
1559
2228
2898
3496
4094
4095
4095
3871
3647
2610
1572
1453
1336
1537
1739
1777
1814
1885
1955
2090
2224
2244
2263
2183
2102
1963
1824
1622
1421
1284
1148
1165
1182
1231
1280
1298
1315
1387
1459
1528
1596
1679
1761
2250
2740
3417
4094
4095
4095
3726
3358
2342
1325
987
650
868
1086
1448
1809
2125
2441
2551
2661
2551
2440
2295
2150
2032
1914
1775
1637
1542
1447
1475
1503
1618
1732
1837
1942
1963
1984
1917
1849
1761
1673
1656
1639
1724
1809
1936
2063
2130
2196
2154
2111
2005
1899
1843
1787
1840
1894
1970
2046
2061
2076
2077
2077
2087
2097
2087
2076
2085
2095
2111
2127
2045
1962
1816
1670
1553
1436
1410
1385
1701
2018
2706
3395
3740
4084
3552
3019
2214
1408
1132
856
1061
1266
1566
1866
2108
2350
2445
2540
2474
2407
2305
2203
2093
1983
1830
1678
1594
1510
1591
1672
1836
2000
2124
2247
2262
2277
2177
2077
1948
1820
1769
1718
1756
1795
1873
1950
2016
2082
2118
2154
2174
2193
2204
2214
2208
2201
2179
2158
2126
2095
2051
2008
1960
1913
1879
1845
1845
1846
1892
1937
1985
2033
2052
2071
2081
2090
2066
2042
1944
1846
1738
1631
1541
1452
1393
1335
1568
1801
2426
3051
3436
3820
3390
2959
2187
1415
1113
812
1029
1247
1568
1889
2101
2313
2390
2467
2437
2407
2337
2267
2166
2065
1926
1787
1700
1613
1659
1706
1852
1997
2148
2299
2373
2447
2407
2366
2251
2137
2044
1952
1949
1946
2009
2073
2122
2170
2171
2171
2154
2136
2124
2112
2136
2160
2225
2289
2316
2343
2297
2251
2210
2169
2159
2150
2137
2125
2130
2136
2150
2163
2134
2104
2075
2046
2056
2066
2066
2066
2066
2066
2074
2082
2015
1948
1834
1721
1646
1572
1541
1510
1721
1932
2534
3136
3565
3994
3625
3256
2531
1806
1554
1302
1519
1737
1979
2221
2370
2518
2613
2707
2727
2746
2702
2658
2540
2423
2239
2056
1934
1812
1820
1829
1897
1964
2043
2122
2178
2233
2173
2112
1928
1744
1555
1366
1258
1151
1152
1153
1263
1373
1511
1648
1703
1757
1742
1726
1737
1748
1818
1887
1980
2072
2159
2245
2290
2334
2327
2319
2325
2331
2388
2444
2487
2529
2531
2533
2524
2514
2466
2418
2319
2221
2113
2006
1920
1834
1917
2000
2423
2846
3276
3707
3526
3345
2640
1934
1434
934
937
941
1163
1384
1609
1833
2007
2181
2222
2263
2194
2125
2054
1983
1914
1845
1774
1704
1704
1704
1785
1865
1974
2082
2208
2333
2438
2542
2540
2537
2436
2336
2254
2172
2178
2185
2261
2337
2415
2493
2494
2494
2400
2307
2203
2100
2056
2013
2005
1998
1961
1925
1835
1746
1655
1564
1528
1492
1472
1452
1406
1361
1342
1324
1338
1353
1363
1373
1463
1553
1754
1954
2035
2116
1959
1802
1654
1506
1565
1625
1790
1954
2082
2210
2258
2306
2269
2232
2185
2139
2160
2181
2212
2242
2236
2229
2228
2227
2200
2173
2134
2096
2266
2436
2791
3145
3179
3213
2720
2226
1743
1259
1224
1189
1345
1502
1528
1554
1537
1520
1563
1607
1600
1593
1505
1418
1424
1430
1641
1851
2130
2409
2559
2708
2739
2770
2825
2879
2974
3069
3124
3179
3178
3177
3154
3131
3094
3058
2992
2926
2823
2721
2613
2505
2414
2323
2234
2146
2070
1995
1943
1892
1839
1787
1764
1742
1762
1783
1760
1737
1703
1669
1742
1815
1902
1988
2109
2230
2658
3087
3511
3935
3587
3238
2316
1393
902
411
574
737
1006
1275
1451
1626
1816
2005
2160
2314
2388
2462
2451
2439
2270
2102
1836
1570
1405
1240
1247
1255
1377
1499
1650
1800
1867
1933
1881
1829
1753
1677
1646
1616
1608
1600
1606
1613
1643
1672
1673
1674
1628
1581
1558
1536
1574
1613
1676
1738
1860
1981
2209
2436
2641
2845
2859
2873
2729
2585
2442
2300
2279
2259
2358
2457
2534
2610
2566
2521
2437
2354
2262
2170
1974
1778
1559
1340
1298
1256
1371
1486
1622
1757
1861
1964
1994
2023
2002
1981
2041
2102
2225
2347
2370
2393
2351
2308
2325
2342
2351
2360
2291
2221
2180
2140
2187
2234
2259
2283
2212
2140
2042
1945
1926
1907
1975
2044
2139
2233
2318
2402
2461
2520
2515
2510
2436
2362
2271
2181
2096
2012
1945
1879
1867
1855
1871
1888
1867
1846
1804
1762
1748
1735
1722
1710
1679
1648
1646
1644
1686
1729
1778
1826
1859
1891
1911
1931
1938
1944
1941
1938
1929
1921
1917
1913
1929
1946
1984
2021
2063
2105
2151
2197
2245
2293
2314
2334
2314
2294
2264
2234
2219
2204
2203
2202
2216
2231
2246
2260
2238
2215
2158
2102
2060
2019
2007
1996
1985
1974
1958
1943
1949
1955
1984
2012
2032
2052
2049
2045
2034
2024
2020
2016
2016
2017
2026
2034
2054
2074
2090
2105
2099
2093
2077
2062
2061
2061
2072
2084
2093
2101
2112
2122
2142
2161
2166
2171
2150
2129
2109
2089
2088
2088
2098
2108
2119
2130
2131
2131
2112
2093
2078
2063
2074
2086
2105
2124
2122
2119
2096
2074
2053
2033
2032
2031
2045
2060
2068
2075
2071
2067
2065
2064
2068
2073
2082
2091
2107
2123
2132
2141
2134
2127
2121
2116
2116
2117
2113
2108
2105
2102
2103
2104
2091
2078
2058
2039
2039
2039
2050
2060
2065
2069
2076
2083
2085
2086
2068
2049
2025
2002
1994
1986
1985
1985
1983
1982
1980
1979
1978
1977
1981
1985
1991
1996
1993
1990
1985
1980
1982
1985
1987
1989
1992
1995
2006
2017
2019
2020
2011
2002
2009
2016
2036
2055
2062
2069
2070
2070
2066
2062
2041
2020
2003
1986
1996
2007
2022
2037
2042
2046
2051
2056
2050
2044
2021
1998
1989
1980
1988
1996
1998
2000
2000
2000
2007
2014
2011
2008
1985
1963
1939
1916
1906
1897
1902
1908
1929
1949
1977
2005
2028
2051
2061
2070
2070
2070
2070
2071
2073
2075
2069
2062
2055
2048
2057
2067
2080
2093
2089
2084
2076
2068
2075
2082
2092
2101
2106
2110
2118
2125
2124
2123
2094
2065
2035
2005
2007
2009
2028
2047
2058
2069
2077
2084
2089
2094
2092
2090
2089
2088
2092
2096
2093
2090
2079
2068
2064
2060
2064
2069
2076
2083
2086
2088
2085
2082
2074
2067
2055
2044
2030
2017
2011
2006
2014
2023
2034
2044
2048
2052
2063
2073
2099
2125
2146
2167
2157
2147
2112
2078
2055
2032
2023
2014
2000
1986
1979
1972
1988
2004
2021
2038
2039
2040
2044
2047
2051
2054
2035
2015
1985
1956
1947
1938
1942
1947
1949
1951
1956
1961
1968
1974
1975
1975
1978
1981
1993
2005
2010
2015
2011
2007
2006
2005
2000
1996
1983
1971
1966
1961
1967
1974
1978
1981
1980
1979
1975
1972
1963
1954
1943
1932
1926
1920
1921
1922
1934
1945
1965
1985
2001
2017
2028
2038
2051
2064
2071
2078
2079
2079
2082
2084
2087
2089
2084
2078
2068
2058
2047
2036
2035
2035
2069
2104
2148
2192
2188
2184
2133
2083
2042
2001
1991
1981
1989
1998
2020
2041
2068
2095
2118
2140
2158
2175
2172
2169
2132
2096
2053
2010
1992
1975
1983
1992
2020
2047
2080
2113
2129
2144
2139
2133
2128
2124
2123
2122
2110
2099
2085
2072
2070
2069
2073
2078
2085
2092
2099
2105
2097
2088
2062
2037
2022
2007
2016
2026
2040
2053
2054
2054
2052
2051
2055
2060
2053
2045
2016
1987
1967
1947
1961
1976
2007
2038
2059
2080
2083
2086
2072
2057
2029
2002
1978
1955
1946
1937
1938
1940
1948
1955
1956
1956
1947
1939
1941
1943
1957
1971
1968
1965
1950
1936
1941
1947
1965
1982
1983
1983
1967
1952
1940
1928
1930
1933
1958
1982
2019
2056
2084
2111
2121
2130
2127
2123
2107
2091
2073
2056
2049
2042
2045
2048
2056
2063
2076
2088
2104
2120
2125
2129
2119
2108
2095
2082
2078
2075
2076
2078
2077
2075
2065
2056
2045
2035
2037
2039
2051
2062
2064
2065
2060
2055
2053
2052
2045
2039
2031
2023
2028
2033
2040
2047
2040
2032
2026
2020
2028
2037
2048
2059
2072
2084
2098
2111
2112
2113
2101
2089
2075
2061
2046
2031
2019
2007
2012
2017
2043
2068
2097
2126
2136
2145
2126
2107
2076
2046
2032
2018
2021
2025
2039
2052
2071
2090
2098
2105
2093
2081
2070
2060
2064
2068
2068
2068
2054
2041
2030
2019
2014
2009
2012
2016
2032
2047
2056
2064
2048
2031
2012
1994
1995
1996
2004
2012
2020
2028
2041
2054
2056
2057
2039
2020
2005
1991
1999
2007
2025
2042
2051
2060
2056
2052
2043
2034
2024
2014
2000
1987
1980
1973
1989
2006
2029
2051
2054
2056
2051
2045
2044
2044
2039
2034
2025
2016
2006
1997
1986
1976
1980
1984
2012
2040
2065
2090
2098
2106
2107
2107
2100
2093
2077
2061
2055
2049
2060
2072
2093
2113
2130
2147
2149
2151
2144
2137
2135
2133
2135
2138
2139
2139
2137
2136
2124
2112
2083
2054
2021
1989
1974
1959
1966
1974
1989
2004
2004
2004
1985
1967
1951
1935
1924
1914
1902
1891
1887
1883
1894
1905
1935
1965
2011
2057
2088
2119
2107
2095
2059
2023
1992
1961
1947
1933
1952
1972
2021
2070
2106
2141
2147
2153
2150
2146
2130
2114
2090
2066
2065
2065
2081
2098
2100
2102
2090
2078
2068
2059
2055
2052
2058
2064
2080
2095
2096
2097
2086
2074
2075
2077
2088
2099
2096
2092
2082
2073
2077
2082
2087
2092
2087
2081
2086
2091
2114
2137
2150
2162
2154
2146
2135
2124
2116
2109
2099
2089
2077
2066
2053
2041
2024
2008
2001
1994
2008
2022
2045
2067
2074
2081
2069
2056
2041
2027
2026
2026
2033
2040
2043
2046
2047
2047
2045
2042
2026
2011
1993
1975
1970
1965
1969
1974
1982
1990
2003
2015
2024
2032
2030
2027
2019
2012
2003
1995
1987
1980
1982
1985
1996
2006
2015
2023
2029
2034
2033
2032
2015
1998
1981
1964
1965
1967
1980
1993
2002
2010
2012
2014
2013
2012
2008
2004
2004
2005
2013
2021
2034
2047
2059
2071
2077
2083
2082
2080
2072
2065
2058
2051
2046
2041
2039
2038
2042
2046
2063
2080
2100
2120
2116
2112
2081
2050
2025
2001
1997
1993
1997
2001
2016
2030
2058
2086
2103
2120
2118
2115
2110
2106
2104
2103
2094
2085
2078
2071
2073
2076
2082
2087
2100
2112
2133
2153
2162
2171
2160
2148
2131
2114
2101
2088
2080
2073
2075
2077
2084
2090
2087
2084
2076
2069
2069
2070
2070
2069
2054
2039
2019
1999
1987
1976
1977
1978
1994
2009
2025
2040
2034
2027
2003
1979
1967
1956
1964
1973
1987
2000
2010
2020
2023
2026
2024
2021
2022
2023
2028
2032
2026
2019
2002
1986
1974
1962
1956
1951
1961
1971
2007
2043
2076
2108
2099
2089
2045
2002
1958
1914
1891
1869
1879
1889
1925
1961
1991
2020
2024
2027
2015
2003
1994
1986
1987
1989
1996
2002
2007
2012
2023
2033
2044
2055
2058
2061
2071
2081
2108
2135
2146
2157
2142
2126
2123
2120
2147
2175
2208
2241
2257
2272
2256
2240
2186
2133
2069
2005
1965
1926
1912
1898
1885
1873
1852
1831
1824
1818
1857
1896
1957
2018
2039
2060
2034
2008
1975
1942
1923
1904
1909
1915
1956
1996
2040
2084
2099
2114
2113
2111
2109
2108
2110
2112
2138
2164
2208
2251
2266
2280
2256
2232
2208
2185
2171
2158
2141
2124
2118
2112
2122
2133
2128
2122
2090
2058
2032
2007
2005
2003
2016
2029
2050
2070
2080
2089
2064
2039
1991
1943
1911
1880
1880
1880
1897
1915
1941
1966
1984
2002
1997
1991
1982
1974
1987
2000
2016
2032
2031
2030
2029
2029
2032
2035
2026
2016
2006
1997
2008
2020
2039
2057
2070
2083
2094
2104
2102
2100
2080
2060
2045
2031
2029
2028
2026
2024
2020
2017
2015
2014
2008
2002
1993
1984
1982
1981
1981
1981
1982
1983
1994
2004
2015
2025
2021
2016
1996
1977
1959
1942
1948
1954
1991
2027
2061
2095
2099
2103
2099
2095
2095
2095
2080
2066
2046
2027
2036
2045
2073
2101
2118
2135
2141
2147
2143
2139
2119
2100
2084
2068
2070
2072
2079
2085
2083
2081
2076
2071
2070
2070
2076
2082
2092
2101
2099
2096
2083
2071
2066
2061
2059
2057
2046
2036
2030
2025
2035
2045
2056
2066
2067
2068
2068
2068
2060
2052
2031
2011
1998
1985
1989
1993
1999
2005
2013
2021
2045
2069
2089
2109
2101
2092
2063
2035
2004
1973
1945
1918
1911
1904
1924
1945
1970
1994
2005
2016
2020
2023
2018
2013
1998
1983
1977
1971
1981
1991
2001
2011
2017
2022
2033
2043
2050
2056
2044
2032
2015
1999
2005
2011
2034
2057
2072
2086
2090
2094
2101
2108
2110
2112
2097
2081
2058
2035
2019
2003
1997
1991
1994
1998
2010
2021
2032
2042
2046
2049
2045
2040
2022
2004
1983
1962
1954
1946
1950
1954
1961
1968
1978
1987
2000
2013
2016
2019
2010
2000
1993
1987
1988
1989
1985
1981
1976
1971
1979
1987
2004
2021
2038
2054
2082
2109
2139
2169
2174
2178
2165
2152
2155
2159
2188
2216
2241
2265
2259
2253
2217
2182
2144
2106
2083
2061
2042
2023
2000
1977
1973
1970
1999
2029
2068
2106
2125
2143
2144
2145
2144
2142
2125
2109
2074
2039
2015
1992
1996
2001
2013
2025
2034
2042
2055
2068
2079
2090
2096
2101
2112
2122
2126
2130
2118
2105
2101
2098
2114
2131
2141
2151
2148
2144
2136
2129
2111
2093
2062
2031
2011
1992
1994
1996
2015
2033
2066
2098
2125
2152
2148
2143
2118
2093
2075
2058
2043
2028
2009
1991
1988
1985
1998
2011
2017
2022
2012
2001
1974
1948
1905
1863
1831
1799
1809
1820
1856
1892
1918
1943
1948
1953
1950
1946
1942
1939
1940
1942
1943
1944
1947
1949
1958
1967
1971
1975
1974
1972
1987
2002
2029
2056
2063
2069
2064
2058
2058
2058
2053
2047
2035
2024
2027
2031
2036
2041
2028
2015
2006
1997
2006
2016
2025
2033
2036
2039
2051
2062
2079
2095
2103
2110
2111
2111
2107
2103
2094
2086
2073
2060
2053
2047
2057
2067
2092
2117
2139
2160
2170
2179
2176
2173
2157
2142
2119
2097
2083
2069
2072
2075
2090
2105
2121
2137
2144
2151
2139
2126
2097
2069
2047
2025
2025
2026
2039
2051
2058
2064
2065
2065
2065
2065
2067
2069
2069
2069
2061
2054
2050
2046
2053
2060
2070
2080
2086
2091
2092
2092
2088
2083
2078
2073
2076
2079
2085
2091
2091
2090
2088
2086
2085
2084
2075
2067
2055
2043
2042
2041
2051
2062
2075
2088
2095
2102
2098
2094
2074
2055
2030
2006
1995
1984
1987
1990
1994
1998
1999
1999
2006
2013
2023
2032
2033
2033
2030
2027
2023
2020
2013
2006
2008
2011
2029
2047
2051
2055
2037
2019
2012
2006
2018
2031
2039
2046
2051
2055
2066
2077
2080
2083
2074
2064
2052
2041
2033
2026
2026
2027
2040
2052
2064
2076
2079
2081
2078
2075
2062
2049
2028
2008
1996
1985
1988
1991
1999
2006
2009
2011
2009
2007
2005
2003
2005
2007
2008
2008
2003
1998
1997
1997
2003
2010
2019
2028
2038
2048
2054
2059
2055
2050
2043
2036
2039
2043
2055
2066
2073
2079
2079
2078
2079
2080
2083
2085
2081
2076
2069
2062
2062
2063
2064
2065
2067
2069
2081
2093
2100
2106
2100
2094
2092
2090
2083
2077
2055
2033
2024
2015
2026
2037
2040
2042
2042
2041
2055
2069
2080
2091
2091
2091
2089
2088
2080
2072
2063
2054
2060
2066
2079
2091
2094
2097
2096
2094
2088
2082
2077
2073
2080
2087
2094
2100
2094
2088
2086
2085
2089
2094
2084
2073
2053
2034
2027
2021
2026
2032
2044
2055
2067
2079
2086
2092
2090
2088
2075
2062
2037
2013
1994
1976
1981
1986
1997
2008
2002
1996
1984
1972
1972
1972
1978
1984
1988
1991
1990
1989
1988
1987
2002
2017
2044
2070
2070
2070
2035
2000
1973
1947
1952
1958
1972
1986
2000
2013
2035
2057
2076
2095
2100
2104
2100
2095
2084
2074
2062
2051
2052
2054
2059
2063
2055
2047
2041
2035
2045
2056
2065
2073
2063
2053
2038
2023
2018
2014
2018
2023
2029
2034
2037
2040
2044
2048
2050
2051
2042
2032
2016
2001
1990
1980
1979
1978
1989
2000
2020
2039
2046
2053
2045
2037
2033
2030
2031
2032
2026
2019
2021
2024
2049
2074
2090
2106
2092
2078
2063
2048
2059
2070
2093
2115
2125
2135
2128
2121
2102
2084
2066
2048
2044
2041
2060
2080
2108
2136
2141
2145
2125
2105
2100
2095
2114
2133
2136
2138
2115
2091
2078
2065
2070
2076
2079
2082
2080
2078
2072
2066
2048
2031
2019
2008
2017
2027
2038
2049
2048
2046
2041
2037
2032
2027
2023
2019
2029
2040
2059
2077
2080
2082
2071
2059
2045
2032
2012
1992
1969
1947
1939
1931
1944
1957
1982
2006
2027
2047
2056
2065
2069
2073
2074
2074
2061
2048
2029
2011
2010
2010
2020
2030
2033
2035
2032
2028
2024
2021
2017
2014
2016
2018
2026
2033
2033
2032
2031
2031
2042
2053
2055
2056
2041
2025
2024
2024
2044
2065
2075
2085
2079
2073
2061
2049
2026
2004
1981
1959
1959
1959
1973
1986
1993
2000
2009
2017
2026
2035
2032
2028
2020
2013
2013
2013
2016
2019
2027
2034
2042
2050
2051
2051
2051
2051
2054
2057
2055
2053
2047
2041
2043
2045
2051
2057
2060
2062
2065
2067
2068
2068
2064
2061
2055
2050
2047
2044
2053
2062
2084
2105
2118
2131
2125
2119
2096
2074
2048
2023
2015
2008
2026
2045
2066
2086
2089
2092
2090
2087
2087
2087
2089
2090
2090
2089
2086
2084
2084
2085
2092
2098
2104
2109
2110
2111
2108
2104
2092
2081
2075
2070
2081
2092
2101
2109
2106
2102
2102
2103
2100
2097
2074
2051
2034
2017
2021
2025
2031
2037
2041
2044
2051
2057
2046
2034
2005
1976
1968
1960
1972
1985
1991
1996
1994
1991
1995
1999
2006
2012
2013
2014
2014
2014
2013
2012
2010
2008
2012
2017
2029
2041
2047
2053
2046
2039
2029
2020
2021
2023
2033
2043
2046
2049
2045
2041
2043
2045
2051
2056
2050
2043
2032
2022
2023
2025
2036
2046
2058
2070
2081
2091
2086
2080
2051
2023
1999
1975
1975
1975
1985
1995
2001
2007
2015
2022
2032
2041
2046
2050
2046
2042
2033
2024
2018
2012
2013
2014
2023
2031
2043
2055
2062
2068
2061
2054
2041
2028
2025
2022
2029
2036
2043
2050
2057
2064
2072
2080
2083
2085
2076
2067
2051
2036
2029
2022
2034
2046
2070
2093
2105
2117
2108
2099
2082
2065
2051
2038
2032
2026
2036
2046
2073
2099
2115
2131
2120
2108
2087
2066
2063
2060
2068
2076
2076
2075
2064
2054
2052
2051
2064
2077
2094
2110
2117
2123
2118
2113
2106
2100
2095
2090
2079
2068
2053
2039
2034
2029
2033
2037
2033
2029
2020
2012
2017
2022
2034
2045
2047
2049
2050
2050
2047
2044
2023
2003
1986
1970
1980
1991
2008
2025
2024
2022
2012
2003
1997
1992
1989
1987
1988
1989
1991
1992
1995
1997
2014
2030
2054
2077
2082
2087
2076
2065
2056
2048
2046
2045
2047
2050
2056
2062
2067
2071
2074
2077
2079
2080
2076
2071
2066
2062
2064
2066
2068
2069
2063
2057
2049
2041
2030
2020
2007
1994
1985
1977
1974
1971
1974
1977
1987
1997
2006
2014
2014
2014
2013
2013
2016
2020
2021
2021
2016
2010
2006
2002
2003
2004
2008
2011
2015
2018
2021
2024
2030
2036
2044
2052
2060
2067
2076
2085
2091
2097
2089
2080
2059
2039
2025
2012
2022
2032
2060
2088
2111
2134
2134
2134
2115
2096
2077
2058
2051
2044
2047
2051
2058
2065
2071
2077
2079
2080
2079
2078
2080
2082
2087
2091
2090
2089
2084
2080
2076
2073
2072
2072
2078
2085
2098
2110
2110
2110
2098
2086
2084
2082
2088
2095
2093
2090
2083
2077
2076
2075
2070
2065
2057
2050
2048
2046
2046
2046
2045
2044
2040
2036
2028
2020
2014
2008
2006
2005
2003
2001
1999
1998
2001
2005
2008
2011
2011
2011
2011
2011
2009
2007
2001
1995
1998
2001
2015
2029
2041
2053
2055
2057
2048
2038
2027
2016
2020
2024
2034
2044
2041
2037
2035
2034
2047
2060
2061
2061
2044
2027
2022
2017
2026
2035
2044
2052
2062
2071
2073
2074
2048
2021
1989
1957
1953
1950
1963
1977
1989
2000
2006
2012
2014
2016
2014
2012
2009
2006
2004
2003
2004
2005
2011
2016
2022
2028
2034
2040
2047
2054
2056
2057
2055
2053
2054
2056
2059
2061
2062
2062
2065
2069
2078
2086
2084
2082
2070
2058
2052
2046
2051
2057
2070
2083
2095
2107
2111
2115
2105
2095
2076
2058
2048
2038
2044
2051
2066
2080
2089
2097
2095
2093
2090
2087
2094
2101
2107
2112
2101
2089
2074
2059
2063
2067
2082
2097
2108
2118
2122
2125
2119
2112
2098
2085
2082
2079
2081
2083
2075
2066
2058
2051
2056
2061
2061
2061
2050
2039
2036
2033
2037
2042
2046
2050
2057
2064
2067
2069
2050
2030
2001
1973
1963
1954
1962
1970
1984
1997
2010
2023
2031
2038
2039
2040
2038
2036
2028
2021
2008
1995
1989
1984
1996
2008
2025
2042
2047
2051
2046
2041
2044
2048
2067
2086
2101
2115
2117
2119
2121
2123
2129
2135
2135
2134
2124
2114
2110
2107
2119
2131
2149
2167
2168
2169
2156
2143
2132
2121
2103
2086
2048
2011
1976
1941
1927
1914
1911
1908
1909
1910
1923
1936
1952
1967
1961
1955
1924
1894
1863
1833
1829
1826
1848
1870
1896
1922
1936
1950
1958
1965
1968
1970
1967
1963
1960
1958
1961
1964
1971
1978
1994
2010
2044
2077
2112
2146
2156
2165
2156
2147
2146
2146
2160
2175
2191
2207
2213
2219
2219
2218
2229
2240
2276
2311
2339
2367
2352
2337
2296
2256
2232
2208
2201
2194
2184
2174
2153
2132
2105
2078
2058
2038
2033
2028
2031
2035
2032
2029
2012
1995
1981
1968
1986
2004
2036
2068
2052
2035
1968
1901
1865
1829
1855
1881
1902
1923
1895
1866
1844
1823
1879
1936
2033
2129
2149
2168
2090
2011
1935
1859
1839
1819
1822
1826
1847
1868
1903
1938
1929
1920
1868
1816
1812
1809
1871
1934
1978
2021
1996
1971
1899
1827
1756
1686
1682
1679
1785
1891
2050
2209
2304
2399
2374
2349
2258
2167
2107
2048
2063
2078
2142
2206
2262
2318
2322
2325
2274
2222
2155
2088
2038
1989
1965
1942
1951
1961
1987
2012
2014
2016
1994
1972
1962
1953
1973
1994
2037
2080
2115
2149
2123
2096
2012
1928
1879
1830
1874
1919
2014
2109
2173
2237
2231
2224
2175
2127
2108
2090
2122
2155
2188
2221
2223
2224
2220
2216
2231
2247
2278
2308
2331
2354
2340
2325
2274
2223
2191
2159
2179
2199
2229
2259
2252
2245
2213
2181
2150
2119
2089
2059
2034
2009
1999
1990
1987
1985
1982
1979
1991
2004
2028
2052
2048
2044
1998
1953
1901
1850
1829
1809
1817
1826
1837
1847
1838
1828
1804
1781
1773
1765
1777
1789
1790
1790
1762
1734
1716
1698
1721
1744
1777
1809
1812
1815
1809
1803
1824
1845
1894
1943
2007
2070
2131
2192
2208
2224
2164
2103
2002
1902
1830
1758
1733
1709
1703
1697
1689
1681
1675
1670
1665
1660
1634
1608
1566
1524
1517
1510
1569
1629
1707
1784
1818
1852
1848
1844
1835
1827
1849
1871
1977
2083
2258
2433
2566
2698
2735
2772
2774
2776
2792
2807
2852
2897
2984
3071
3154
3236
3270
3303
3324
3344
3337
3330
3199
3069
2838
2607
2387
2167
1973
1779
1588
1398
1247
1097
1005
913
870
827
810
793
742
691
622
553
589
625
760
894
987
1079
1119
1159
1224
1288
1354
1420
1459
1498
1563
1628
1744
1859
2024
2189
2415
2641
2892
3143
3375
3607
3817
4027
4061
4094
4095
4095
4095
4095
4095
4095
4049
4004
3856
3708
3612
3517
3460
3403
3271
3140
2873
2606
2238
1870
1514
1158
953
748
735
723
801
880
925
970
943
915
861
807
779
752
759
766
812
858
963
1067
1197
1327
1399
1471
1469
1466
1452
1438
1458
1478
1546
1613
1730
1846
1971
2096
2169
2242
2253
2264
2252
2240
2226
2212
2199
2186
2174
2163
2158
2154
2155
2157
2156
2155
2138
2121
2101
2082
2080
2079
2091
2103
2108
2113
2103
2093
2078
2064
2064
2065
2090
2115
2150
2184
2203
2222
2217
2212
2191
2171
2143
2115
2088
2061
2051
2042
2057
2073
2099
2124
2136
2147
2142
2136
2125
2114
2107
2101
2095
2090
2085
2080
2077
2075
2073
2071
2070
2069
2072
2075
2079
2082
2084
2086
2095
2103
2123
2142
2173
2204
2240
2275
2294
2313
2303
2293
2276
2259
2256
2253
2257
2262
2265
2268
2267
2266
2259
2253
2246
2240
2227
2214
2184
2155
2128
2102
2095
2089
2084
2080
2067
2054
2046
2039
2039
2039
2040
2041
2045
2049
2041
2032
2005
1978
1962
1946
1953
1960
1973
1986
1997
2008
2021
2034
2043
2051
2049
2047
2031
2016
1996
1976
1973
1971
1991
2011
2030
2048
2050
2052
2050
2048
2050
2053
2055
2057
2059
2060
2069
2078
2093
2107
2108
2109
2091
2072
2055
2038
2040
2043
2061
2078
2091
2103
2097
2090
2064
2039
2017
1995
1991
1988
1998
2009
2022
2035
2037
2039
2031
2023
2021
2020
2025
2030
2028
2026
2021
2016
2020
2024
2026
2028
2022
2015
2013
2011
2019
2028
2046
2064
2081
2098
2100
2101
2092
2082
2084
2087
2105
2122
2129
2136
2122
2107
2085
2064
2057
2050
2063
2077
2093
2108
2109
2109
2098
2087
2069
2052
2036
2020
2020
2020
2035
2049
2053
2056
2047
2038
2040
2043
2060
2076
2080
2083
2066
2049
2034
2019
2023
2027
2045
2063
2083
2102
2112
2122
2115
2108
2094
2081
2081
2081
2085
2090
2087
2084
2081
2079
2082
2086
2083
2079
2071
2063
2063
2063
2065
2067
2063
2059
2047
2035
2017
1999
1986
1974
1982
1991
2008
2025
2027
2028
2024
2020
2028
2036
2044
2052
2043
2033
2016
1999
1991
1984
1991
1998
2016
2033
2046
2059
2058
2056
2050
2045
2051
2057
2065
2072
2068
2064
2056
2048
2046
2044
2039
2035
2028
2021
2017
2014
2014
2014
2019
2024
2036
2048
2053
2058
2044
2030
2010
1991
1986
1981
1990
1999
2008
2017
2016
2014
2010
2007
2014
2021
2032
2042
2039
2036
2021
2006
1994
1983
1982
1981
1993
2005
2021
2037
2042
2046
2048
2049
2060
2070
2080
2089
2088
2086
2080
2074
2068
2062
2057
2052
2049
2047
2041
2036
2031
2026
2039
2053
2083
2112
2131
2150
2146
2142
2115
2089
2054
2019
2000
1982
1991
2001
2022
2042
2055
2068
2064
2060
2039
2018
2000
1983
1984
1986
1990
1994
1995
1995
2012
2029
2057
2085
2100
2115
2120
2124
2126
2128
2119
2110
2099
2088
2091
2094
2100
2106
2106
2105
2104
2103
2098
2094
2081
2068
2063
2059
2064
2070
2069
2067
2058
2049
2044
2040
2031
2022
2009
1996
1992
1988
1990
1993
1993
1992
1991
1990
1997
2004
2018
2031
2036
2041
2030
2019
2004
1990
1989
1989
1998
2007
2015
2023
2031
2038
2039
2039
2030
2021
2019
2017
2028
2039
2047
2054
2052
2049
2046
2044
2045
2047
2049
2051
2051
2051
2050
2049
2048
2047
2045
2043
2039
2036
2028
2021
2004
1987
1964
1942
1936
1930
1946
1963
1985
2007
2020
2032
2036
2040
2041
2041
2034
2027
2013
1999
1991
1983
1986
1989
1994
1999
2005
2011
2030
2049
2064
2079
2068
2057
2043
2029
2037
2045
2057
2068
2070
2071
2081
2091
2103
2114
2102
2089
2068
2048
2047
2047
2052
2058
2055
2052
2055
2059
2081
2102
2119
2135
2135
2134
2120
2107
2087
2067
2056
2045
2056
2068
2088
2107
2108
2108
2095
2081
2075
2070
2073
2076
2074
2071
2064
2057
2064
2072
2096
2119
2131
2142
2121
2100
2060
2020
1987
1954
1945
1936
1950
1964
1989
2014
2041
2067
2088
2109
2110
2110
2090
2070
2054
2039
2037
2035
2033
2032
2033
2035
2043
2051
2045
2039
2013
1987
1967
1947
1945
1944
1948
1953
1957
1961
1969
1977
1993
2009
2028
2046
2058
2070
2064
2057
2036
2016
2007
1999
2009
2020
2021
2021
2001
1980
1968
1957
1969
1982
2006
2030
2061
2092
2123
2153
2155
2157
2130
2103
2077
2051
2038
2026
2019
2013
2012
2012
2025
2039
2067
2094
2125
2155
2171
2186
2170
2154
2106
2059
2004
1950
1920
1890
1890
1890
1906
1922
1954
1986
2030
2074
2103
2131
2125
2118
2089
2061
2037
2014
2006
1999
2001
2004
2008
2012
2013
2013
2010
2007
2011
2016
2038
2059
2076
2092
2085
2077
2067
2058
2062
2066
2069
2071
2070
2069
2071
2074
2066
2058
2042
2027
2029
2032
2041
2050
2048
2046
2050
2054
2067
2080
2077
2073
2059
2045
2039
2033
2029
2026
2021
2016
2016
2016
2027
2037
2060
2082
2097
2112
2098
2084
2063
2043
2045
2048
2058
2067
2070
2073
2078
2082
2078
2074
2058
2043
2045
2047
2068
2088
2094
2100
2095
2090
2092
2095
2097
2099
2083
2067
2046
2026
2024
2022
2038
2054
2069
2084
2086
2087
2079
2071
2055
2039
2022
2005
2003
2001
2013
2025
2029
2032
2022
2012
2007
2002
2010
2019
2030
2041
2046
2050
2049
2047
2037
2028
2018
2008
2010
2013
2030
2047
2053
2059
2047
2034
2029
2024
2037
2050
2058
2066
2064
2062
2064
2067
2071
2074
2062
2049
2029
2009
2002
1995
2004
2013
2032
2050
2066
2081
2081
2080
2062
2044
2023
2002
1994
1986
1988
1990
1991
1992
1990
1987
1983
1979
1976
1974
1980
1986
2002
2017
2024
2031
2020
2009
1998
1987
1990
1994
2010
2026
2042
2058
2064
2070
2066
2061
2054
2047
2040
2034
2030
2027
2034
2041
2053
2064
2068
2071
2073
2075
2079
2083
2077
2071
2069
2067
2087
2108
2129
2150
2142
2134
2100
2066
2027
1988
1967
1946
1961
1976
2012
2048
2068
2087
2087
2087
2085
2084
2088
2093
2096
2098
2089
2079
2060
2041
2032
2024
2040
2057
2090
2122
2147
2171
2170
2169
2147
2125
2108
2092
2093
2094
2105
2115
2126
2137
2140
2142
2125
2107
2075
2043
2022
2002
2007
2013
2037
2061
2084
2107
2110
2112
2092
2071
2043
2015
1994
1974
1968
1962
1970
1978
1992
2006
2019
2031
2040
2048
2045
2041
2017
1994
1963
1933
1913
1893
1889
1886
1901
1917
1952
1987
2016
2045
2049
2053
2049
2044
2044
2044
2041
2039
2038
2037
2048
2059
2068
2077
2076
2075
2078
2082
2087
2092
2088
2084
2082
2080
2082
2084
2082
2079
2079
2080
2087
2093
2084
2074
2055
2037
2037
2038
2046
2054
2045
2036
2026
2017
2022
2027
2035
2042
2042
2041
2030
2020
2001
1982
1973
1964
1974
1985
2002
2019
2026
2032
2030
2028
2025
2023
2029
2035
2047
2058
2059
2059
2053
2046
2045
2045
2047
2049
2046
2043
2042
2041
2046
2052
2059
2066
2073
2079
2085
2090
2092
2093
2092
2090
2088
2086
2081
2077
2075
2073
2081
2089
2100
2110
2108
2106
2088
2071
2053
2036
2032
2029
2036
2044
2053
2061
2062
2063
2060
2056
2058
2061
2070
2078
2074
2070
2046
2023
2004
1986
1990
1995
2014
2033
2048
2062
2064
2065
2057
2048
2041
2035
2037
2040
2049
2057
2070
2082
2097
2112
2116
2119
2105
2090
2071
2053
2041
2030
2026
2022
2031
2040
2065
2089
2107
2125
2121
2116
2101
2087
2072
2058
2038
2019
2003
1988
1990
1992
2004
2015
2021
2026
2029
2032
2039
2046
2050
2054
2050
2046
2036
2026
2016
2007
2006
2006
2018
2031
2049
2067
2073
2078
2063
2048
2031
2014
2018
2022
2036
2050
2053
2055
2055
2055
2061
2067
2064
2061
2048
2035
2033
2031
2035
2040
2041
2041
2048
2055
2070
2084
2085
2086
2077
2068
2063
2059
2052
2046
2035
2025
2024
2024
2028
2033
2032
2030
2023
2016
2013
2011
2017
2024
2037
2050
2051
2051
2035
2018
2003
1988
1987
1986
1991
1996
2006
2015
2024
2033
2035
2036
2034
2032
2030
2028
2028
2028
2037
2045
2061
2076
2084
2092
2085
2078
2065
2052
2043
2035
2038
2042
2060
2077
2090
2103
2101
2099
2096
2094
2097
2101
2105
2108
2109
2110
2105
2100
2084
2069
2054
2040
2037
2035
2039
2044
2051
2058
2063
2068
2066
2064
2062
2060
2059
2058
2046
2035
2016
1998
1992
1986
1993
2000
2010
2019
2022
2025
2015
2005
1991
1978
1983
1988
2008
2028
2038
2048
2049
2049
2047
2046
2039
2032
2022
2013
2010
2008
2010
2013
2024
2034
2053
2072
2080
2088
2078
2068
2064
2061
2073
2085
2090
2095
2088
2081
2078
2075
2080
2086
2096
2105
2113
2121
2120
2118
2099
2081
2061
2042
2038
2035
2040
2045
2044
2043
2036
2030
2027
2025
2022
2020
2015
2011
2011
2011
2016
2021
2025
2029
2034
2039
2041
2042
2037
2031
2026
2022
2017
2013
1999
1985
1976
1967
1974
1982
1988
1993
1985
1977
1977
1978
1996
2014
2034
2054
2063
2071
2059
2047
2024
2001
1995
1990
1999
2009
2014
2019
2021
2022
2029
2035
2039
2043
2046
2049
2056
2063
2068
2073
2075
2077
2078
2078
2071
2063
2051
2040
2041
2043
2055
2067
2076
2085
2091
2097
2098
2099
2088
2077
2061
2045
2034
2024
2016
2009
2005
2002
2009
2016
2024
2031
2027
2023
2018
2014
2020
2026
2030
2034
2031
2028
2027
2027
2027
2027
2024
2021
2027
2034
2051
2068
2081
2094
2100
2106
2109
2112
2109
2106
2102
2099
2101
2103
2103
2102
2098
2094
2094
2094
2098
2101
2103
2104
2101
2098
2085
2073
2059
2046
2046
2046
2056
2065
2073
2080
2083
2086
2080
2074
2057
2040
2029
2018
2022
2027
2034
2041
2037
2032
2019
2006
1997
1989
1992
1996
2007
2018
2025
2031
2030
2028
2024
2020
2016
2012
2007
2003
2004
2005
2014
2022
2027
2032
2025
2017
2012
2007
2018
2029
2037
2044
2032
2019
2008
1998
2009
2020
2038
2055
2060
2064
2056
2048
2035
2023
2016
2010
2012
2015
2022
2028
2032
2035
2035
2034
2029
2025
2027
2030
2042
2053
2059
2065
2066
2066
2066
2065
2053
2041
2022
2004
2002
2001
2010
2020
2030
2040
2058
2076
2084
2092
2068
2043
2012
1981
1977
1973
1982
1992
2002
2011
2023
2034
2046
2057
2065
2072
2073
2073
2061
2049
2035
2021
2018
2016
2020
2024
2034
2043
2056
2068
2069
2070
2064
2057
2058
2060
2062
2063
2062
2061
2072
2083
2095
2106
2096
2086
2072
2058
2053
2049
2043
2037
2039
2041
2066
2091
2112
2132
2125
2118
2094
2070
2048
2026
2019
2013
2025
2038
2054
2069
2072
2075
2071
2067
2069
2071
2088
2105
2126
2147
2143
2138
2111
2084
2075
2067
2080
2093
2100
2107
2111
2114
2124
2134
2136
2138
2137
2136
2147
2158
2167
2175
2173
2170
2171
2173
2172
2171
2151
2132
2107
2082
2066
2051
2044
2038
2038
2038
2026
2014
1987
1960
1960
1960
1990
2019
2018
2016
1977
1938
1923
1909
1926
1943
1952
1961
1955
1949
1940
1932
1928
1925
1942
1959
1999
2038
2066
2094
2090
2086
2064
2042
2019
1996
1983
1970
1975
1981
1993
2005
2009
2013
2017
2021
2023
2024
2010
1995
1982
1969
1970
1972
1962
1952
1925
1899
1900
1901
1938
1975
2008
2040
2050
2060
2056
2051
2042
2034
2034
2034
2044
2054
2060
2066
2066
2065
2061
2058
2055
2052
2056
2060
2076
2092
2105
2117
2114
2111
2099
2087
2076
2065
2062
2060
2072
2085
2102
2118
2122
2126
2122
2118
2114
2111
2104
2098
2089
2080
2080
2081
2092
2102
2112
2121
2123
2125
2117
2108
2089
2071
2059
2048
2056
2064
2087
2109
2127
2145
2149
2153
2143
2133
2120
2107
2101
2096
2096
2097
2101
2104
2105
2106
2102
2098
2092
2086
2085
2084
2079
2075
2063
2051
2041
2032
2022
2013
2000
1987
1988
1990
2011
2031
2035
2038
2021
2003
1995
1987
1990
1993
1986
1978
1971
1965
1976
1988
2002
2015
2018
2021
2017
2013
1996
1980
1966
1953
1965
1978
2001
2023
2031
2038
2039
2039
2038
2037
2028
2019
2010
2002
1998
1994
1995
1996
2026
2056
2103
2150
2156
2162
2123
2083
2052
2021
2006
1991
1962
1934
1902
1871
1871
1871
1905
1939
1986
2032
2061
2090
2088
2086
2064
2042
2021
2001
1997
1993
2009
2026
2047
2067
2069
2071
2060
2049
2039
2030
2029
2028
2040
2053
2073
2093
2098
2103
2092
2081
2073
2066
2069
2073
2087
2100
2116
2132
2134
2136
2120
2104
2083
2062
2046
2031
2023
2016
2019
2022
2037
2051
2069
2086
2101
2115
2114
2113
2095
2078
2060
2043
2034
2025
2019
2013
2018
2024
2050
2076
2109
2142
2158
2173
2169
2164
2151
2138
2125
2113
2097
2082
2062
2042
2027
2013
2010
2007
2016
2025
2042
2058
2067
2076
2073
2069
2060
2052
2043
2035
2027
2019
2016
2014
2022
2030
2038
2045
2040
2034
2022
2010
2003
1997
1992
1988
1978
1969
1961
1954
1954
1955
1961
1966
1976
1986
2005
2024
2040
2055
2054
2053
2047
2041
2045
2049
2051
2053
2040
2026
2010
1995
1993
1992
1995
1998
2006
2013
2039
2064
2096
2127
2133
2138
2116
2094
2065
2037
2017
1997
1990
1984
1986
1989
1995
2000
2016
2032
2058
2083
2085
2086
2057
2028
2005
1982
1971
1961
1944
1928
1918
1909
1911
1914
1903
1892
1876
1861
1863
1866
1862
1857
1826
1795
1766
1738
1724
1711
1699
1687
1678
1669
1660
1652
1651
1651
1699
1748
1852
1955
2054
2152
2205
2258
2277
2295
2298
2301
2317
2333
2379
2425
2474
2523
2531
2539
2508
2476
2433
2390
2369
2348
2358
2369
2381
2392
2373
2353
2315
2278
2252
2227
2209
2191
2171
2152
2133
2115
2100
2086
2075
2064
2056
2048
2038
2029
2019
2009
2005
2001
2002
2004
2016
2027
2050
2072
2089
2105
2105
2105
2112
2120
2149
2178
2197
2215
2200
2184
2149
2114
2074
2034
1994
1955
1931
1907
1902
1898
1894
1891
1877
1863
1848
1833
1823
1814
1810
1807
1813
1819
1839
1858
1888
1918
1944
1969
1975
1981
1970
1958
1943
1929
1920
1911
1912
1914
1931
1947
1965
1982
1990
1997
2000
2003
2003
2003
1996
1990
1986
1983
1978
1973
1950
1928
1911
1894
1925
1957
2017
2076
2106
2135
2127
2119
2101
2084
2062
2041
2018
1996
1994
1993
2010
2028
2044
2060
2073
2085
2093
2100
2094
2087
2080
2073
2083
2094
2100
2105
2085
2064
2042
2021
2023
2025
2037
2049
2062
2074
2088
2101
2111
2120
2121
2121
2108
2095
2074
2053
2053
2053
2079
2104
2121
2137
2140
2142
2154
2165
2172
2178
2172
2165
2175
2186
2206
2225
2215
2205
2180
2155
2150
2145
2141
2137
2112
2087
2059
2032
2023
2015
2021
2027
2027
2026
2005
1984
1966
1948
1951
1954
1957
1959
1943
1927
1921
1915
1940
1965
1999
2032
2045
2058
2048
2038
2016
1995
1974
1954
1943
1933
1936
1939
1962
1984
2016
2047
2061
2074
2064
2054
2041
2028
2025
2022
2019
2017
2015
2014
2016
2019
2020
2020
2016
2011
2008
2005
2012
2020
2041
2062
2083
2104
2107
2109
2096
2083
2074
2066
2068
2070
2076
2082
2087
2091
2090
2089
2084
2080
2081
2082
2082
2081
2068
2055
2043
2031
2029
2028
2022
2017
2006
1995
1989
1983
1980
1978
1971
1964
1956
1948
1933
1918
1893
1869
1842
1816
1788
1760
1721
1683
1641
1599
1576
1554
1552
1551
1542
1533
1498
1464
1422
1381
1355
1329
1327
1325
1353
1382
1450
1517
1612
1707
1818
1928
2040
2151
2230
2309
2338
2367
2381
2395
2425
2454
2489
2523
2566
2608
2673
2737
2798
2858
2878
2897
2868
2839
2778
2718
2671
2624
2622
2621
2626
2632
2607
2582
2555
2528
2509
2491
2434
2378
2292
2206
2141
2077
2031
1986
1945
1905
1872
1839
1781
1723
1624
1525
1450
1376
1371
1366
1397
1429
1467
1504
1538
1571
1583
1594
1591
1588
1589
1591
1589
1587
1578
1569
1594
1619
1697
1775
1861
1946
1998
2050
2079
2107
2133
2158
2183
2207
2234
2261
2310
2359
2429
2498
2557
2615
2636
2657
2636
2614
2570
2527
2498
2469
2471
2473
2503
2532
2582
2631
2668
2705
2675
2645
2554
2463
2377
2292
2245
2198
2180
2163
2169
2176
2186
2196
2179
2162
2125
2089
2046
2004
1940
1877
1803
1730
1682
1635
1605
1576
1542
1508
1488
1469
1475
1482
1486
1490
1483
1476
1488
1501
1548
1594
1651
1707
1748
1788
1810
1831
1851
1870
1896
1922
1946
1970
1992
2014
2042
2069
2096
2123
2146
2168
2183
2197
2185
2173
2134
2095
2067
2040
2035
2031
2028
2025
2025
2025
2039
2052
2065
2077
2085
2093
2102
2110
2106
2102
2089
2076
2075
2074
2083
2093
2102
2110
2121
2132
2143
2154
2162
2170
2181
2192
2199
2206
2201
2195
2192
2190
2199
2208
2219
2229
2240
2250
2261
2271
2270
2268
2257
2247
2235
2224
2202
2181
2161
2141
2141
2141
2143
2146
2136
2126
2114
2102
2091
2081
2063
2046
2031
2016
2013
2011
2018
2026
2035
2043
2038
2033
2020
2008
2011
2014
2024
2034
2036
2038
2046
2054
2064
2074
2067
2060
2059
2058
2080
2103
2113
2122
2109
2096
2090
2084
2086
2089
2091
2093
2099
2104
2106
2107
2100
2093
2086
2080
2075
2070
2072
2075
2091
2106
2113
2120
2113
2105
2097
2090
2072
2055
2038
2021
2053
2086
2135
2184
2168
2152
2109
2066
2071
2077
2097
2116
2113
2109
2115
2121
2129
2137
2109
2081
2056
2032
2048
2064
2076
2087
2069
2050
2038
2027
2035
2043
2052
2060
2075
2089
2113
2136
2136
2135
2103
2071
2051
2031
2040
2050
2066
2082
2088
2093
2095
2096
2098
2100
2105
2109
2118
2126
2132
2137
2133
2129
2120
2112
2108
2105
2108
2111
2114
2116
2110
2104
2090
2076
2071
2066
2077
2089
2100
2110
2103
2096
2082
2068
2062
2056
2047
2038
2023
2008
2004
2000
2000
2000
1991
1982
1975
1968
1972
1977
1986
1994
1997
1999
1993
1987
1974
1962
1957
1953
1956
1960
1963
1965
1973
1980
1992
2004
2002
2000
1994
1988
1996
2004
2008
2012
2003
1994
1995
1997
2005
2012
2010
2007
2014
2022
2052
2082
2097
2112
2098
2084
2066
2049
2047
2046
2059
2073
2096
2119
2138
2156
2161
2166
2163
2159
2145
2132
2109
2087
2072
2058
2062
2066
2077
2087
2088
2088
2075
2063
2053
2043
2047
2051
2058
2065
2057
2049
2030
2012
2002
1992
1990
1988
1984
1980
1971
1963
1954
1945
1940
1935
1941
1947
1966
1985
2010
2034
2050
2066
2067
2067
2057
2048
2037
2026
2016
2007
1995
1983
1970
1958
1953
1948
1960
1972
2002
2031
2059
2087
2095
2102
2091
2079
2059
2040
2026
2013
2013
2014
2027
2040
2055
2069
2073
2076
2066
2055
2037
2020
2005
1991
1978
1965
1960
1956
1976
1997
2030
2062
2074
2085
2078
2070
2069
2069
2079
2090
2103
2116
2125
2134
2134
2133
2126
2120
2113
2106
2095
2085
2082
2079
2094
2110
2118
2126
2105
2083
2061
2039
2034
2030
2019
2009
1992
1976
1975
1975
1985
1995
2003
2011
2017
2023
2021
2018
2003
1989
1979
1969
1971
1973
1977
1980
1981
1981
1984
1986
1991
1996
2002
2008
2010
2012
2010
2008
2006
2005
2007
2010
2015
2019
2023
2027
2033
2038
2048
2057
2063
2069
2060
2050
2029
2009
2000
1991
1996
2001
2012
2023
2042
2060
2081
2101
2103
2104
2084
2064
2044
2024
2024
2024
2037
2051
2062
2073
2075
2076
2072
2067
2055
2044
2035
2026
2035
2045
2068
2090
2104
2117
2120
2123
2117
2111
2084
2058
2027
1996
1995
1995
2023
2051
2076
2101
2105
2108
2092
2075
2052
2029
2023
2018
2023
2028
2020
2012
1999
1986
1994
2003
2029
2055
2074
2093
2098
2103
2101
2098
2093
2089
2082
2075
2065
2056
2048
2040
2035
2031
2026
2022
2022
2022
2036
2049
2073
2097
2113
2129
2123
2117
2092
2067
2045
2023
2017
2011
2018
2025
2042
2058
2074
2090
2082
2073
2044
2016
2002
1988
1993
1999
2000
2001
1997
1993
1997
2002
2010
2017
2017
2017
2013
2009
2004
1999
1995
1992
1998
2005
2015
2025
2026
2026
2023
2020
2021
2022
2022
2022
2022
2022
2027
2032
2039
2046
2049
2051
2052
2052
2048
2043
2034
2026
2023
2021
2030
2039
2061
2082
2103
2124
2123
2121
2091
2061
2030
2000
1991
1982
1991
2000
2016
2031
2042
2053
2056
2059
2062
2064
2067
2069
2063
2057
2042
2028
2020
2013
2014
2015
2020
2025
2034
2043
2057
2070
2078
2085
2086
2087
2088
2088
2086
2084
2084
2084
2093
2103
2109
2115
2103
2090
2080
2070
2083
2096
2115
2133
2140
2147
2146
2145
2130
2116
2094
2072
2063
2054
2062
2071
2082
2092
2089
2086
2063
2041
2019
1997
2000
2003
2017
2030
2026
2021
2009
1997
1998
1999
2011
2023
2035
2046
2043
2039
2014
1990
1975
1961
1973
1985
2002
2018
2026
2034
2043
2051
2052
2053
2045
2037
2036
2035
2038
2042
2047
2052
2066
2080
2086
2092
2069
2046
2023
2000
2003
2006
2012
2018
2016
2013
2017
2021
2033
2044
2050
2056
2058
2059
2057
2054
2042
2031
2023
2015
2021
2027
2034
2040
2034
2027
2022
2017
2025
2033
2036
2039
2032
2024
2026
2029
2042
2055
2056
2056
2046
2036
2032
2028
2031
2035
2045
2054
2065
2076
2077
2077
2062
2047
2024
2002
1980
1959
1954
1950
1968
1986
2009
2031
2045
2058
2070
2081
2084
2087
2077
2067
2059
2051
2048
2046
2037
2028
2022
2016
2023
2031
2036
2041
2036
2030
2027
2025
2025
2025
2019
2014
2014
2014
2035
2056
2083
2110
2117
2124
2109
2093
2078
2063
2068
2073
2082
2091
2081
2071
2047
2023
2009
1996
2005
2014
2043
2071
2100
2128
2133
2138
2116
2093
2069
2046
2048
2050
2069
2087
2093
2099
2093
2086
2087
2089
2098
2107
2106
2105
2097
2090
2086
2082
2079
2076
2076
2076
2077
2077
2071
2064
2061
2059
2065
2072
2070
2068
2054
2041
2035
2029
2027
2026
2030
2035
2054
2072
2073
2073
2044
2015
2003
1991
2001
2011
2006
2000
1992
1984
2000
2016
2028
2039
2034
2028
2020
2012
1995
1978
1963
1948
1963
1979
2006
2033
2038
2043
2041
2039
2040
2041
2035
2029
2022
2015
2018
2021
2031
2041
2054
2066
2071
2075
2064
2053
2044
2036
2041
2046
2054
2061
2069
2077
2082
2087
2071
2055
2031
2008
2008
2008
2018
2029
2030
2030
2026
2023
2022
2022
2021
2021
2025
2029
2033
2036
2031
2025
2017
2009
2007
2005
2006
2007
2014
2020
2028
2036
2036
2036
2031
2027
2027
2027
2027
2027
2030
2032
2045
2058
2070
2081
2075
2068
2050
2032
2023
2015
2020
2025
2045
2064
2089
2113
2120
2126
2107
2087
2065
2043
2038
2033
2037
2042
2042
2042
2036
2031
2031
2032
2047
2062
2074
2086
2080
2074
2058
2042
2029
2016
2007
1999
2004
2009
2029
2048
2057
2066
2060
2054
2055
2056
2070
2083
2093
2102
2107
2111
2112
2112
2105
2099
2092
2085
2084
2083
2086
2090
2105
2119
2142
2164
2172
2180
2163
2146
2119
2092
2070
2049
2039
2029
2030
2031
2033
2035
2033
2031
2034
2038
2047
2055
2056
2057
2049
2041
2026
2011
1997
1983
1982
1982
1987
1993
1989
1984
1981
1978
1988
1998
2003
2008
2005
2002
2010
2018
2027
2035
2027
2019
2010
2002
1997
1992
1978
1965
1960
1955
1964
1974
1964
1953
1915
1878
1850
1822
1824
1826
1854
1882
1914
1945
1958
1970
1974
1977
1989
2001
2000
1998
1983
1968
1988
2008
2061
2114
2139
2164
2158
2152
2144
2137
2128
2119
2116
2114
2132
2151
2168
2185
2178
2170
2158
2146
2141
2136
2128
2120
2118
2117
2132
2147
2169
2191
2201
2211
2193
2175
2128
2082
2038
1994
1982
1970
1982
1994
2009
2023
2030
2037
2039
2040
2041
2042
2040
2038
2027
2016
2003
1991
1982
1973
1962
1951
1946
1942
1958
1974
2000
2026
2044
2062
2075
2087
2099
2111
2116
2120
2107
2094
2064
2035
2013
1992
1997
2003
2022
2041
2053
2064
2076
2088
2093
2097
2072
2046
2013
1981
1974
1968
1974
1980
1988
1996
2017
2037
2058
2078
2085
2092
2097
2101
2100
2099
2083
2068
2061
2054
2058
2063
2057
2050
2033
2017
2006
1996
1988
1981
1972
1963
1950
1938
1924
1911
1920
1929
1969
2009
2037
2065
2051
2036
1995
1955
1922
1889
1887
1886
1910
1935
1950
1965
1957
1948
1938
1929
1927
1925
1928
1932
1952
1971
1992
2012
2009
2006
2000
1994
2008
2023
2037
2051
2054
2056
2070
2084
2113
2142
2164
2186
2195
2204
2212
2219
2225
2230
2218
2205
2184
2164
2174
2185
2224
2263
2275
2287
2273
2259
2273
2288
2326
2364
2367
2370
2330
2290
2238
2186
2141
2096
2072
2048
2035
2023
1988
1953
1906
1860
1842
1825
1832
1840
1850
1860
1879
1898
1920
1941
1940
1939
1923
1907
1908
1910
1929
1947
1959
1971
1969
1967
1962
1958
1964
1971
1992
2013
2031
2049
2050
2050
2040
2030
2032
2035
2063
2090
2124
2158
2163
2168
2135
2102
2063
2025
2015
2006
2017
2029
2037
2044
2045
2045
2051
2056
2067
2078
2084
2090
2083
2075
2058
2041
2032
2023
2029
2035
2046
2056
2062
2068
2068
2068
2056
2045
2032
2019
2023
2028
2043
2058
2066
2073
2079
2085
2097
2108
2111
2114
2111
2108
2101
2094
2074
2055
2038
2022
2033
2044
2060
2076
2074
2072
2073
2074
2091
2108
2116
2123
2121
2119
2123
2127
2135
2142
2145
2148
2146
2144
2131
2119
2104
2090
2084
2079
2073
2067
2050
2033
2008
1983
1955
1927
1917
1907
1931
1955
1990
2024
2035
2046
2037
2028
2004
1980
1950
1920
1911
1903
1918
1934
1936
1937
1923
1909
1910
1912
1934
1955
1982
2008
2031
2053
2059
2064
2060
2055
2058
2061
2071
2080
2091
2102
2124
2146
2164
2181
2175
2169
2156
2143
2137
2132
2132
2132
2146
2161
2184
2206
2209
2211
2193
2174
2151
2128
2105
2083
2077
2072
2090
2109
2126
2142
2138
2133
2123
2113
2110
2107
2110
2113
2120
2126
2127
2127
2111
2096
2065
2034
1998
1963
1942
1921
1909
1898
1874
1850
1818
1786
1769
1752
1750
1749
1766
1784
1831
1877
1930
1982
2014
2045
2058
2070
2064
2058
2032
2006
1986
1967
1972
1977
2001
2025
2061
2096
2129
2162
2166
2170
2151
2131
2119
2107
2113
2120
2139
2157
2184
2211
2233
2254
2254
2253
2238
2224
2216
2208
2201
2195
2172
2149
2116
2084
2072
2060
2077
2095
2115
2134
2137
2140
2147
2154
2165
2176
2161
2145
2105
2066
2044
2022
2030
2039
2056
2073
2085
2097
2100
2103
2095
2086
2084
2082
2098
2115
2129
2143
2138
2132
2120
2109
2106
2104
2102
2101
2089
2078
2053
2029
2005
1981
1973
1965
1966
1968
1960
1952
1945
1938
1952
1967
1992
2017
2031
2044
2039
2034
1993
1953
1875
1798
1740
1682
1689
1697
1736
1774
1805
1835
1879
1922
1979
2035
2055
2075
2047
2019
1980
1942
1918
1895
1884
1873
1875
1878
1898
1917
1950
1982
2023
2063
2099
2135
2153
2171
2171
2171
2155
2140
2122
2104
2107
2111
2133
2155
2159
2163
2150
2137
2139
2142
2155
2168
2163
2157
2143
2130
2128
2126
2116
2107
2080
2053
2034
2015
2019
2023
2042
2060
2079
2098
2103
2108
2091
2073
2040
2007
1978
1950
1948
1946
1980
2014
2062
2109
2134
2158
2150
2142
2118
2095
2082
2069
2072
2076
2073
2070
2047
2025
2017
2009
2033
2057
2081
2104
2105
2105
2098
2091
2082
2074
2058
2043
2042
2041
2060
2079
2090
2101
2090
2079
2062
2046
2035
2025
2021
2018
2024
2030
2048
2066
2086
2106
2110
2113
2095
2077
2059
2042
2046
2051
2068
2084
2094
2103
2103
2102
2090
2078
2058
2038
2026
2015
2013
2011
2004
1998
1988
1978
1978
1978
1987
1996
1999
2002
2000
1998
1997
1997
1999
2002
2003
2003
1997
1991
1981
1971
1970
1970
1984
1998
2017
2036
2049
2061
2067
2072
2079
2086
2104
2121
2148
2175
2189
2202
2181
2160
2115
2070
2042
2015
2025
2036
2064
2091
2107
2123
2123
2123
2112
2102
2085
2069
2053
2038
2029
2020
2009
1999
1978
1958
1933
1909
1899
1890
1903
1916
1937
1958
1969
1979
1983
1986
1994
2001
2011
2020
2027
2034
2042
2050
2061
2072
2084
2096
2103
2109
2102
2094
2080
2066
2061
2056
2050
2044
2029
2015
2014
2014
2034
2055
2073
2090
2096
2101
2102
2103
2091
2078
2050
2023
2003
1984
1982
1981
1989
1998
2009
2019
2023
2027
2021
2015
2010
2005
2007
2010
2016
2022
2028
2033
2034
2035
2036
2036
2047
2058
2076
2093
2096
2099
2085
2071
2053
2035
2024
2014
2023
2032
2062
2092
2120
2148
2159
2169
2169
2168
2153
2139
2109
2080
2053
2026
2018
2010
2011
2012
2013
2014
2024
2033
2058
2083
2106
2128
2131
2134
2128
2121
2112
2103
2089
2075
2068
2061
2072
2083
2091
2098
2085
2071
2055
2040
2040
2040
2045
2050
2048
2045
2033
2021
1999
1977
1955
1933
1926
1920
1924
1929
1930
1930
1926
1921
1919
1917
1921
1926
1936
1945
1964
1983
2011
2039
2062
2085
2089
2092
2082
2072
2069
2067
2079
2091
2104
2116
2117
2117
2114
2110
2104
2099
2086
2074
2060
2047
2044
2041
2045
2050
2058
2065
2074
2083
2090
2096
2096
2096
2086
2076
2059
2042
2025
2008
2000
1993
1997
2001
2019
2037
2060
2083
2088
2093
2077
2061
2049
2037
2042
2048
2054
2060
2060
2059
2058
2057
2053
2050
2041
2032
2027
2023
2031
2040
2057
2073
2086
2098
2093
2087
2059
2032
2007
1983
1988
1993
2023
2053
2084
2114
2131
2148
2145
2141
2117
2093
2076
2059
2064
2070
2079
2088
2088
2088
2088
2088
2089
2090
2083
2075
2057
2040
2021
2002
1989
1977
1974
1972
1973
1974
1975
1975
1976
1976
1972
1968
1962
1957
1970
1983
2003
2023
2019
2015
1997
1980
1972
1964
1957
1951
1944
1937
1943
1949
1963
1977
1986
1995
1998
2001
1994
1986
1976
1967
1975
1983
2000
2017
2024
2030
2037
2043
2050
2057
2048
2038
2026
2014
2020
2027
2035
2043
2040
2037
2039
2041
2050
2059
2057
2055
2049
2043
2048
2054
2053
2052
2023
1995
1959
1923
1909
1896
1900
1904
1910
1916
1925
1933
1945
1957
1958
1958
1946
1934
1937
1940
1964
1988
2002
2016
2010
2004
2009
2014
2039
2064
2080
2095
2098
2101
2116
2130
2152
2174
2179
2184
2175
2166
2160
2154
2153
2152
2156
2161
2185
2209
2242
2274
2284
2294
2279
2263
2247
2231
2221
2212
2195
2179
2157
2135
2120
2105
2099
2094
2085
2076
2061
2046
2042
2038
2043
2048
2050
2052
2061
2069
2081
2093
2097
2100
2116
2131
2144
2156
2134
2111
2093
2075
2074
2073
2041
2010
1998
1986
2018
2051
2041
2030
2002
1974
1987
2000
1971
1941
1906
1872
1919
1966
1962
1958
1923
1889
1948
2007
1913
1819
1619
1418
1663
1910
2325
2742
2543
2341
1905
1468
1509
1551
1702
1853
1776
1698
1759
1820
2021
2222
2272
2321
2311
2300
2249
2199
2008
1816
1722
1629
1775
1923
2078
2234
2282
2330
2310
2289
2174
2059
1932
1805
1810
1815
1923
2031
2114
2196
2181
2165
2100
2035
2042
2050
2107
2164
2140
2115
2047
1979
1973
1968
1984
2000
2006
2011
2043
2074
2109
2143
2137
2131
2098
2065
2032
2000
2003
2006
2057
2108
2136
2163
2125
2087
2051
2016
2024
2032
2039
2046
2036
2025
2015
2006
1991
1977
1968
1960
1987
2014
2052
2090
2087
2084
2050
2017
1999
1982
1990
1998
2010
2022
2024
2025
2030
2034
2054
2073
2095
2117
2124
2131
2131
2131
2136
2142
2155
2168
2178
2187
2185
2183
2173
2164
2153
2142
2124
2106
2088
2071
2073
2076
2090
2104
2111
2118
2122
2125
2121
2117
2091
2065
2039
2014
2011
2008
2007
2006
1998
1991
1991
1992
1996
1999
1999
1999
2007
2016
2034
2051
2058
2064
2063
2062
2062
2063
2064
2064
2060
2056
2048
2040
2035
2031
2033
2035
2041
2046
2048
2050
2048
2045
2041
2038
2040
2042
2048
2053
2048
2042
2023
2004
1988
1972
1968
1964
1973
1982
2002
2022
2042
2061
2070
2079
2077
2075
2068
2062
2062
2063
2079
2094
2107
2119
2109
2098
2074
2051
2032
2014
2003
1992
1992
1992
2008
2024
2039
2054
2051
2047
2034
2021
2017
2013
2017
2021
2026
2031
2032
2033
2031
2028
2021
2014
2012
2010
2022
2035
2057
2078
2085
2091
2072
2053
2031
2009
2013
2017
2048
2079
2111
2142
2161
2180
2182
2184
2159
2134
2093
2052
2034
2016
2026
2036
2045
2054
2052
2050
2046
2043
2041
2040
2043
2047
2056
2065
2067
2068
2064
2059
2055
2051
2035
2020
1998
1977
1979
1982
2008
2034
2047
2060
2057
2054
2054
2054
2057
2060
2059
2058
2059
2061
2068
2075
2078
2081
2080
2078
2076
2074
2071
2069
2068
2068
2073
2078
2082
2086
2080
2073
2059
2046
2042
2039
2048
2057
2067
2076
2077
2077
2073
2069
2067
2065
2062
2060
2057
2055
2058
2061
2067
2073
2070
2067
2058
2049
2045
2042
2042
2042
2040
2039
2042
2045
2056
2067
2077
2087
2085
2082
2063
2044
2021
1999
1988
1978
1976
1974
1976
1978
1991
2004
2021
2037
2043
2049
2050
2051
2053
2055
2053
2050
2043
2037
2034
2031
2029
2027
2026
2025
2031
2037
2048
2059
2068
2076
2077
2077
2067
2057
2049
2041
2046
2052
2058
2064
2062
2060
2062
2065
2067
2069
2055
2041
2031
2021
2028
2036
2038
2039
2027
2014
2012
2011
2018
2026
2027
2027
2028
2028
2033
2037
2035
2033
2024
2016
2014
2013
2014
2016
2017
2017
2019
2021
2025
2029
2031
2033
2035
2037
2041
2044
2050
2056
2064
2071
2074
2077
2080
2082
2088
2094
2096
2097
2090
2082
2076
2071
2067
2063
2055
2047
2045
2044
2047
2051
2048
2045
2044
2044
2058
2072
2079
2086
2076
2065
2056
2048
2047
2046
2043
2040
2042
2045
2054
2063
2063
2062
2053
2044
2038
2033
2034
2035
2044
2052
2060
2068
2072
2075
2075
2075
2072
2070
2065
2060
2050
2041
2028
2015
2011
2007
2021
2035
2046
2056
2050
2044
2041
2038
2041
2044
2039
2033
2031
2029
2038
2048
2045
2041
2027
2013
2016
2020
2032
2043
2044
2044
2044
2044
2046
2048
2048
2047
2050
2053
2063
2073
2078
2082
2086
2089
2097
2104
2104
2103
2094
2086
2082
2078
2081
2085
2093
2101
2112
2122
2127
2132
2124
2116
2102
2089
2082
2075
2074
2074
2074
2074
2067
2060
2044
2028
2012
1996
1996
1996
2008
2020
2027
2034
2027
2020
2003
1987
1969
1951
1934
1918
1907
1897
1902
1907
1925
1942
1954
1965
1971
1977
1982
1986
1979
1972
1955
1939
1939
1939
1957
1975
1990
2004
2014
2024
2033
2042
2042
2042
2042
2042
2058
2073
2093
2113
2126
2139
2155
2170
2195
2219
2240
2261
2263
2265
2253
2241
2225
2210
2193
2177
2158
2140
2134
2129
2142
2155
2170
2185
2190
2194
2191
2187
2167
2147
2109
2071
2033
1996
1973
1950
1935
1920
1905
1891
1877
1864
1858
1853
1850
1847
1836
1826
1809
1793
1788
1783
1794
1806
1831
1856
1894
1931
1971
2011
2035
2058
2061
2064
2063
2062
2062
2062
2065
2069
2093
2117
2159
2201
2218
2234
2187
2140
2063
1987
1951
1916
1942
1968
2016
2064
2096
2127
2143
2159
2169
2179
2180
2180
2161
2142
2106
2071
2040
2010
2011
2012
2044
2076
2103
2130
2126
2121
2100
2079
2072
2066
2074
2082
2086
2090
2083
2075
2064
2054
2048
2043
2034
2026
2009
1993
1977
1962
1954
1947
1944
1942
1937
1933
1917
1902
1883
1865
1873
1881
1926
1971
2021
2070
2103
2136
2162
2188
2202
2215
2206
2196
2177
2159
2137
2116
2086
2056
2036
2016
2021
2026
2046
2066
2099
2131
2173
2214
2232
2249
2226
2202
2155
2109
2060
2011
1979
1947
1950
1953
1973
1993
1996
1998
1989
1980
1979
1979
1979
1980
1967
1954
1935
1916
1919
1923
1955
1987
2016
2044
2040
2036
2018
2001
1998
1996
1999
2002
1996
1990
1981
1973
1977
1981
1998
2014
2034
2053
2071
2089
2104
2118
2124
2129
2120
2110
2097
2085
2086
2088
2095
2102
2104
2106
2110
2114
2117
2119
2103
2086
2059
2033
2020
2008
2004
2000
1988
1976
1975
1974
2004
2034
2065
2095
2086
2076
2046
2017
2007
1998
2002
2007
2011
2014
2028
2042
2066
2090
2107
2124
2128
2132
2118
2104
2064
2025
1988
1952
1953
1955
1990
2025
2061
2096
2106
2116
2095
2073
2043
2014
2007
2000
2014
2028
2038
2047
2041
2034
2019
2005
2002
1999
2015
2032
2054
2075
2090
2104
2123
2142
2163
2184
2182
2179
2152
2125
2112
2099
2122
2145
2181
2216
2222
2227
2193
2158
2122
2087
2086
2086
2099
2113
2099
2085
2048
2011
1986
1961
1950
1939
1929
1920
1916
1913
1918
1924
1932
1940
1957
1973
2001
2029
2054
2079
2098
2116
2127
2137
2121
2104
2068
2032
2021
2010
2025
2040
2044
2047
2037
2026
2026
2026
2037
2047
2062
2077
2100
2123
2144
2165
2170
2174
2167
2160
2147
2134
2121
2108
2093
2078
2053
2029
2001
1973
1961
1949
1950
1951
1947
1943
1933
1923
1919
1915
1924
1933
1958
1983
2000
2016
2004
1992
1979
1967
1984
2002
2021
2039
2032
2024
2013
2002
2007
2012
2022
2031
2034
2036
2036
2036
2045
2054
2077
2099
2113
2126
2116
2106
2090
2074
2071
2068
2067
2067
2068
2069
2083
2096
2114
2132
2142
2151
2151
2151
2137
2124
2097
2071
2052
2034
2035
2036
2043
2049
2050
2051
2057
2063
2081
2098
2117
2136
2131
2126
2088
2051
2020
1989
2001
2013
2045
2076
2089
2101
2098
2095
2089
2083
2079
2076
2079
2083
2086
2089
2082
2075
2072
2069
2077
2085
2091
2096
2092
2087
2069
2051
2023
1996
1990
1984
2007
2030
2049
2068
2080
2091
2119
2147
2174
2201
2198
2195
2165
2136
2087
2039
1992
1946
1936
1927
1939
1952
1948
1944
1929
1915
1913
1911
1918
1925
1936
1946
1952
1957
1949
1941
1928
1915
1907
1900
1888
1877
1862
1847
1851
1855
1884
1912
1941
1970
1986
2001
2015
2028
2054
2079
2109
2138
2159
2180
2191
2202
2197
2192
2175
2159
2158
2157
2165
2174
2166
2158
2141
2124
2117
2111
2103
2096
2092
2089
2106
2124
2146
2167
2175
2182
2185
2188
2174
2160
2109
2058
2004
1950
1939
1928
1954
1980
2012
2044
2058
2072
2068
2064
2058
2053
2053
2053
2046
2039
2016
1993
1966
1940
1928
1917
1928
1939
1953
1966
1959
1951
1937
1923
1927
1932
1949
1965
1976
1986
1999
2012
2039
2065
2099
2132
2150
2168
2165
2161
2161
2162
2187
2212
2224
2236
2209
2181
2149
2117
2114
2111
2116
2122
2111
2099
2071
2044
2018
1992
1969
1946
1925
1905
1901
1897
1912
1928
1940
1951
1947
1943
1944
1946
1964
1981
1997
2012
2019
2026
2029
2031
2023
2015
2002
1989
1989
1989
1998
2008
2020
2031
2048
2065
2076
2086
2071
2056
2033
2010
2013
2016
2040
2064
2083
2101
2109
2116
2119
2121
2116
2111
2093
2075
2053
2031
2026
2022
2043
2065
2090
2114
2110
2106
2086
2066
2062
2058
2060
2063
2049
2035
2011
1988
1975
1962
1960
1959
1967
1975
1994
2013
2034
2054
2068
2082
2092
2102
2101
2099
2078
2057
2037
2017
2017
2017
2029
2041
2061
2081
2101
2121
2113
2105
2061
2018
1983
1948
1948
1949
1968
1986
1997
2008
2009
2010
2009
2007
2011
2015
2019
2022
2014
2005
1998
1992
1996
2001
2001
2001
1997
1993
2007
2022
2049
2076
2087
2097
2082
2066
2031
1996
1965
1935
1941
1947
1989
2030
2071
2112
2131
2150
2147
2144
2121
2098
2072
2046
2040
2034
2056
2078
2113
2148
2171
2194
2189
2183
2153
2124
2090
2057
2041
2025
2032
2040
2058
2076
2090
2103
2111
2118
2115
2111
2083
2056
2021
1986
1977
1968
1987
2006
2023
2040
2038
2035
2020
2005
1992
1979
1979
1980
2001
2021
2045
2068
2069
2070
2046
2022
1989
1956
1935
1915
1923
1931
1970
2008
2043
2078
2077
2076
2047
2019
1995
1972
1962
1952
1951
1950
1959
1968
1993
2017
2043
2068
2075
2081
2070
2059
2052
2045
2054
2064
2085
2106
2132
2158
2186
2213
2242
2270
2314
2357
2414
2471
2513
2554
2572
2589
2612
2634
2669
2704
2740
2775
2820
2864
2914
2964
3006
3047
3085
3123
3115
3107
2993
2880
2752
2624
2624
2624
2671
2719
2617
2515
2247
1979
1684
1390
1171
952
841
731
704
677
673
670
676
683
723
762
810
858
888
918
946
973
1010
1047
1090
1132
1197
1262
1357
1452
1559
1666
1774
1881
1975
2069
2137
2204
2269
2334
2414
2494
2556
2618
2647
2675
2705
2735
2771
2807
2814
2820
2802
2784
2770
2757
2739
2722
2679
2637
2578
2519
2454
2389
2313
2237
2158
2080
2018
1956
1912
1868
1826
1785
1745
1706
1684
1662
1659
1657
1661
1666
1677
1688
1709
1729
1749
1768
1780
1792
1802
1812
1820
1827
1841
1854
1883
1912
1941
1969
1977
1985
1991
1996
2008
2020
2021
2021
2018
2015
2032
2050
2080
2110
2143
2176
2215
2253
2271
2289
2265
2240
2215
2191
2209
2228
2263
2298
2311
2323
2309
2294
2260
2226
2194
2162
2163
2165
2196
2227
2249
2270
2267
2263
2243
2223
2197
2172
2149
2126
2113
2100
2099
2098
2101
2104
2106
2108
2111
2114
2118
2122
2116
2110
2089
2068
2054
2040
2042
2045
2049
2053
2052
2050
2050
2050
2050
2050
2047
2044
2040
2036
2025
2015
2002
1990
1990
1990
1991
1992
1978
1964
1951
1938
1946
1954
1966
1978
1977
1975
1968
1962
1958
1954
1947
1940
1935
1930
1937
1945
1957
1968
1974
1980
1992
2003
2019
2034
2036
2038
2033
2028
2027
2027
2026
2025
2025
2026
2040
2054
2067
2079
2076
2073
2066
2059
2053
2047
2030
2013
1993
1973
1966
1960
1959
1959
1959
1959
1966
1973
1987
2001
2007
2013
2000
1987
1962
1937
1923
1910
1913
1917
1922
1926
1931
1935
1943
1951
1955
1958
1961
1964
1978
1991
1996
2000
1985
1970
1964
1958
1975
1992
2011
2030
2044
2057
2069
2080
2076
2071
2055
2039
2033
2028
2026
2024
2015
2006
2001
1997
2005
2013
2028
2042
2055
2067
2067
2067
2049
2032
2013
1995
1991
1988
1995
2002
2011
2019
2022
2025
2026
2026
2030
2035
2050
2064
2080
2095
2096
2096
2076
2057
2033
2009
1995
1982
1982
1983
2003
2023
2055
2087
2105
2122
2115
2108
2094
2081
2066
2052
2032
2013
2002
1992
1994
1997
2001
2004
2005
2005
2005
2005
2007
2009
2021
2033
2034
2034
2004
1974
1953
1932
1953
1974
2000
2026
2031
2035
2039
2043
2047
2050
2039
2027
2014
2002
2004
2006
2025
2044
2077
2110
2136
2162
2167
2171
2172
2172
2170
2169
2148
2128
2100
2073
2065
2058
2064
2070
2073
2075
2075
2075
2075
2075
2071
2068
2059
2050
2038
2027
2011
1996
1977
1958
1941
1924
1920
1917
1932
1947
1968
1988
1990
1992
1975
1958
1947
1937
1947
1957
1974
1991
2015
2039
2071
2103
2114
2125
2103
2080
2055
2030
2017
2005
1995
1986
1991
1996
2023
2049
2070
2091
2100
2109
2118
2127
2120
2112
2084
2056
2045
2035
2051
2067
2081
2095
2098
2101
2101
2101
2095
2089
2084
2079
2080
2082
2078
2074
2060
2046
2040
2034
2038
2042
2045
2047
2049
2051
2052
2053
2048
2042
2040
2038
2053
2068
2086
2104
2105
2106
2094
2082
2056
2031
1989
1947
1918
1890
1903
1917
1945
1972
1985
1997
2011
2024
2044
2063
2066
2069
2059
2048
2041
2035
2033
2032
2038
2044
2057
2069
2061
2053
2023
1993
1984
1976
1996
2016
2034
2052
2063
2073
2080
2087
2082
2077
2066
2055
2048
2041
2035
2029
2031
2034
2051
2067
2074
2081
2072
2063
2061
2060
2071
2083
2099
2114
2129
2144
2151
2158
2161
2163
2169
2175
2158
2140
2085
2031
1994
1958
1965
1972
1986
2000
2002
2003
1994
1984
1952
1921
1895
1869
1884
1899
1926
1953
1958
1962
1962
1962
1965
1968
1971
1973
1985
1997
2016
2034
2052
2069
2088
2107
2112
2116
2100
2084
2086
2089
2120
2150
2168
2186
2185
2183
2177
2172
2157
2143
2129
2115
2116
2117
2118
2118
2107
2095
2089
2084
2090
2097
2106
2114
2121
2128
2131
2133
2137
2140
2152
2163
2172
2180
2176
2172
2162
2153
2145
2138
2130
2122
2114
2106
2096
2086
2066
2047
2015
1983
1941
1899
1850
1801
1747
1694
1648
1602
1587
1572
1577
1582
1569
1556
1529
1503
1491
1480
1471
1463
1452
1441
1452
1463
1495
1526
1571
1616
1690
1764
1855
1945
2041
2136
2241
2345
2426
2507
2551
2595
2630
2664
2680
2696
2765
2834
3100
3367
3650
3932
3831
3728
3319
2909
2621
2333
2200
2068
1905
1742
1635
1529
1545
1561
1551
1540
1491
1442
1461
1481
1533
1584
1612
1639
1644
1648
1613
1578
1547
1517
1529
1542
1531
1520
1520
1520
1609
1698
1749
1799
1852
1905
2322
2741
3380
4021
4059
4094
3534
2971
2309
1646
1422
1200
1277
1354
1539
1725
1910
2096
2110
2123
1974
1824
1711
1597
1540
1483
1425
1367
1446
1526
1736
1946
2061
2176
2309
2443
2798
3155
3320
3484
3045
2603
1995
1386
1169
953
1038
1123
1257
1391
1538
1685
1797
1909
1944
1978
1953
1928
1838
1749
1644
1540
1475
1411
1427
1444
1805
2167
2941
3716
3906
4094
3959
3822
3045
2265
1853
1443
1329
1217
1181
1145
1277
1411
1635
1860
1950
2039
2002
1964
1891
1818
1734
1651
1606
1562
1584
1606
1702
1798
1954
2111
2185
2259
2227
2194
2356
2520
2898
3278
3364
3448
3084
2717
2345
1973
1788
1603
1466
1329
1310
1292
1464
1638
1829
2021
2132
2242
2249
2255
2092
1927
1729
1530
1485
1441
1504
1567
1787
2007
2476
2946
3252
3556
3266
2974
2436
1898
1638
1380
1372
1365
1445
1526
1698
1871
2031
2192
2216
2240
2201
2161
2125
2089
2012
1936
1832
1728
1704
1680
1772
1864
1965
2065
2122
2179
2326
2473
2711
2950
2984
3017
2736
2454
2157
1860
1768
1677
1717
1757
1847
1937
2039
2141
2177
2212
2161
2110
2032
1955
1902
1850
1848
1847
1883
1920
1939
1958
1951
1944
1938
1933
1910
1887
1840
1794
1783
1772
1816
1861
1912
1963
1985
2007
2020
2033
2071
2109
2163
2217
2231
2244
2194
2144
2071
1998
1948
1898
1898
1898
1965
2032
2133
2233
2297
2361
2354
2347
2289
2232
2168
2104
2065
2026
2011
1996
1990
1984
1986
1989
1999
2009
2018
2027
2042
2056
2078
2100
2117
2134
2153
2172
2195
2218
2211
2203
2147
2092
2029
1967
1924
1882
1856
1831
1834
1837
1868
1898
1926
1953
1976
1999
2042
2085
2119
2152
2137
2121
2091
2062
2066
2070
2083
2095
2087
2079
2065
2051
2023
1995
1921
1848
1774
1701
1701
1702
1764
1825
1893
1960
2030
2100
2169
2238
2267
2296
2283
2270
2261
2252
2256
2260
2250
2239
2213
2188
2173
2158
2157
2156
2157
2158
2154
2149
2134
2120
2103
2087
2075
2064
2064
2064
2092
2120
2168
2216
2234
2251
2217
2183
2132
2082
2046
2010
2003
1996
2034
2072
2127
2181
2192
2203
2171
2138
2102
2067
2040
2013
1991
1969
1956
1943
1927
1912
1896
1881
1887
1894
1921
1948
1969
1990
1991
1992
1978
1963
1944
1926
1914
1903
1884
1866
1848
1831
1859
1887
1963
2038
2093
2148
2144
2139
2099
2060
2026
1993
1997
2002
2057
2111
2181
2250
2276
2301
2269
2237
2191
2145
2127
2110
2123
2137
2173
2208
2250
2291
2304
2317
2286
2254
2220
2187
2181
2176
2162
2148
2095
2043
1983
1924
1892
1860
1853
1847
1863
1880
1925
1970
2015
2060
2058
2056
2001
1946
1890
1834
1826
1818
1848
1878
1908
1937
1955
1973
1990
2006
2015
2023
2018
2012
2004
1996
1994
1993
1996
1999
2014
2028
2055
2081
2110
2139
2173
2206
2242
2278
2290
2302
2291
2279
2280
2281
2296
2311
2299
2286
2240
2194
2151
2109
2089
2070
2067
2064
2063
2062
2045
2028
1988
1949
1911
1874
1861
1849
1862
1875
1908
1941
1972
2002
1997
1992
1963
1935
1928
1921
1940
1959
1988
2016
2051
2085
2101
2117
2081
2044
1982
1920
1891
1862
1881
1901
1948
1995
2044
2092
2118
2144
2120
2096
2010
1925
1822
1719
1671
1624
1649
1675
1754
1832
1966
2100
2280
2460
2608
2756
2787
2818
2710
2601
2416
2231
2089
1946
1905
1865
1885
1905
1935
1964
1984
2004
2003
2001
1975
1950
1922
1895
1899
1903
1972
2041
2142
2243
2296
2349
2359
2368
2403
2438
2490
2542
2543
2544
2478
2412
2297
2181
2053
1924
1868
1812
1872
1932
2022
2112
2129
2146
2102
2058
2004
1951
1889
1827
1763
1699
1670
1642
1636
1631
1618
1605
1615
1625
1665
1704
1713
1722
1711
1699
1735
1771
1825
1879
1898
1917
1944
1970
2007
2043
2024
2005
1966
1928
1968
2008
2085
2162
2158
2153
2082
2011
1985
1959
2010
2062
2140
2217
2280
2342
2396
2449
2532
2615
2737
2860
2955
3049
3036
3023
2914
2806
2674
2542
2426
2310
2222
2134
2074
2014
1971
1929
1916
1904
1933
1962
1994
2025
2015
2004
1957
1911
1846
1781
1716
1652
1617
1582
1581
1580
1604
1628
1665
1702
1716
1730
1713
1696
1689
1683
1702
1721
1760
1799
1869
1938
1980
2022
1970
1918
1848
1778
1793
1808
1871
1933
1997
2061
2141
2220
2263
2305
2263
2221
2168
2115
2107
2100
2092
2084
2063
2042
2035
2029
2019
2009
1994
1979
2015
2051
2154
2257
2389
2522
2650
2778
2846
2914
2870
2826
2705
2583
2470
2357
2289
2222
2203
2184
2209
2234
2292
2349
2402
2454
2430
2405
2276
2147
1996
1844
1729
1614
1508
1403
1340
1278
1311
1345
1381
1417
1373
1328
1299
1271
1322
1374
1417
1459
1454
1448
1473
1499
1605
1711
1860
2010
2143
2277
2364
2451
2490
2528
2519
2509
2466
2423
2394
2366
2368
2370
2385
2400
2442
2484
2555
2625
2654
2683
2633
2583
2498
2413
2335
2257
2204
2152
2126
2101
2066
2032
1976
1921
1896
1871
1880
1890
1879
1867
1833
1800
1780
1761
1749
1738
1745
1752
1805
1858
1920
1981
2011
2040
2060
2080
2103
2126
2134
2141
2139
2136
2132
2129
2124
2120
2133
2147
2168
2188
2168
2148
2092
2036
1991
1947
1936
1925
1961
1997
2066
2135
2156
2177
2107
2037
1924
1811
1743
1675
1738
1802
1983
2165
2280
2395
2313
2231
2072
1913
1841
1769
1799
1830
1911
1992
2032
2071
1986
1900
1764
1628
1575
1523
1549
1576
1664
1752
1935
2119
2309
2500
2548
2596
2513
2429
2346
2264
2304
2345
2511
2677
2817
2958
2966
2974
2885
2796
2583
2369
2045
1720
1570
1421
1589
1759
1892
2026
1845
1663
1387
1111
1005
901
937
973
1043
1113
1196
1279
1362
1444
1501
1557
1633
1709
1867
2026
2187
2349
2395
2440
2434
2428
2462
2496
2490
2484
2393
2303
2282
2262
2425
2589
2821
3053
3134
3213
3064
2913
2654
2394
2155
1916
1750
1585
1511
1438
1398
1359
1322
1286
1339
1392
1471
1550
1496
1442
1384
1326
1362
1399
1363
1326
1389
1453
1899
2347
2727
3106
2967
2826
2588
2349
2368
2388
2417
2445
2426
2407
2483
2560
2599
2637
2606
2574
2632
2691
2732
2773
2650
2526
2360
2193
2056
1918
1781
1643
1570
1497
1481
1465
1416
1368
1378
1388
1543
1698
1810
1922
1842
1761
1670
1579
1685
1792
1993
2194
2269
2343
2269
2195
2104
2013
1992
1972
2005
2038
2055
2071
2031
1991
1924
1857
1784
1711
1641
1571
1588
1606
1754
1903
2093
2283
2431
2579
2646
2712
2692
2672
2691
2711
2836
2961
2996
3030
2845
2659
2381
2103
1856
1610
1485
1361
1425
1489
1589
1689
1674
1659
1621
1584
1569
1555
1545
1536
1608
1681
1738
1794
1727
1659
1665
1672
1750
1827
1882
1936
2440
2946
3519
4092
4095
4095
3826
3556
2658
1758
1401
1047
874
702
747
792
1161
1532
1817
2102
2123
2142
2063
1983
1820
1657
1530
1403
1515
1629
1826
2024
2110
2195
2241
2286
2248
2209
1968
1727
1465
1204
1147
1092
1202
1314
1495
1676
1874
2072
2175
2278
2231
2184
2093
2002
1963
1925
1930
1935
1964
1992
2020
2048
2045
2041
2037
2033
2062
2091
2129
2167
2246
2325
2454
2583
2597
2610
2452
2293
2175
2057
2075
2093
2141
2188
2252
2316
2381
2446
2395
2344
2237
2130
2091
2052
1991
1930
1853
1776
1869
1962
2136
2311
2330
2349
2286
2222
2203
2185
2141
2098
2037
1977
1995
2013
2078
2142
2196
2249
2269
2289
2225
2161
2053
1944
1910
1877
1903
1929
1931
1932
1920
1908
1916
1924
1940
1956
1970
1984
1986
1987
1967
1947
1925
1903
1893
1884
1860
1837
1783
1730
1683
1636
1629
1622
1643
1665
1702
1738
1783
1828
1854
1880
1917
1954
2120
2286
2543
2800
2898
2994
2831
2666
2430
2193
2029
1866
1776
1687
1714
1741
1889
2037
2126
2214
2140
2065
1957
1849
1803
1758
1778
1799
2058
2318
2922
3527
3811
4093
4095
4095
3720
3343
2692
2040
1573
1108
895
684
789
897
1210
1524
1747
1969
1951
1932
1770
1608
1452
1296
1249
1202
1298
1394
1533
1672
1749
1826
1943
2061
2314
2567
2716
2864
2670
2475
2171
1866
1770
1676
1699
1723
1708
1693
1738
1784
1904
2025
2073
2121
2124
2126
2160
2194
2191
2188
2209
2231
2418
2606
2754
2902
2765
2627
2423
2218
2215
2212
2268
2324
2297
2269
2288
2308
2419
2530
2590
2650
2618
2585
2528
2471
2422
2374
2344
2314
2305
2296
2281
2267
2236
2205
2168
2132
2076
2021
1934
1848
1761
1675
1621
1567
1549
1532
1544
1556
1595
1633
1683
1733
1779
1824
1862
1900
1914
1927
1893
1858
1797
1736
1712
1688
1722
1756
1817
1878
1930
1981
2006
2030
2030
2029
2028
2027
2042
2057
2073
2089
2087
2085
2068
2051
2030
2009
1990
1971
1942
1914
1871
1829
1806
1784
1816
1849
1914
1979
2037
2095
2123
2151
2131
2111
2085
2060
2106
2152
2227
2301
2296
2290
2229
2168
2134
2101
2085
2070
2058
2047
2058
2070
2082
2093
2082
2070
2062
2054
2062
2070
2073
2076
2065
2053
2041
2029
2046
2063
2102
2140
2152
2163
2153
2142
2137
2132
2118
2104
2096
2088
2105
2123
2097
2070
2014
1959
2019
2080
2203
2326
2289
2251
2047
1842
1652
1461
1374
1288
1279
1270
1260
1250
1226
1203
1253
1303
1371
1439
1355
1270
1149
1028
1078
1129
1220
1310
1318
1326
1410
1493
1658
1824
1947
2071
2295
2519
2923
3327
3573
3819
3651
3480
3083
2685
2375
2064
2004
1946
2150
2355
2663
2972
3158
3343
3338
3333
3248
3163
3085
3007
2919
2832
2726
2619
2514
2409
2298
2187
2073
1959
1890
1821
1808
1795
1794
1794
1766
1738
1682
1626
1625
1625
1756
1888
2017
2147
2063
1979
1757
1534
1430
1328
1402
1476
1610
1744
1868
1992
2072
2151
2154
2156
2106
2056
2009
1963
1947
1932
1952
1972
2030
2087
2168
2248
2321
2394
2443
2491
2519
2547
2552
2557
2542
2527
2516
2505
2507
2510
2495
2480
2428
2377
2289
2202
2068
1934
1770
1605
1478
1351
1308
1265
1290
1316
1370
1424
1456
1487
1451
1415
1327
1239
1183
1127
1159
1192
1295
1398
1519
1640
1730
1819
1842
1864
1845
1826
1821
1817
1829
1841
1857
1873
1919
1965
2023
2081
2119
2157
2255
2352
2517
2682
2705
2727
2520
2311
2098
1886
1836
1787
1830
1874
1958
2041
2170
2299
2398
2497
2495
2492
2407
2323
2221
2120
2060
2001
1988
1976
1966
1956
1959
1963
2005
2046
2069
2091
2104
2116
2215
2313
2424
2536
2472
2408
2189
1970
1780
1590
1538
1487
1591
1697
1903
2109
2257
2404
2385
2365
2235
2104
1973
1841
1772
1703
1717
1732
1803
1873
1946
2019
2068
2116
2127
2138
2127
2115
2128
2141
2191
2240
2266
2291
2251
2210
2132
2055
2011
1967
1996
2025
2095
2165
2218
2270
2277
2284
2239
2193
2104
2015
1945
1875
1892
1910
1985
2060
2095
2129
2113
2097
2089
2081
2079
2077
2055
2034
2046
2059
2131
2203
2253
2303
2269
2235
2146
2057
1992
1928
1945
1962
2019
2075
2083
2090
2067
2044
2056
2069
2096
2122
2120
2118
2072
2027
1938
1850
1804
1759
1817
1876
1928
1979
1975
1970
2027
2085
2175
2265
2245
2224
2162
2100
2084
2069
1989
1910
1783
1656
1677
1699
1856
2013
2110
2207
2219
2230
2240
2249
2224
2198
2102
2006
1957
1909
2000
2092
2199
2306
2278
2249
2158
2068
2039
2011
2005
2000
1985
1970
2022
2074
2168
2262
2273
2283
2218
2153
2092
2032
1988
1944
1929
1915
1952
1989
2025
2060
2055
2050
2038
2027
2010
1994
1962
1931
1927
1924
1948
1973
1984
1995
2010
2024
2044
2063
2046
2028
2032
2037
2123
2208
2241
2273
2154
2033
1899
1764
1755
1746
1814
1883
1951
2019
2066
2112
2118
2123
2088
2053
2014
1976
1967
1958
1988
2018
2066
2114
2126
2138
2105
2072
2045
2019
2012
2006
2019
2032
2129
2226
2375
2524
2522
2520
2306
2091
1887
1683
1661
1640
1731
1823
1924
2025
2099
2172
2168
2163
2064
1966
1874
1783
1803
1824
1924
2023
2085
2146
2136
2125
2093
2061
2021
1982
1932
1882
1877
1873
1947
2022
2131
2240
2345
2451
2504
2556
2472
2387
2190
1992
1847
1702
1700
1699
1783
1867
1959
2050
2104
2158
2141
2123
2037
1952
1866
1780
1767
1755
1822
1890
1975
2059
2098
2137
2110
2082
2003
1924
1860
1796
1845
1894
2097
2301
2549
2796
2877
2956
2775
2592
2306
2020
1845
1671
1651
1632
1709
1786
1932
2078
2215
2353
2369
2385
2284
2181
2044
1906
1797
1687
1675
1663
1772
1883
1997
2112
2121
2129
2077
2024
1983
1943
1918
1894
1890
1886
1921
1957
2034
2110
2202
2294
2321
2348
2249
2150
2012
1874
1815
1757
1767
1777
1821
1865
1957
2048
2130
2212
2207
2201
2128
2056
1973
1891
1829
1767
1768
1769
1833
1896
1955
2013
2032
2051
2042
2033
2006
1979
1962
1946
1965
1984
2021
2057
2070
2083
2059
2034
2014
1995
2071
2148
2311
2474
2560
2646
2553
2459
2284
2108
2000
1891
1892
1893
1963
2032
2105
2178
2206
2234
2204
2173
2107
2041
1991
1941
1932
1923
1927
1932
1936
1939
1968
1997
2052
2107
2142
2176
2164
2152
2111
2071
2035
2000
1988
1977
1981
1986
1988
1990
1992
1993
1999
2005
1999
1992
1974
1957
1957
1957
1974
1990
1990
1990
1973
1956
1949
1943
1949
1956
1955
1954
1935
1916
1900
1885
1897
1909
1935
1960
1963
1965
1965
1965
2028
2092
2218
2344
2449
2555
2574
2593
2532
2470
2369
2268
2180
2093
2060
2027
2054
2081
2135
2188
2215
2241
2219
2197
2149
2102
2059
2017
1989
1961
1954
1948
1952
1956
1947
1937
1915
1894
1887
1881
1881
1881
1871
1861
1861
1861
1887
1913
1939
1964
1977
1990
2003
2015
2021
2026
2017
2007
1989
1971
1952
1934
1924
1914
1928
1943
1977
2011
2041
2070
2081
2091
2065
2039
1996
1954
1979
2005
2124
2244
2335
2425
2390
2355
2255
2155
2085
2015
1984
1953
1959
1966
2031
2096
2178
2259
2279
2298
2247
2196
2127
2059
2010
1962
1955
1948
1988
2029
2070
2111
2100
2088
2054
2020
2012
2005
2008
2012
2011
2010
2021
2032
2048
2064
2054
2044
2011
1978
1948
1918
1911
1904
1928
1952
1983
2013
2015
2016
2004
1992
1993
1995
2005
2015
2019
2023
2024
2024
2019
2014
2004
1995
1994
1994
2006
2018
2045
2071
2127
2183
2264
2345
2390
2435
2386
2336
2215
2094
1991
1888
1862
1836
1879
1922
1990
2058
2096
2133
2122
2110
2083
2057
2041
2026
2014
2003
2004
2005
2036
2066
2090
2114
2091
2067
2017
1967
1941
1916
1927
1938
1966
1994
2015
2036
2041
2045
2031
2017
1989
1961
1962
1964
2042
2119
2220
2322
2340
2358
2284
2209
2127
2046
2001
1957
1939
1922
1943
1965
2031
2097
2157
2216
2216
2215
2160
2105
2033
1962
1906
1850
1843
1837
1893
1949
2014
2079
2085
2090
2051
2011
1984
1957
1955
1954
1957
1961
1973
1985
1999
2013
2009
2004
1993
1983
1990
1998
2016
2034
2053
2071
2093
2115
2126
2136
2122
2108
2082
2057
2042
2027
2031
2036
2058
2079
2103
2126
2143
2160
2173
2186
2189
2191
2182
2173
2173
2173
2189
2205
2245
2285
2392
2500
2662
2824
2893
2962
2826
2688
2426
2164
1926
1688
1550
1413
1415
1418
1573
1728
1940
2153
2285
2416
2425
2434
2375
2315
2235
2156
2088
2021
1997
1974
1993
2012
2042
2071
2085
2099
2086
2073
2031
1990
1941
1893
1859
1825
1803
1781
1763
1745
1744
1743
1774
1806
1853
1900
1922
1944
1936
1928
1922
1916
1915
1915
1896
1877
1852
1827
1827
1827
1848
1869
1888
1906
1902
1897
1864
1831
1812
1793
1824
1855
1895
1935
1959
1982
2065
2147
2309
2472
2586
2700
2654
2608
2434
2260
2072
1884
1781
1677
1693
1710
1822
1934
2071
2208
2276
2344
2308
2272
2188
2105
2022
1939
1876
1814
1825
1837
1913
1988
2016
2044
2020
1996
2004
2013
2032
2050
2027
2004
1988
1972
1985
1998
2002
2006
2002
1997
1994
1991
1992
1994
2002
2009
1979
1949
1893
1838
1843
1849
1870
1890
1886
1881
2074
2268
2709
3151
3373
3594
3303
3008
2537
2066
1794
1524
1458
1393
1461
1529
1710
1891
2084
2278
2386
2493
2494
2494
2405
2316
2198
2079
2020
1962
1982
2002
2053
2104
2139
2174
2165
2155
2104
2053
2005
1958
1941
1925
1927
1930
1951
1971
2011
2050
2069
2088
2048
2008
1942
1877
1854
1832
1864
1896
1935
1974
1975
1976
1945
1913
1891
1869
1887
1905
1940
1974
1985
1995
1981
1966
1946
1927
1918
1909
1929
1949
1990
2030
2043
2056
2055
2053
2118
2183
2299
2416
2447
2478
2370
2261
2116
1970
1896
1822
1829
1837
1893
1948
2020
2092
2132
2171
2128
2085
1990
1895
1845
1795
1828
1861
1929
1996
2054
2112
2143
2173
2152
2130
2068
2006
1972
1938
1963
1989
2037
2085
2106
2127
2114
2100
2068
2036
2003
1970
1959
1949
1978
2008
2044
2080
2067
2054
2006
1959
1935
1912
1915
1919
1921
1922
1927
1931
1944
1956
1963
1969
1968
1967
1957
1947
1921
1895
1883
1872
1900
1928
1959
1989
2012
2034
2119
2204
2346
2488
2537
2585
2469
2351
2202
2053
2003
1953
1974
1996
2022
2048
2066
2083
2085
2086
2062
2037
2007
1977
1968
1960
1974
1988
2017
2046
2067
2088
2073
2057
2010
1963
1931
1899
1909
1919
1950
1980
1996
2011
2006
2001
1985
1969
1952
1936
1940
1944
1973
2002
2016
2029
2005
1980
1954
1928
1933
1938
1961
1983
1999
2014
2014
2013
1999
1986
1976
1966
1963
1960
1957
1954
1964
1975
2004
2032
2037
2041
2011
1981
1975
1969
2045
2121
2280
2439
2602
2766
2797
2828
2681
2532
2342
2152
2064
1977
1982
1988
2021
2053
2091
2129
2149
2168
2137
2106
2041
1976
1933
1890
1906
1922
1976
2029
2064
2099
2096
2093
2070
2048
2013
1978
1944
1911
1912
1914
1946
1978
1996
2014
2003
1992
1962
1932
1899
1867
1867
1868
1908
1948
1977
2005
2007
2008
2010
2012
2012
2011
1996
1982
1972
1962
1957
1953
1945
1937
1937
1938
1944
1950
1930
1909
1874
1839
1829
1819
1829
1840
1856
1872
1928
1984
2113
2242
2381
2521
2553
2585
2479
2372
2225
2077
1993
1909
1895
1882
1893
1904
1917
1930
1953
1976
2010
2044
2069
2094
2104
2114
2131
2148
2169
2190
2187
2184
2158
2133
2109
2086
2062
2039
2020
2001
2007
2013
2031
2048
2049
2049
2046
2044
2038
2033
1997
1961
1918
1875
1871
1867
1881
1896
1897
1897
1884
1871
1836
1802
1749
1697
1664
1632
1618
1604
1575
1546
1517
1488
1484
1480
1477
1474
1454
1435
1414
1393
1387
1381
1438
1496
1642
1788
1931
2074
2143
2211
2309
2407
2610
2813
2979
3145
3133
3120
3003
2885
2767
2648
2526
2403
2310
2218
2235
2253
2326
2399
2398
2396
2330
2265
2211
2158
2105
2053
1991
1929
1896
1863
1826
1789
1676
1562
1406
1249
1143
1036
989
942
904
867
844
822
885
949
1121
1294
1492
1690
1843
1995
2113
2232
2331
2431
2498
2564
2625
2686
2760
2834
2889
2944
2972
3000
3032
3063
3093
3123
3143
3162
3182
3202
3210
3218
3206
3194
3177
3161
3140
3119
3113
3108
3170
3233
3306
3378
3303
3228
2979
2729
2443
2157
1946
1736
1622
1508
1464
1421
1392
1364
1309
1254
1186
1119
1058
997
950
903
897
891
931
971
1010
1049
1082
1114
1199
1283
1399
1515
1585
1655
1706
1756
1843
1929
2017
2105
2156
2206
2197
2188
2112
2037
1976
1915
1919
1923
1934
1944
1965
1986
2028
2069
2037
2004
1927
1851
1838
1826
1811
1796
1762
1728
1757
1786
1787
1788
1733
1678
1683
1689
1655
1621
1537
1454
1523
1592
1601
1609
1475
1340
1690
2043
2794
3548
3680
3809
3345
2879
2670
2463
2419
2376
2172
1967
1971
1977
2212
2448
2493
2537
2451
2364
2311
2259
2134
2008
1905
1801
1853
1905
1983
2061
2102
2143
2178
2212
2201
2190
2176
2163
2182
2201
2155
2109
2020
1931
1904
1877
1877
1878
1891
1904
1980
2056
2131
2206
2218
2230
2225
2220
2196
2173
2112
2052
2025
1999
2052
2105
2175
2245
2259
2273
2234
2195
2165
2135
2148
2161
2180
2199
2193
2186
2175
2164
2159
2155
2144
2133
2130
2127
2140
2154
2150
2146
2106
2067
2039
2011
2020
2030
2032
2034
1996
1958
1924
1890
1906
1923
1969
2015
2054
2092
2113
2134
2148
2162
2199
2236
2289
2342
2332
2322
2244
2166
2139
2113
2165
2218
2236
2254
2209
2164
2129
2095
2078
2062
2047
2032
2051
2071
2106
2140
2130
2120
2090
2060
2038
2016
1962
1908
1853
1798
1825
1852
1918
1983
2001
2018
2026
2033
2057
2081
2054
2026
1964
1902
1911
1921
1986
2050
2064
2077
2035
1992
1965
1939
1954
1970
1999
2028
2042
2055
2054
2052
2044
2037
2022
2008
1993
1979
1987
1995
2010
2025
2021
2016
2040
2065
2168
2272
2358
2444
2397
2350
2236
2122
2076
2030
2047
2065
2082
2098
2120
2141
2167
2193
2176
2158
2108
2058
2039
2020
2033
2046
2055
2063
2059
2055
2039
2023
1997
1972
1958
1944
1956
1969
1999
2028
2050
2071
2068
2065
2041
2018
1990
1963
1941
1920
1917
1914
1942
1971
2014
2056
2076
2096
2081
2065
2024
1984
1953
1922
1928
1934
1953
1972
1969
1966
1957
1949
1955
1961
1962
1963
1962
1960
1971
1982
1988
1993
1989
1985
1992
2000
2015
2029
2034
2038
2037
2036
2037
2039
2075
2110
2206
2303
2386
2469
2438
2406
2299
2191
2122
2054
2049
2044
2059
2075
2099
2123
2140
2156
2129
2102
2035
1969
1926
1883
1889
1895
1913
1930
1942
1953
1970
1986
1986
1985
1955
1926
1925
1925
1979
2033
2076
2118
2108
2097
2076
2056
2056
2057
2067
2076
2091
2106
2136
2166
2200
2233
2243
2252
2220
2188
2128
2069
2022
1975
1961
1948
1943
1938
1921
1905
1888
1871
1852
1834
1804
1775
1766
1757
1774
1792
1783
1774
1746
1719
1753
1788
1855
1922
1954
1986
2058
2129
2281
2433
2499
2564
2445
2325
2177
2029
2012
1995
2086
2178
2287
2396
2456
2515
2488
2460
2364
2268
2181
2094
2089
2084
2152
2220
2265
2310
2263
2216
2111
2005
1914
1823
1778
1734
1747
1760
1823
1886
1946
2006
2002
1998
1931
1864
1805
1747
1752
1758
1811
1863
1906
1948
1963
1977
1977
1976
1971
1967
1964
1961
1957
1954
1934
1914
1881
1848
1848
1849
1918
1986
2078
2170
2222
2274
2284
2293
2274
2254
2194
2135
2073
2012
2010
2008
2039
2070
2092
2114
2170
2225
2309
2393
2378
2363
2229
2095
1993
1891
1887
1884
1893
1903
1897
1891
1920
1950
1996
2041
2031
2021
1978
1935
1946
1958
2025
2092
2141
2189
2192
2195
2172
2149
2105
2062
2023
1985
1993
2002
2037
2071
2078
2085
2082
2078
2093
2109
2113
2117
2100
2083
2082
2082
2082
2083
2058
2033
2030
2027
2062
2098
2102
2105
2072
2038
2028
2019
2021
2023
2008
1992
1992
1992
2019
2046
2064
2081
2081
2080
2058
2037
2001
1965
1949
1933
1928
1923
1900
1877
1879
1882
1924
1966
1988
2009
2044
2078
2178
2278
2335
2392
2332
2272
2205
2138
2131
2125
2133
2142
2159
2176
2194
2211
2186
2161
2106
2052
2006
1961
1926
1892
1892
1892
1930
1968
1979
1990
1949
1907
1850
1794
1735
1677
1614
1552
1511
1470
1466
1463
1481
1500
1498
1495
1434
1374
1281
1187
1118
1050
1055
1060
1188
1316
1532
1749
1919
2088
2157
2225
2280
2334
2429
2525
2655
2786
2947
3109
3250
3392
3441
3489
3462
3434
3392
3351
3301
3251
3165
3080
2971
2862
2781
2700
2670
2641
2602
2563
2463
2362
2254
2145
2094
2043
2022
2001
1949
1898
1797
1695
1572
1449
1359
1269
1235
1201
1186
1171
1160
1149
1161
1174
1199
1223
1235
1246
1257
1267
1311
1355
1484
1614
1870
2126
2413
2700
2816
2932
2841
2749
2606
2462
2349
2236
2124
2012
1951
1890
1931
1973
2034
2095
2122
2149
2213
2277
2382
2487
2527
2567
2491
2414
2257
2099
1947
1794
1761
1728
1820
1914
1999
2083
2082
2080
2045
2010
1971
1933
1885
1837
1815
1794
1816
1838
1879
1920
1975
2030
2091
2151
2193
2234
2279
2324
2372
2420
2392
2363
2270
2176
2138
2100
2117
2134
2148
2162
2245
2327
2490
2654
2730
2806
2757
2708
2682
2656
2661
2666
2609
2552
2460
2367
2280
2194
2082
1970
1868
1765
1716
1668
1611
1555
1456
1356
1287
1219
1268
1318
1518
1719
1969
2219
2301
2382
2239
2095
1904
1712
1578
1445
1344
1242
1219
1197
1283
1369
1438
1506
1484
1462
1462
1462
1574
1687
1867
2047
2244
2440
2629
2818
2939
3060
3050
3039
2937
2834
2746
2658
2596
2535
2448
2361
2275
2189
2143
2098
2045
1992
1931
1870
1859
1849
1854
1860
1845
1830
1856
1883
1942
2000
2007
2013
2027
2041
2128
2215
2252
2288
2187
2085
1958
1831
1789
1747
1760
1773
1783
1793
1798
1803
1830
1857
1914
1970
2035
2099
2145
2190
2195
2199
2176
2152
2156
2160
2223
2285
2367
2448
2489
2530
2487
2443
2333
2222
2178
2134
2253
2373
2530
2688
2686
2684
2500
2316
2085
1855
1739
1624
1689
1754
1888
2023
2083
2143
2130
2116
2061
2007
1898
1788
1714
1640
1735
1832
2021
2210
2296
2380
2338
2296
2232
2169
2110
2052
1987
1923
1923
1924
2042
2160
2299
2438
2466
2494
2424
2354
2274
2195
2129
2064
2018
1972
1981
1990
2034
2077
2080
2083
2035
1987
1931
1876
1860
1845
1895
1946
2009
2071
2052
2033
1965
1897
1876
1855
1835
1815
1717
1619
1542
1465
1520
1576
1680
1784
1816
1848
1847
1845
1867
1889
1903
1917
1914
1911
1936
1961
2006
2050
2075
2099
2131
2163
2226
2289
2348
2407
2432
2457
2447
2436
2400
2364
2337
2311
2311
2311
2292
2273
2207
2142
2084
2027
2053
2080
2179
2279
2353
2426
2417
2408
2370
2333
2308
2284
2224
2164
2053
1942
1856
1771
1754
1737
1739
1741
1706
1670
1590
1510
1435
1361
1347
1333
1371
1410
1455
1500
1544
1588
1650
1711
1789
1866
1944
2022
2073
2123
2124
2124
2121
2117
2183
2250
2369
2488
2574
2660
2673
2685
2633
2581
2485
2388
2279
2169
2074
1978
1919
1861
1842
1823
1828
1833
1856
1879
1894
1909
1867
1825
1769
1714
1728
1742
1758
1774
1728
1682
1666
1650
1676
1703
1706
1709
1745
1781
1832
1883
1873
1862
2008
2156
2548
2941
3094
3246
2919
2589
2260
1930
1910
1891
1979
2069
2145
2221
2276
2330
2273
2215
2100
1984
1943
1902
1900
1898
1891
1885
1891
1898
1859
1819
1726
1632
1570
1508
1464
1420
1359
1299
1263
1228
1186
1144
1054
964
947
930
1069
1209
1373
1538
1583
1628
1575
1522
1456
1391
1359
1327
1343
1360
1420
1480
1559
1637
1765
1893
2132
2372
2565
2757
2571
2383
1882
1379
1119
861
1104
1349
1763
2177
2505
2833
3177
3522
3807
4093
4095
4095
4085
4076
3933
3789
3813
3838
3913
3987
3943
3898
3760
3621
3476
3331
3125
2918
2699
2480
2538
2597
2923
3250
3334
3417
3022
2625
2180
1735
1619
1504
1590
1677
1773
1869
1967
2065
2135
2205
2193
2181
2104
2027
1881
1734
1553
1372
1321
1271
1405
1540
1698
1856
1962
2069
2172
2275
2292
2309
2108
1906
1562
1217
954
692
635
580
654
728
750
771
682
591
493
395
344
293
266
240
294
348
544
741
1003
1265
1485
1705
1864
2023
2104
2184
2140
2096
1960
1823
1734
1644
1708
1772
1944
2116
2261
2407
2453
2498
2459
2419
2329
2238
2116
1993
1860
1727
1655
1583
1655
1728
1918
2109
2268
2427
2424
2420
2257
2094
1923
1752
1743
1735
1856
1978
2046
2114
2102
2089
2118
2147
2221
2294
2346
2398
2463
2527
2633
2740
2844
2949
3042
3135
3223
3312
3339
3365
3267
3168
2981
2794
2641
2489
2447
2405
2425
2445
2472
2498
2525
2551
2533
2515
2416
2317
2219
2120
2081
2042
2018
1995
1999
2004
2066
2128
2123
2117
1944
1770
1585
1400
1386
1373
1467
1562
1613
1664
1677
1690
1741
1792
1862
1931
1958
1984
1974
1964
1967
1971
2030
2089
2179
2269
2282
2294
2195
2094
2042
1991
2112
2234
2381
2529
2499
2469
2293
2117
1953
1789
1706
1623
1624
1625
1731
1837
1999
2162
2249
2337
2311
2285
2238
2191
2159
2128
2060
1993
1909
1825
1800
1776
1815
1854
1912
1970
2006
2041
2026
2011
1959
1908
1890
1872
1957
2042
2223
2404
2547
2690
2659
2627
2486
2344
2247
2149
2109
2069
2043
2018
2026
2035
2057
2079
2059
2038
2003
1969
1960
1951
1955
1960
1979
1997
2010
2022
1986
1950
1899
1849
1825
1802
1763
1725
1682
1639
1656
1673
1695
1717
1668
1618
1570
1523
1564
1605
1718
1832
1982
2133
2263
2393
2407
2420
2317
2212
2103
1994
1959
1925
1949
1973
2004
2034
2045
2056
2059
2062
2052
2041
1999
1957
1927
1898
1916
1935
1955
1974
1971
1968
1983
1998
2015
2032
2008
1984
1961
1938
1950
1962
1972
1981
1984
1987
2015
2043
2061
2079
2046
2013
1977
1942
1981
2020
2112
2204
2254
2303
2282
2261
2223
2186
2150
2115
2069
2024
2011
1998
2041
2084
2124
2163
2176
2188
2214
2239
2268
2296
2288
2279
2242
2206
2183
2160
2180
2201
2253
2304
2312
2320
2261
2202
2153
2104
2103
2102
2090
2078
2036
1994
1972
1951
1969
1988
2009
2030
2016
2001
1953
1905
1868
1832
1824
1817
1817
1818
1834
1849
1897
1944
1996
2047
2067
2086
2076
2065
2030
1996
1956
1917
1911
1905
1932
1960
1984
2008
2019
2029
2024
2018
1989
1960
1935
1910
1921
1933
1962
1990
1999
2007
2002
1996
1998
2001
2015
2028
2029
2029
2020
2011
2032
2054
2095
2136
2133
2129
2085
2042
2034
2027
2072
2117
2165
2213
2214
2215
2152
2088
2024
1961
1993
2026
2117
2209
2224
2238
2155
2071
1983
1895
1859
1823
1823
1823
1842
1861
1912
1963
2032
2101
2118
2134
2075
2016
1964
1913
1913
1913
1912
1910
1904
1899
1929
1959
1985
2011
2005
1999
2012
2026
2066
2106
2120
2133
2109
2085
2042
1999
1978
1958
2006
2054
2121
2187
2183
2178
2151
2124
2153
2183
2195
2207
2126
2045
1966
1887
1916
1946
2031
2115
2140
2165
2121
2077
2034
1991
1965
1940
1901
1862
1847
1833
1891
1949
2024
2099
2120
2141
2121
2101
2071
2041
2014
1987
1984
1982
1994
2007
2015
2023
2041
2059
2091
2123
2139
2155
2152
2149
2136
2123
2101
2080
2073
2067
2083
2099
2105
2110
2097
2084
2072
2061
2058
2055
2075
2096
2121
2146
2096
2046
1943
1840
1812
1784
1831
1878
1919
1960
2027
2093
2197
2301
2316
2331
2229
2125
2044
1964
1975
1987
2018
2048
2049
2049
2042
2034
2025
2016
1984
1952
1923
1895
1926
1957
2032
2106
2146
2186
2177
2167
2143
2120
2085
2051
2020
1989
2005
2022
2075
2128
2159
2189
2176
2162
2110
2058
1986
1914
1868
1823
1841
1860
1919
1978
2023
2067
2084
2101
2119
2137
2163
2188
2186
2184
2148
2112
2086
2061
2055
2049
2049
2050
2080
2110
2167
2223
2244
2264
2230
2195
2167
2139
2141
2144
2133
2121
2077
2034
1994
1955
1931
1907
1876
1846
1820
1794
1812
1830
1896
1961
2025
2089
2109
2128
2101
2073
2031
1990
1979
1968
1999
2030
2063
2096
2101
2106
2106
2105
2127
2149
2181
2213
2226
2238
2203
2167
2062
1956
1848
1739
1762
1786
1932
2078
2157
2235
2169
2102
2025
1948
1953
1958
1983
2008
2005
2001
1996
1991
2004
2018
2043
2068
2090
2111
2115
2119
2124
2128
2165
2202
2238
2274
2244
2214
2147
2081
2072
2064
2116
2169
2186
2203
2152
2101
2057
2014
2022
2031
2041
2050
2012
1973
1915
1858
1845
1832
1881
1931
1996
2061
2089
2117
2097
2077
2021
1965
1907
1849
1836
1823
1858
1894
1939
1984
2025
2065
2098
2130
2131
2132
2115
2098
2092
2086
2064
2042
2000
1958
1973
1989
2071
2153
2195
2236
2200
2164
2121
2078
2072
2067
2087
2108
2139
2170
2181
2191
2172
2153
2140
2127
2136
2146
2141
2136
2100
2064
2029
1995
1987
1979
1981
1984
1977
1970
1957
1945
1946
1947
1964
1980
1999
2018
2035
2052
2068
2084
2105
2126
2151
2176
2181
2185
2154
2123
2076
2030
1992
1955
1938
1922
1948
1975
2046
2116
2181
2245
2265
2285
2270
2254
2206
2159
2079
1999
1929
1859
1841
1823
1835
1847
1860
1873
1896
1918
1947
1975
1990
2005
2020
2035
2051
2066
2047
2027
1993
1960
1958
1957
1958
1960
1948
1935
1946
1958
1969
1979
1952
1924
1923
1923
1970
2017
2037
2057
2070
2082
2133
2184
2197
2210
2186
2162
2229
2297
2417
2537
2554
2571
2504
2437
2365
2293
2194
2094
1991
1887
1855
1824
1846
1868
1896
1923
1959
1994
2012
2030
1996
1962
1923
1884
1889
1894
1922
1950
1966
1982
1974
1966
1929
1892
1853
1815
1818
1822
1880
1938
2032
2126
2212
2298
2312
2325
2261
2196
2122
2049
2001
1954
1920
1887
1900
1914
2005
2097
2196
2295
2325
2355
2326
2296
2240
2185
2132
2079
2055
2032
2032
2032
2041
2051
2088
2124
2165
2205
2187
2168
2093
2018
1955
1892
1886
1881
1928
1976
2030
2083
2087
2091
2058
2025
1998
1972
1960
1949
1949
1949
1966
1982
1997
2012
2018
2024
2035
2045
2043
2041
2006
1972
1935
1898
1891
1884
1903
1922
1951
1979
1994
2008
2002
1996
1983
1971
1953
1935
1913
1892
1889
1886
1890
1894
1887
1879
1893
1908
1954
2000
2022
2044
2055
2065
2127
2188
2271
2353
2392
2431
2425
2418
2373
2329
2255
2182
2130
2079
2079
2080
2112
2143
2183
2223
2248
2272
2250
2227
2173
2120
2082
2044
2031
2019
2022
2025
2047
2068
2090
2111
2100
2089
2053
2017
2001
1985
2000
2016
2026
2035
2017
1999
1979
1960
1958
1956
1955
1954
1949
1945
1950
1956
1977
1998
2022
2045
2058
2071
2062
2053
2027
2002
1984
1966
1966
1967
1975
1983
1983
1982
1981
1980
1995
2010
2032
2053
2051
2048
2021
1994
1971
1948
1937
1927
1925
1923
1935
1947
1966
1984
1981
1978
1960
1942
1940
1938
1952
1966
1976
1986
1988
1990
1992
1994
2029
2064
2154
2244
2328
2412
2409
2406
2338
2271
2209
2148
2106
2065
2043
2022
2039
2057
2093
2129
2142
2154
2135
2115
2074
2033
1995
1958
1961
1965
1997
2028
2038
2047
2041
2035
2038
2041
2035
2028
2012
1997
2019
2041
2088
2135
2150
2165
2153
2141
2131
2122
2104
2086
2059
2032
2020
2008
2009
2011
2017
2022
2037
2052
2066
2080
2074
2068
2049
2031
2014
1997
1973
1949
1921
1893
1885
1878
1900
1922
1952
1981
1991
2001
1989
1977
1954
1932
1902
1873
1841
1809
1793
1778
1808
1839
1939
2040
2179
2319
2404
2489
2457
2424
2328
2231
2174
2117
2108
2099
2081
2064
2045
2026
2045
2065
2092
2118
2111
2103
2098
2094
2115
2137
2138
2138
2087
2036
1949
1862
1797
1733
1781
1830
1978
2127
2210
2293
2247
2201
2129
2057
2002
1947
1898
1850
1876
1902
1996
2091
2117
2143
2085
2026
1988
1951
1942
1934
1921
1909
1925
1942
1951
1960
1880
1799
1704
1608
1632
1657
1781
1905
2028
2152
2230
2308
2322
2335
2321
2306
2354
2402
2484
2565
2544
2523
2413
2303
2234
2165
2171
2177
2262
2347
2488
2629
2645
2660
2473
2284
2169
2055
2199
2345
2476
2608
2477
2344
2121
1897
1813
1730
1755
1780
1791
1802
1762
1721
1653
1586
1552
1519
1556
1594
1650
1705
1702
1698
1657
1616
1632
1648
1731
1814
1842
1870
1795
1719
1671
1623
1700
1777
1878
1979
1996
2012
1974
1935
1918
1902
1942
1982
2047
2112
2137
2162
2156
2150
2155
2160
2152
2144
2118
2092
2081
2071
2028
1985
1955
1926
2135
2346
2767
3189
3424
3657
3497
3334
2980
2624
2335
2046
1950
1854
1933
2012
2108
2204
2180
2156
2033
1910
1772
1634
1538
1441
1400
1359
1348
1337
1363
1389
1490
1592
1724
1856
1933
2010
2020
2030
2003
1975
1946
1917
1936
1956
2006
2055
2059
2062
2034
2005
2021
2038
2096
2154
2176
2198
2163
2127
2090
2054
2088
2123
2231
2339
2424
2509
2474
2439
2315
2191
2107
2023
2034
2046
2105
2163
2225
2287
2344
2401
2431
2460
2434
2407
2315
2223
2108
1993
1947
1902
1940
1979
1985
1990
1909
1828
1764
1701
1714
1727
1760
1793
1810
1826
1826
1826
1800
1774
1767
1760
1817
1875
1932
1988
1967
1945
1891
1837
1848
1859
1958
2057
2179
2301
2343
2385
2289
2192
2028
1863
1773
1684
1733
1783
1912
2042
2172
2302
2383
2463
2458
2453
2376
2299
2226
2154
2121
2088
2062
2037
2011
1985
1982
1979
1989
2000
2010
2019
2033
2047
2063
2078
2089
2099
2114
2129
2150
2170
2179
2188
2186
2184
2179
2175
2171
2167
2163
2159
2153
2147
2130
2113
2080
2047
2022
1998
2012
2026
2059
2092
2091
2089
2049
2010
1981
1952
1948
1944
1939
1935
1926
1917
1933
1950
1991
2032
2050
2068
2043
2017
1976
1936
1904
1872
1851
1831
1830
1830
1839
1848
1852
1855
1866
1876
1883
1890
1873
1855
1846
1837
1843
1849
1835
1820
1849
1879
2039
2200
2372
2545
2555
2563
2423
2281
2126
1971
1924
1877
1973
2070
2203
2336
2389
2442
2446
2450
2445
2440
2375
2311
2211
2110
2063
2016
2019
2022
2031
2039
2048
2056
2048
2040
1999
1959
1923
1887
1894
1901
1949
1996
2036
2075
2048
2021
1939
1857
1807
1757
1791
1825
1908
1992
2060
2127
2139
2151
2115
2078
2035
1993
1978
1964
1977
1991
2019
2046
2076
2106
2132
2157
2165
2172
2160
2147
2133
2119
2110
2102
2089
2077
2082
2087
2120
2152
2161
2170
2137
2104
2074
2045
2034
2024
2005
1987
1959
1932
1905
1879
1859
1840
1844
1848
1855
1862
1852
1842
1892
1942
2102
2263
2395
2527
2481
2435
2260
2084
1931
1779
1744
1710
1784
1859
1968
2078
2158
2238
2270
2301
2277
2253
2185
2117
2058
1999
1985
1971
1999
2028
2084
2139
2178
2217
2199
2180
2135
2090
2064
2038
2017
1996
1972
1949
1948
1948
1957
1967
1969
1971
1986
2001
2024
2047
2035
2023
1983
1943
1926
1909
1922
1936
1965
1993
2038
2082
2127
2172
2177
2181
2140
2098
2039
1981
1927
1874
1854
1835
1882
1929
2001
2072
2080
2088
2047
2006
1992
1979
1977
1976
1940
1905
1882
1859
1875
1892
1902
1911
1917
1923
1962
2000
2026
2051
2028
2005
1982
1960
1993
2027
2127
2228
2350
2472
2499
2526
2404
2281
2125
1969
1925
1881
1955
2029
2137
2246
2315
2384
2392
2399
2363
2327
2265
2203
2140
2078
2051
2024
2027
2031
2040
2048
2065
2082
2101
2120
2102
2084
2041
1998
1987
1976
1996
2016
2027
2037
2030
2023
2019
2015
2020
2025
2028
2030
2019
2008
1990
1972
1967
1962
1978
1995
2025
2055
2079
2102
2118
2133
2144
2155
2148
2141
2109
2078
2052
2027
2020
2014
2017
2021
2038
2055
2071
2086
2071
2055
2031
2008
2007
2007
2002
1998
1979
1960
1944
1929
1906
1883
1864
1846
1875
1905
1944
1983
1974
1965
1965
1966
2029
2092
2142
2192
2172
2152
2094
2036
1981
1927
1914
1902
1955
2009
2080
2150
2168
2185
2145
2105
2024
1943
1866
1789
1794
1800
1882
1965
2020
2075
2071
2066
2045
2025
1988
1952
1910
1868
1881
1895
1968
2041
2104
2167
2187
2206
2193
2179
2150
2121
2096
2071
2057
2043
2045
2047
2074
2100
2122
2143
2139
2134
2150
2167
2216
2265
2258
2250
2159
2068
1991
1914
1917
1921
1973
2024
2060
2096
2090
2083
2048
2013
1963
1914
1870
1827
1841
1856
1936
2015
2070
2125
2117
2108
2090
2073
2054
2036
1997
1959
1945
1931
1959
1988
2023
2057
2111
2164
2243
2322
2338
2353
2260
2166
2063
1959
1943
1927
1969
2012
2043
2074
2083
2091
2092
2092
2072
2052
2023
1995
2000
2006
2042
2077
2091
2105
2086
2067
2039
2011
1990
1969
1958
1947
1947
1948
1990
2031
2131
2232
2303
2373
2302
2231
2080
1929
1858
1788
1822
1856
1918
1980
2025
2070
2071
2071
2022
1973
1934
1895
1917
1940
1992
2043
2080
2116
2128
2140
2125
2110
2082
2054
2042
2030
2030
2031
2034
2036
2068
2100
2168
2236
2276
2316
2275
2234
2144
2053
1989
1925
1927
1929
1970
2011
2036
2061
2054
2046
2023
2000
1976
1953
1952
1952
1988
2025
2057
2088
2079
2070
2050
2030
2019
2009
1992
1975
1968
1961
1977
1994
2004
2014
2030
2046
2097
2148
2173
2198
2141
2084
2014
1944
1940
1937
1971
2006
2024
2041
2037
2032
2012
1992
1955
1918
1886
1854
1866
1879
1940
2000
2052
2103
2102
2101
2072
2043
2017
1992
1967
1942
1936
1930
1962
1994
2030
2065
2073
2080
2075
2069
2057
2045
2031
2018
2024
2031
2038
2044
2032
2020
2031
2042
2075
2107
2118
2128
2160
2191
2265
2339
2328
2317
2178
2039
1936
1833
1862
1892
1975
2059
2119
2178
2199
2219
2196
2173
2119
2066
2022
1979
1975
1972
2009
2046
2085
2124
2125
2125
2105
2086
2077
2068
2066
2064
2076
2089
2128
2167
2189
2211
2183
2154
2107
2061
2040
2019
2025
2031
2052
2073
2090
2106
2100
2093
2062
2031
1997
1963
1949
1936
1940
1945
1945
1945
1939
1934
1945
1956
1974
1991
1990
1989
1984
1979
1993
2007
2010
2012
1977
1942
1911
1880
1900
1921
1967
2013
2027
2040
2022
2004
1992
1980
1977
1975
1980
1986
2041
2095
2186
2278
2298
2318
2224
2128
2033
1938
1956
1974
2061
2148
2193
2238
2219
2200
2150
2100
2036
1972
1934
1896
1937
1979
2059
2139
2164
2188
2163
2138
2117
2097
2069
2042
2007
1972
1981
1990
2039
2087
2113
2139
2132
2124
2106
2089
2075
2062
2064
2067
2079
2091
2086
2081
2062
2044
2037
2030
2031
2032
2033
2033
2034
2035
2033
2031
2013
1996
1970
1944
1930
1917
1918
1920
1922
1924
1936
1948
1981
2013
2027
2040
2008
1975
1952
1930
1962
1995
2031
2066
2064
2061
2070
2079
2141
2202
2259
2315
2295
2274
2196
2117
2062
2007
2011
2016
2049
2081
2112
2142
2154
2166
2125
2083
1994
1905
1852
1800
1823
1847
1882
1917
1915
1913
1887
1861
1814
1767
1706
1646
1629
1613
1659
1706
1749
1792
1785
1778
1745
1712
1682
1653
1628
1604
1576
1548
1518
1489
1490
1491
1544
1597
1678
1760
1842
1925
1977
2029
2012
1995
1949
1904
1936
1968
2071
2174
2223
2271
2220
2168
2080
1992
1923
1854
1802
1750
1681
1612
1497
1382
1246
1109
1000
890
795
699
546
392
197
1
0
0
0
0
0
0
0
0
23
47
335
625
870
1116
1250
1384
1495
1607
1773
1940
2180
2421
2723
3026
3293
3561
3691
3820
3834
3848
3815
3781
3713
3645
3582
3519
3512
3506
3525
3544
3531
3517
3475
3434
3391
3348
3312
3276
3271
3266
3293
3321
3319
3317
3229
3140
2960
2780
2524
2267
2028
1788
1714
1642
1732
1824
1915
2007
2033
2059
2055
2051
1972
1892
1733
1573
1466
1360
1359
1358
1369
1380
1359
1338
1295
1252
1203
1154
1151
1148
1209
1271
1357
1443
1555
1668
1792
1917
1956
1994
1954
1913
1912
1911
1981
2051
2158
2265
2408
2552
2693
2834
2908
2981
3014
3047
3120
3193
3310
3428
3470
3512
3362
3211
2963
2713
2582
2452
2456
2460
2447
2434
2344
2253
2077
1901
1632
1363
1163
963
1007
1053
1189
1325
1256
1187
940
691
559
428
567
708
985
1264
1475
1685
1755
1823
1781
1739
1648
1557
1520
1484
1541
1598
1622
1645
1546
1445
1352
1258
1312
1366
1548
1730
1932
2133
2202
2270
2157
2043
1962
1881
2025
2171
2411
2653
2806
2959
3011
3063
3012
2960
2830
2699
2608
2516
2457
2399
2290
2181
2127
2074
2179
2286
2433
2580
2665
2751
2792
2832
2778
2723
2525
2327
2085
1843
1679
1516
1469
1423
1474
1526
1593
1660
1670
1680
1656
1632
1603
1574
1529
1484
1455
1426
1454
1482
1539
1595
1650
1705
1762
1818
1838
1858
1839
1819
1844
1869
1950
2032
2062
2091
2039
1987
1922
1857
1838
1820
1917
2015
2255
2496
2721
2946
2973
2999
2880
2759
2659
2558
2535
2512
2560
2608
2715
2822
2936
3050
3114
3177
3192
3206
3210
3214
3226
3238
3221
3203
3114
3024
2915
2805
2774
2743
2790
2838
2878
2917
2892
2867
2783
2698
2583
2468
2360
2252
2178
2104
2053
2002
1948
1895
1843
1791
1738
1686
1600
1513
1413
1312
1255
1198
1128
1059
875
691
478
266
190
115
170
226
308
391
474
558
667
777
925
1073
1233
1394
1497
1599
1629
1658
1716
1773
1922
2072
2229
2387
2418
2448
2316
2182
2014
1846
1784
1724
1729
1735
1679
1622
1507
1391
1290
1189
1097
1004
897
790
703
615
618
622
796
971
1328
1685
2107
2529
2875
3221
3462
3703
3898
4092
4094
4094
4095
4095
4095
4095
4095
4095
4095
4095
4095
4095
4095
4095
4095
4095
4095
4095
4095
4095
4095
4095
4095
4095
4095
4095
4095
4095
4057
4019
3679
3338
3071
2805
2535
2265
1919
1572
1148
723
362
2
0
0
0
0
0
0
0
0
0
0
0
0
0
0
0
0
0
0
0
0
0
0
0
0
0
0
374
750
894
1037
974
911
877
843
942
1042
1208
1375
1543
1711
1795
1879
1809
1739
1674
1610
1767
1925
2166
2408
2418
2427
2196
1962
1695
1428
1230
1033
928
824
829
834
877
919
923
926
948
970
1106
1242
1467
1693
1912
2131
2328
2525
2795
3065
3452
3841
3968
4094
4095
4095
4095
4095
4095
4095
4095
4095
4095
4095
4095
4095
4095
4095
4095
4095
4095
4095
4095
4095
4095
4095
3993
3890
3193
2492
1900
1309
778
247
122
0
0
0
0
0
0
0
0
0
0
0
57
114
345
578
711
844
879
914
869
824
723
621
518
414
361
309
307
305
321
337
341
344
335
326
356
387
505
623
800
978
1158
1338
1482
1626
1701
1775
1792
1808
1833
1857
1918
1978
2043
2108
2155
2201
2234
2266
2302
2338
2409
2479
2576
2673
2747
2820
2854
2887
2902
2916
2909
2902
2877
2853
2853
2853
2891
2929
2970
3011
3027
3043
3033
3023
2988
2954
2926
2898
2913
2928
2978
3028
3068
3107
3098
3088
2988
2888
2689
2490
2275
2061
1931
1802
1783
1764
1824
1885
1979
2074
2140
2205
2224
2242
2246
2249
2235
2221
2169
2118
2064
2010
1983
1957
1932
1908
1873
1839
1831
1824
1876
1928
2030
2132
2226
2320
2346
2372
2334
2295
2252
2210
2204
2199
2228
2258
2312
2366
2413
2460
2455
2450
2397
2344
2290
2237
2192
2147
2097
2048
2020
1993
1997
2001
1993
1984
1950
1917
1891
1866
1845
1824
1791
1759
1734
1709
1696
1683
1669
1655
1654
1653
1665
1677
1680
1682
1679
1675
1693
1711
1795
1879
2058
2238
2467
2697
2880
3062
3159
3256
3275
3294
3240
3186
3087
2987
2894
2800
2742
2685
2687
2689
2735
2780
2787
2794
2729
2664
2575
2486
2401
2316
2251
2186
2183
2180
2218
2256
2254
2251
2205
2159
2125
2091
2062
2033
1984
1935
1885
1836
1797
1758
1717
1676
1638
1600
1555
1510
1421
1331
1219
1107
1057
1008
1047
1086
1164
1243
1324
1405
1477
1548
1600
1651
1716
1780
1898
2016
2137
2259
2299
2339
2289
2239
2132
2025
1890
1755
1628
1500
1395
1290
1199
1108
1062
1016
1065
1114
1246
1378
1558
1738
1968
2198
2477
2757
3055
3354
3630
3906
4000
4094
4095
4095
4095
4095
4095
4095
4095
4095
3913
3730
3412
3094
2779
2465
2164
1864
1642
1421
1330
1240
1222
1205
1164
1124
1056
989
950
911
895
879
842
806
787
768
855
943
1148
1354
1593
1832
2002
2172
2213
2252
2190
2127
2071
2016
2044
2073
2168
2264
2361
2459
2490
2520
2440
2359
2203
2046
1920
1795
1796
1797
1934
2071
2243
2416
2489
2560
2498
2436
2345
2253
2229
2205
2236
2268
2311
2354
2392
2429
2432
2435
2360
2284
2145
2006
1886
1765
1699
1633
1601
1569
1582
1595
1679
1763
1879
1996
2092
2189
2251
2312
2326
2340
2308
2276
2251
2227
2238
2249
2245
2240
2182
2124
2036
1947
1851
1755
1670
1584
1543
1502
1510
1519
1553
1586
1624
1662
1694
1726
1750
1773
1795
1816
1826
1836
1848
1859
1922
1984
2062
2141
2128
2114
2029
1944
1908
1873
1879
1886
1873
1860
1869
1878
1941
2003
2059
2115
2144
2172
2158
2143
2032
1921
1801
1680
1721
1762
1922
2082
2184
2286
2290
2294
2249
2204
2130
2057
2009
1962
1982
2003
2059
2114
2149
2184
2162
2139
2062
1985
1927
1869
1869
1870
1899
1928
1980
2032
2087
2142
2142
2142
2121
2100
2102
2105
2080
2055
2031
2008
2063
2119
2146
2172
2094
2015
1969
1924
1945
1967
1959
1951
1968
1985
2077
2169
2207
2244
2211
2177
2182
2188
2204
2220
2181
2141
2111
2082
2096
2111
2112
2112
2091
2070
2064
2059
2066
2073
2069
2065
2049
2033
2026
2019
2034
2049
2075
2101
2118
2135
2140
2145
2137
2128
2105
2083
2056
2030
2005
1980
1962
1944
1947
1950
1969
1987
1998
2008
2016
2024
2044
2063
2062
2060
2014
1969
1940
1912
1950
1988
2032
2075
2064
2052
2018
1984
1967
1950
1938
1926
1917
1908
1919
1931
1957
1983
1989
1994
1969
1943
1927
1911
1929
1948
1951
1954
1915
1876
1861
1846
1881
1917
1951
1985
2002
2019
2040
2061
2082
2102
2125
2148
2181
2214
2231
2247
2245
2242
2236
2231
2211
2192
2160
2129
2112
2095
2081
2068
2050
2032
2031
2031
2032
2033
2024
2015
2036
2057
2093
2129
2117
2105
2079
2053
2062
2071
2073
2075
2059
2042
2050
2058
2065
2071
2043
2014
1997
1980
2000
2020
2040
2059
2059
2059
2041
2023
1987
1952
1919
1887
1887
1887
1918
1950
1978
2006
1994
1982
1932
1883
1841
1799
1798
1798
1827
1857
1884
1910
1912
1914
1907
1900
1909
1919
1941
1962
1972
1981
1982
1982
1981
1981
1978
1975
1977
1980
1998
2016
2038
2060
2073
2085
2079
2073
2042
2012
1994
1977
2009
2042
2086
2130
2116
2101
2049
1998
1988
1979
2020
2062
2098
2134
2127
2120
2079
2039
2007
1976
1987
1999
2035
2071
2075
2079
2040
2001
1966
1932
1946
1961
2013
2064
2096
2128
2113
2098
2073
2049
2047
2045
2042
2040
2030
2020
2031
2043
2065
2087
2086
2084
2073
2063
2073
2083
2104
2124
2143
2161
2174
2187
2179
2170
2143
2116
2107
2098
2114
2131
2132
2132
2097
2062
2026
1990
1983
1977
1982
1987
1986
1984
1982
1980
1978
1977
1960
1943
1924
1906
1912
1919
1935
1950
1947
1944
1937
1931
1937
1943
1945
1946
1932
1918
1902
1886
1877
1869
1872
1876
1891
1905
1906
1906
1893
1881
1901
1921
1971
2020
2041
2062
2047
2032
2020
2008
2007
2007
2006
2005
2006
2007
2006
2004
1995
1986
1995
2005
2036
2067
2081
2094
2073
2051
2013
1976
1951
1926
1940
1954
1998
2042
2058
2073
2045
2017
2002
1987
2009
2031
2048
2064
2058
2051
2046
2041
2040
2039
2036
2033
2042
2051
2073
2094
2102
2110
2105
2099
2098
2098
2105
2112
2124
2135
2156
2176
2203
2229
2247
2265
2269
2273
2262
2251
2223
2196
2171
2146
2141
2136
2136
2136
2120
2103
2078
2054
2037
2020
2007
1994
1984
1974
1974
1974
1982
1990
2001
2012
2021
2029
2026
2022
2006
1990
1968
1947
1908
1869
1812
1755
1711
1668
1658
1649
1663
1678
1707
1735
1762
1789
1810
1830
1874
1918
2008
2099
2187
2276
2301
2325
2293
2260
2215
2171
2129
2088
2052
2017
2005
1994
1998
2002
1999
1996
2001
2006
2040
2074
2103
2131
2120
2109
2074
2039
2013
1988
2001
2014
2078
2142
2206
2269
2275
2280
2255
2230
2215
2201
2179
2158
2121
2085
2064
2044
2033
2022
1993
1965
1942
1919
1917
1916
1903
1891
1860
1829
1814
1800
1805
1811
1823
1835
1873
1910
1975
2039
2079
2119
2105
2090
2049
2008
1975
1942
1938
1935
1983
2032
2128
2225
2318
2412
2468
2523
2548
2573
2577
2580
2563
2545
2506
2467
2408
2349
2276
2204
2149
2094
2079
2064
2075
2087
2100
2113
2117
2120
2110
2100
2085
2070
2076
2082
2115
2148
2175
2201
2197
2192
2155
2118
2056
1995
1942
1889
1892
1895
1949
2002
2043
2083
2073
2062
2007
1952
1869
1785
1709
1633
1605
1578
1588
1598
1607
1616
1622
1627
1640
1652
1657
1662
1656
1649
1649
1649
1661
1673
1692
1711
1738
1764
1799
1833
1858
1882
1882
1882
1865
1848
1843
1838
1861
1884
1935
1986
2059
2133
2204
2274
2301
2328
2317
2305
2298
2291
2304
2318
2338
2357
2382
2407
2431
2454
2453
2452
2419
2386
2335
2284
2221
2159
2106
2053
2041
2029
2057
2086
2121
2155
2162
2169
2138
2106
2052
1998
1957
1917
1904
1892
1894
1896
1898
1899
1893
1887
1876
1866
1870
1874
1897
1919
1939
1959
1964
1969
1967
1964
1961
1958
1967
1977
2013
2049
2101
2153
2201
2248
2283
2317
2323
2329
2309
2289
2274
2259
2250
2242
2213
2185
2156
2127
2130
2133
2148
2162
2166
2170
2171
2172
2150
2128
2073
2018
1969
1921
1897
1874
1864
1854
1879
1905
1964
2023
2053
2082
2065
2048
2015
1982
1931
1881
1828
1775
1779
1783
1836
1889
1919
1948
1953
1958
1985
2012
2053
2093
2101
2108
2069
2030
1977
1925
1916
1907
1944
1982
2000
2018
1995
1972
1966
1960
1991
2023
2049
2075
2075
2075
2061
2047
2017
1987
1946
1905
1875
1845
1841
1837
1860
1884
1926
1967
1994
2021
2017
2012
1997
1983
1989
1996
2022
2048
2064
2079
2075
2071
2069
2068
2077
2086
2091
2096
2092
2087
2075
2063
2046
2030
2025
2020
2030
2041
2043
2045
2041
2036
2035
2034
2018
2002
1984
1966
1967
1969
1955
1940
1918
1896
1943
1990
2056
2122
2105
2087
2047
2008
2016
2024
2008
1991
1948
1906
1929
1952
2000
2048
2041
2033
2024
2016
2044
2073
2085
2096
2089
2082
2091
2100
2100
2100
2075
2050
2039
2029
2033
2038
2026
2013
1990
1968
1962
1956
1965
1974
1991
2008
2024
2040
2039
2037
2019
2001
1993
1986
1989
1993
1996
1999
2014
2029
2059
2088
2096
2104
2086
2068
2062
2057
2072
2087
2099
2110
2110
2109
2099
2090
2073
2057
2041
2026
2019
2012
2008
2004
2001
1998
2001
2005
2018
2030
2042
2053
2053
2053
2040
2028
2010
1993
1978
1964
1962
1960
1974
1988
2006
2023
2029
2034
2033
2031
2027
2023
2020
2017
2016
2016
2011
2006
1992
1979
1971
1964
1968
1972
1978
1984
1992
2000
2013
2026
2031
2035
2028
2021
2011
2001
1998
1995
2005
2016
2043
2069
2090
2111
2112
2112
2096
2080
2058
2036
2022
2008
2013
2019
2033
2047
2052
2056
2055
2053
2049
2046
2042
2039
2038
2038
2033
2028
2014
2001
1995
1990
1996
2002
2008
2013
2014
2014
2011
2009
2004
2000
2003
2006
2019
2032
2040
2048
2050
2052
2052
2051
2042
2033
2023
2014
2011
2008
2010
2012
2027
2042
2061
2080
2079
2077
2064
2052
2044
2037
2027
2018
2022
2027
2054
2080
2073
2065
2027
1989
1999
2009
2047
2085
2078
2070
2052
2035
2044
2053
2045
2036
2016
1996
2012
2029
2049
2069
2066
2063
2073
2084
2101
2117
2112
2107
2109
2111
2137
2162
2176
2190
2185
2180
2170
2161
2149
2138
2132
2127
2138
2149
2164
2178
2183
2187
2183
2178
2164
2150
2136
2122
2114
2106
2094
2082
2059
2036
2008
1980
1947
1914
1876
1838
1810
1783
1774
1766
1766
1767
1768
1768
1767
1766
1769
1773
1787
1801
1826
1851
1893
1934
1995
2055
2115
2175
2210
2245
2251
2257
2241
2224
2187
2150
2109
2069
2052
2036
2045
2054
2073
2091
2107
2122
2123
2124
2105
2085
2057
2029
2012
1995
1993
1991
2002
2014
2039
2063
2087
2110
2117
2124
2112
2100
2075
2050
2022
1995
1974
1954
1945
1937
1949
1962
1994
2025
2048
2070
2073
2076
2077
2077
2076
2075
2066
2058
2060
2062
2076
2090
2091
2091
2078
2065
2054
2044
2039
2035
2035
2035
2043
2051
2059
2066
2069
2072
2070
2068
2060
2052
2048
2044
2048
2053
2059
2064
2067
2070
2071
2071
2062
2054
2048
2043
2048
2053
2054
2055
2048
2041
2036
2032
2030
2028
2030
2033
2045
2056
2056
2055
2041
2028
2032
2036
2051
2066
2068
2069
2075
2081
2094
2107
2092
2077
2049
2022
2029
2037
2068
2099
2118
2137
2142
2147
2140
2133
2111
2089
2070
2052
2044
2037
2026
2015
2005
1996
2004
2013
2032
2050
2063
2075
2080
2084
2077
2070
2044
2018
1994
1971
1969
1968
1978
1989
1997
2005
2011
2017
2020
2023
2024
2024
2034
2043
2057
2071
2075
2079
2081
2082
2083
2084
2078
2072
2077
2082
2105
2127
2120
2112
2077
2042
2046
2051
2086
2121
2115
2109
2070
2032
2009
1986
1978
1970
1980
1990
2019
2048
2039
2029
1972
1915
1895
1875
1905
1935
1954
1973
1985
1997
2031
2064
2077
2090
2062
2034
2011
1988
1988
1989
1996
2002
2013
2023
2038
2053
2063
2073
2080
2086
2096
2105
2108
2111
2101
2090
2073
2056
2047
2039
2039
2039
2037
2035
2030
2025
2022
2020
2017
2015
2011
2008
2010
2012
2022
2031
2042
2053
2064
2074
2080
2085
2082
2078
2069
2061
2059
2058
2069
2080
2094
2108
2104
2099
2076
2054
2039
2025
2029
2034
2052
2069
2091
2112
2125
2137
2131
2125
2115
2105
2105
2105
2105
2105
2101
2097
2092
2087
2075
2063
2041
2020
2008
1996
2002
2008
2019
2029
2033
2037
2036
2035
2030
2026
2017
2009
2002
1995
1994
1993
1999
2006
2019
2031
2044
2056
2064
2072
2073
2073
2067
2061
2048
2036
2030
2024
2033
2042
2051
2059
2051
2042
2028
2015
2011
2008
2010
2012
2022
2032
2049
2066
2073
2080
2074
2068
2062
2056
2046
2037
2022
2008
2008
2008
2022
2037
2046
2055
2061
2067
2079
2091
2092
2093
2076
2058
2040
2023
2019
2015
2017
2019
2026
2032
2043
2053
2056
2059
2050
2041
2030
2019
2016
2014
2014
2014
2019
2024
2036
2047
2051
2054
2045
2035
2029
2024
2031
2039
2048
2056
2058
2059
2059
2058
2056
2054
2054
2055
2066
2077
2088
2098
2096
2094
2082
2071
2052
2033
2018
2003
2024
2046
2082
2118
2097
2076
2032
1989
2014
2039
2070
2101
2046
1990
1944
1899
1958
2018
2071
2124
2092
2059
2037
2015
2042
2069
2068
2066
2034
2003
1998
1994
2005
2017
2025
2033
2046
2059
2063
2067
2049
2031
2013
1995
2005
2016
2046
2076
2084
2091
2067
2043
2038
2033
2070
2108
2125
2141
2112
2082
2067
2052
2058
2065
2048
2030
2015
2000
2029
2059
2082
2104
2079
2054
2033
2012
2031
2051
2072
2093
2088
2083
2075
2067
2066
2066
2059
2053
2040
2028
2028
2028
2041
2055
2064
2073
2066
2058
2044
2030
2024
2018
2019
2021
2025
2028
2030
2032
2023
2014
1994
1975
1973
1972
1991
2011
2020
2028
2023
2017
2023
2030
2032
2033
2006
1978
1960
1942
1963
1985
2015
2044
2060
2075
2088
2101
2108
2115
2111
2106
2099
2092
2074
2057
2031
2006
2010
2014
2047
2080
2090
2100
2076
2052
2017
1983
1949
1916
1911
1907
1945
1983
2004
2025
1994
1963
1939
1915
1937
1960
2010
2059
2106
2153
2157
2160
2119
2078
2073
2068
2123
2179
2214
2249
2226
2202
2151
2100
2052
2005
1996
1987
2022
2057
2099
2141
2173
2204
2186
2168
2063
1958
1878
1798
1868
1939
2077
2215
2283
2349
2293
2236
2060
1884
1755
1627
1733
1841
2008
2175
2145
2113
2022
1931
1971
2012
2061
2110
2084
2058
2058
2058
2079
2100
2081
2062
2046
2031
2034
2037
2022
2006
2002
1998
2020
2042
2040
2037
2015
1994
2000
2007
2026
2044
2041
2038
2033
2028
2040
2053
2064
2074
2064
2053
2033
2014
2007
2001
2007
2014
2015
2015
1999
1982
1972
1962
1992
2023
2072
2121
2135
2148
2138
2128
2132
2136
2137
2138
2117
2096
2087
2079
2090
2101
2101
2100
2091
2082
2081
2081
2066
2051
2018
1986
1968
1951
1953
1955
1964
1973
1991
2008
2024
2039
2035
2031
2018
2006
1999
1992
1988
1984
1984
1984
1991
1998
2007
2015
2020
2025
2026
2026
2022
2017
2014
2011
2016
2021
2033
2044
2060
2075
2088
2100
2100
2100
2089
2079
2073
2067
2067
2068
2069
2070
2061
2052
2027
2003
1983
1963
1963
1964
1978
1992
2009
2025
2043
2060
2072
2084
2087
2089
2086
2082
2067
2052
2028
2005
1987
1970
1964
1958
1963
1968
1984
1999
2011
2023
2024
2024
2026
2028
2039
2049
2055
2061
2070
2079
2099
2119
2129
2138
2127
2115
2101
2087
2083
2079
2082
2086
2098
2109
2118
2126
2113
2100
2076
2053
2043
2033
2034
2036
2036
2035
2032
2030
2034
2039
2054
2068
2085
2102
2105
2107
2092
2077
2063
2050
2046
2042
2035
2028
2028
2028
2046
2063
2077
2090
2088
2085
2083
2081
2082
2084
2081
2077
2077
2077
2085
2094
2090
2086
2072
2058
2067
2076
2110
2143
2167
2190
2187
2184
2161
2139
2110
2082
2061
2041
2037
2034
2042
2050
2058
2066
2068
2069
2068
2067
2067
2067
2063
2059
2036
2014
1982
1950
1924
1899
1890
1881
1897
1913
1945
1977
1986
1995
1970
1945
1915
1886
1867
1848
1835
1822
1823
1824
1840
1856
1867
1878
1880
1881
1879
1876
1866
1856
1848
1841
1837
1834
1830
1826
1846
1867
1937
2008
2088
2169
2199
2229
2200
2171
2103
2036
1960
1884
1831
1778
1757
1737
1746
1756
1794
1831
1876
1921
1948
1975
1985
1994
2005
2016
2041
2066
2100
2133
2151
2169
2160
2151
2138
2126
2132
2138
2151
2164
2188
2211
2269
2327
2400
2474
2500
2525
2486
2446
2378
2311
2244
2178
2132
2086
2084
2082
2107
2133
2150
2167
2178
2188
2188
2187
2137
2087
2025
1963
1962
1961
1991
2022
2043
2063
2099
2134
2143
2151
2075
1997
1940
1884
1941
1998
2064
2130
2118
2105
2069
2034
2015
1996
1977
1958
1953
1949
1972
1995
2026
2056
2070
2083
2057
2031
1982
1933
1914
1896
1910
1924
1927
1929
1915
1900
1898
1897
1929
1961
2012
2063
2088
2112
2088
2063
2022
1981
1961
1942
1941
1940
1951
1962
1986
2009
2031
2053
2059
2064
2053
2042
2021
2001
1992
1983
1992
2001
2015
2029
2035
2041
2045
2049
2056
2062
2060
2058
2036
2015
1991
1968
1968
1969
1982
1995
1991
1987
1976
1965
1972
1980
2003
2025
2041
2057
2058
2058
2043
2027
2015
2003
2013
2023
2037
2051
2046
2041
2035
2029
2038
2047
2062
2077
2086
2095
2091
2087
2070
2054
2047
2040
2051
2063
2077
2090
2101
2111
2124
2137
2132
2127
2094
2062
2035
2009
2007
2006
2011
2016
2020
2023
2030
2036
2040
2044
2034
2024
2003
1982
1970
1958
1971
1985
2010
2034
2047
2060
2065
2069
2067
2064
2042
2021
1995
1970
1965
1960
1976
1992
2024
2056
2091
2126
2136
2146
2125
2104
2083
2063
2063
2063
2079
2095
2111
2126
2123
2119
2098
2077
2070
2063
2076
2089
2091
2093
2073
2052
2038
2024
2035
2046
2067
2088
2094
2100
2089
2077
2063
2049
2049
2049
2066
2083
2100
2117
2117
2117
2099
2081
2062
2043
2036
2030
2039
2049
2065
2081
2085
2089
2081
2073
2066
2060
2063
2066
2067
2068
2053
2038
2025
2013
2029
2046
2072
2098
2090
2081
2050
2019
2009
2000
2009
2019
2021
2022
2017
2012
2010
2008
2008
2008
2008
2007
2009
2011
2020
2029
2042
2054
2057
2060
2046
2031
2018
2005
2014
2024
2040
2056
2055
2053
2041
2030
2026
2022
2024
2027
2041
2054
2078
2102
2117
2131
2138
2145
2160
2174
2177
2179
2170
2160
2173
2186
2194
2201
2164
2127
2116
2105
2154
2204
2215
2226
2182
2137
2140
2144
2199
2254
2283
2312
2314
2315
2294
2272
2206
2140
2079
2018
2016
2015
2045
2076
2110
2143
2173
2202
2209
2216
2209
2202
2207
2213
2215
2216
2194
2172
2143
2115
2081
2048
1997
1946
1895
1844
1802
1761
1730
1700
1706
1713
1759
1804
1836
1867
1859
1851
1833
1815
1818
1821
1857
1893
1948
2002
2034
2065
2047
2029
1985
1941
1906
1872
1859
1846
1855
1865
1892
1919
1951
1982
2008
2033
2055
2076
2100
2123
2145
2166
2173
2180
2180
2180
2188
2197
2211
2225
2233
2241
2246
2251
2251
2251
2244
2238
2245
2253
2279
2304
2323
2342
2356
2369
2375
2381
2350
2318
2274
2230
2225
2221
2211
2201
2137
2074
2020
1966
1957
1948
1919
1891
1828
1766
1731
1697
1710
1724
1766
1808
1867
1925
1990
2054
2114
2173
2212
2250
2248
2245
2214
2183
2161
2139
2123
2107
2078
2050
2029
2008
2006
2005
1997
1990
1969
1949
1940
1931
1938
1945
1941
1936
1899
1862
1814
1767
1755
1744
1782
1820
1876
1931
1969
2007
2014
2021
1995
1969
1947
1925
1961
1998
2076
2155
2208
2261
2283
2305
2321
2336
2325
2313
2270
2227
2203
2179
2189
2199
2212
2224
2222
2219
2198
2178
2153
2129
2123
2117
2122
2127
2132
2136
2157
2178
2206
2233
2217
2201
2144
2087
2042
1997
1987
1977
1991
2006
2030
2053
2061
2068
2051
2034
2011
1989
1986
1984
2008
2033
2059
2084
2064
2043
1985
1927
1889
1852
1860
1869
1902
1935
1967
1998
2011
2024
2013
2001
1976
1951
1928
1905
1895
1885
1894
1903
1935
1966
2009
2051
2077
2103
2096
2088
2072
2057
2063
2070
2091
2111
2118
2124
2107
2090
2055
2020
1990
1961
1961
1961
1980
2000
2019
2038
2051
2063
2068
2072
2068
2064
2067
2071
2095
2119
2147
2174
2183
2192
2178
2163
2131
2100
2068
2037
2021
2006
2009
2013
2025
2036
2044
2052
2056
2060
2056
2051
2030
2010
1986
1962
1959
1956
1980
2004
2039
2074
2089
2103
2083
2062
2035
2009
2007
2005
2017
2029
2044
2059
2077
2095
2097
2098
2076
2054
2038
2023
2028
2033
2041
2048
2053
2057
2062
2066
2062
2058
2042
2027
2007
1987
1969
1952
1944
1937
1938
1940
1944
1948
1953
1958
1955
1952
1940
1929
1933
1938
1959
1980
1985
1989
1984
1979
1989
1999
2007
2014
1997
1980
1961
1943
1945
1948
1971
1994
2030
2066
2098
2130
2137
2144
2134
2124
2125
2127
2146
2164
2185
2205
2228
2251
2276
2301
2302
2302
2270
2238
2197
2156
2114
2072
2016
1961
1905
1850
1824
1798
1808
1819
1866
1913
1985
2057
2110
2162
2153
2143
2085
2028
1979
1931
1923
1915
1929
1944
1959
1973
1986
1998
2003
2007
1997
1986
1981
1976
1997
2018
2048
2077
2097
2116
2132
2147
2164
2180
2189
2197
2182
2167
2118
2069
2017
1966
1958
1950
1984
2018
2055
2092
2106
2119
2098
2076
2027
1979
1948
1918
1936
1954
1989
2023
2033
2043
2032
2020
1998
1977
1953
1929
1927
1925
1959
1993
2025
2056
2053
2050
2035
2021
2023
2026
2033
2039
2037
2035
2035
2036
2044
2052
2066
2079
2097
2114
2118
2121
2100
2078
2060
2043
2054
2065
2082
2099
2097
2095
2084
2073
2070
2067
2070
2073
2074
2075
2060
2045
2009
1973
1947
1922
1937
1952
1979
2005
2001
1996
1983
1971
1987
2004
2026
2048
2049
2050
2048
2045
2048
2051
2051
2051
2049
2047
2054
2062
2077
2092
2103
2113
2109
2105
2093
2082
2085
2089
2115
2141
2170
2198
2212
2225
2226
2226
2228
2229
2230
2230
2209
2188
2149
2110
2077
2044
2017
1991
1971
1951
1958
1965
1985
2004
1998
1992
1971
1950
1930
1910
1867
1825
1770
1716
1703
1690
1721
1753
1790
1826
1843
1859
1839
1819
1756
1694
1615
1535
1462
1388
1318
1248
1197
1146
1160
1175
1261
1348
1438
1529
1554
1578
1508
1436
1274
1111
902
692
478
263
131
0
0
0
0
0
85
171
320
470
630
789
1020
1252
1546
1840
2257
2674
3125
3575
3662
3747
3352
2954
2539
2125
2060
1999
2154
2311
2484
2657
2832
3006
3165
3324
3402
3480
3458
3435
3370
3305
3303
3301
3393
3486
3575
3664
3653
3642
3520
3397
3188
2978
2746
2514
2355
2197
2118
2039
1948
1856
1703
1550
1387
1224
1120
1016
960
905
834
762
674
585
548
511
567
624
761
898
1074
1250
1399
1547
1629
1710
1767
1824
1932
2041
2248
2456
2756
3056
3354
3651
3801
3949
3891
3832
3657
3482
3327
3173
3101
3030
3026
3023
3056
3089
3151
3212
3270
3327
3312
3297
3181
3065
2958
2850
2906
2963
3126
3289
3274
3257
2937
2615
2174
1733
1296
860
453
46
21
0
360
724
1352
1982
2256
2527
2373
2215
1817
1417
889
360
179
1
0
0
0
0
256
514
915
1317
1552
1786
1722
1655
1447
1238
1127
1017
1043
1070
1170
1270
1417
1565
1709
1852
1926
1999
1995
1991
1942
1893
1850
1808
1828
1849
1935
2021
2113
2206
2265
2324
2346
2367
2356
2344
2323
2302
2305
2309
2338
2366
2398
2430
2455
2480
2491
2501
2492
2482
2460
2439
2420
2401
2393
2385
2386
2387
2390
2392
2392
2392
2392
2392
2383
2374
2334
2295
2231
2168
2111
2055
2037
2020
2048
2077
2123
2168
2195
2221
2227
2233
2233
2233
2225
2217
2209
2201
2211
2222
2250
2278
2306
2333
2354
2374
2380
2385
2371
2356
2335
2315
2307
2299
2303
2308
2315
2321
2318
2314
2301
2288
2273
2258
2241
2225
2207
2189
2189
2190
2211
2232
2241
2250
2239
2228
2222
2217
2224
2231
2237
2243
2254
2264
2289
2313
2337
2360
2365
2370
2357
2343
2305
2268
2211
2154
2106
2059
2047
2035
2056
2077
2116
2154
2194
2234
2257
2279
2275
2271
2260
2250
2247
2245
2229
2213
2171
2130
2090
2050
2020
1991
1957
1923
1909
1895
1920
1946
1964
1981
1959
1937
1935
1934
1997
2061
2129
2197
2193
2188
2121
2054
1996
1938
1938
1938
1979
2020
2052
2083
2094
2104
2122
2140
2165
2189
2192
2194
2195
2196
2215
2233
2217
2200
2132
2064
2037
2011
2062
2113
2163
2213
2238
2262
2302
2341
2367
2393
2366
2339
2298
2258
2236
2214
2195
2177
2173
2169
2182
2196
2195
2194
2174
2154
2135
2117
2093
2069
2042
2015
2007
1999
2013
2027
2061
2094
2141
2187
2208
2229
2205
2181
2146
2112
2097
2083
2083
2083
2098
2112
2135
2157
2163
2169
2160
2151
2147
2144
2133
2123
2092
2062
2047
2033
2056
2079
2106
2132
2136
2140
2134
2127
2108
2090
2053
2017
1995
1974
1991
2009
2039
2069
2081
2092
2089
2086
2083
2080
2079
2079
2077
2075
2070
2066
2067
2068
2078
2087
2092
2096
2087
2078
2066
2055
2052
2049
2052
2055
2063
2070
2080
2089
2093
2096
2088
2079
2063
2048
2045
2043
2061
2080
2099
2117
2118
2119
2117
2115
2109
2103
2076
2050
2023
1996
2001
2006
2035
2063
2092
2121
2149
2176
2195
2213
2215
2216
2209
2202
2193
2185
2169
2154
2126
2099
2068
2038
2013
1989
1973
1957
1952
1948
1962
1977
2006
2035
2055
2075
2073
2070
2064
2059
2072
2085
2106
2126
2124
2121
2099
2078
2059
2040
2017
1994
1964
1934
1914
1895
1878
1861
1841
1821
1832
1844
1875
1906
1878
1850
1763
1676
1609
1542
1515
1489
1484
1480
1505
1531
1575
1618
1642
1666
1669
1671
1688
1705
1782
1860
2000
2140
2297
2454
2585
2715
2775
2834
2787
2739
2671
2603
2582
2562
2447
2332
2117
1901
1917
1934
2236
2540
2693
2844
2671
2495
2273
2051
1907
1763
1623
1483
1396
1310
1270
1230
1150
1070
1099
1128
1412
1697
2012
2326
2451
2574
2656
2739
2924
3109
3217
3325
3178
3030
2772
2513
2414
2317
2451
2586
2806
3027
3161
3294
3265
3235
3052
2868
2601
2333
2067
1801
1603
1406
1306
1207
1196
1185
1219
1254
1281
1308
1312
1316
1335
1353
1392
1431
1448
1464
1468
1472
1492
1511
1524
1536
1560
1584
1665
1746
1816
1886
1951
2016
2268
2521
2914
3309
3420
3528
3125
2719
2068
1415
916
418
314
213
495
780
1163
1547
1749
1950
1996
2041
2041
2041
1919
1796
1544
1291
1160
1029
1151
1276
1478
1682
1846
2010
2157
2304
2343
2380
2332
2283
2482
2683
3184
3687
3891
4093
3991
3886
3414
2939
2497
2056
1798
1541
1551
1564
1744
1925
2071
2216
2293
2370
2410
2449
2400
2350
2224
2098
2002
1906
1882
1859
1890
1921
1988
2055
2117
2178
2192
2206
2174
2142
2090
2038
2005
1973
1984
1996
2029
2061
2074
2087
2073
2059
2040
2021
2013
2006
2000
1995
1977
1960
1945
1930
1936
1942
1958
1974
1982
1989
1981
1973
1946
1919
1890
1862
1863
1865
1894
1922
1945
1967
1969
1971
1961
1950
1940
1931
1941
1952
1976
1999
2012
2025
2030
2035
2041
2046
2038
2029
2011
1993
1989
1986
1991
1997
1997
1997
1996
1995
1999
2003
2011
2018
2029
2039
2050
2061
2069
2076
2077
2078
2075
2071
2068
2066
2069
2073
2075
2076
2065
2054
2022
1991
1949
1908
1889
1871
1889
1907
1942
1977
2002
2027
2026
2024
1996
1969
1949
1929
1934
1939
1946
1953
1954
1954
1944
1933
1905
1878
1945
2014
2286
2560
2849
3137
3138
3136
2859
2581
2250
1918
1669
1420
1346
1273
1408
1544
1740
1937
2045
2153
2181
2208
2163
2118
1991
1863
1754
1646
1657
1669
1782
1895
2025
2156
2209
2260
2212
2164
2095
2025
1954
1883
1841
1800
1982
2166
2583
3002
3255
3506
3297
3084
2583
2080
1629
1177
1018
862
1026
1193
1447
1702
1856
2008
2113
2217
2273
2328
2246
2162
2037
1912
1894
1877
1942
2009
2090
2172
2232
2292
2297
2302
2265
2228
2155
2081
2015
1948
2058
2169
2457
2746
2892
3037
2854
2668
2318
1966
1651
1337
1183
1030
1072
1116
1197
1278
1273
1267
1284
1302
1375
1449
1473
1496
1531
1566
1697
1829
1944
2058
2110
2162
2236
2311
2347
2382
2310
2237
2179
2121
2156
2192
2259
2326
2407
2489
2577
2666
2690
2713
2688
2662
2675
2689
2739
2788
2788
2788
2673
2558
2361
2163
2047
1932
1990
2049
2129
2209
2177
2145
2091
2038
2027
2016
1976
1936
1877
1819
1839
1860
1955
2050
2110
2170
2141
2111
2066
2021
2040
2059
2073
2087
2025
1962
1933
1904
1980
2057
2107
2157
2095
2032
1932
1831
1743
1654
1587
1520
1492
1464
1446
1429
1429
1429
1508
1587
1669
1752
1714
1676
1578
1479
1433
1387
1396
1405
1472
1539
1650
1762
1851
1941
2035
2130
2320
2512
2757
3003
3142
3281
3203
3122
2893
2662
2506
2351
2351
2352
2386
2419
2472
2525
2645
2766
2794
2822
2672
2520
2368
2217
2155
2095
2073
2051
2076
2102
2122
2142
2072
2000
1948
1897
1937
1977
1992
2006
1978
1949
1929
1910
1842
1773
1690
1606
1619
1633
1672
1710
1708
1705
1748
1792
1851
1910
1869
1827
1765
1703
1732
1761
1847
1933
2017
2101
2123
2144
2068
1990
1904
1817
1771
1726
1666
1606
1600
1595
1696
1799
1847
1895
1839
1783
1732
1682
1565
1447
1325
1203
1504
1807
2525
3246
3670
4091
3879
3662
3176
2687
2390
2095
2042
1992
2027
2062
2068
2074
2068
2062
2075
2088
2076
2064
2013
1963
1912
1861
1809
1758
1733
1709
1763
1817
1901
1985
2007
2029
1973
1917
1825
1733
1665
1597
1568
1540
1513
1486
1489
1493
1596
1699
1854
2009
2125
2241
2308
2376
2402
2427
2411
2394
2371
2349
2342
2335
2331
2328
2325
2322
2311
2300
2279
2259
2242
2226
2191
2157
2099
2042
2030
2018
2064
2111
2139
2166
2162
2157
2164
2172
2167
2161
2098
2035
1969
1902
1896
1890
1921
1953
1971
1989
1986
1983
1972
1961
1946
1931
1920
1910
1923
1937
1974
2011
2039
2066
2068
2070
2056
2042
2021
2000
1987
1974
1979
1985
1992
1998
1983
1968
1952
1937
1956
1975
2023
2071
2100
2129
2108
2087
2036
1985
1941
1898
1872
1846
1851
1856
1921
1986
2071
2157
2182
2206
2171
2135
2097
2060
2035
2011
2000
1989
2010
2032
2065
2097
2105
2112
2109
2106
2096
2087
2046
2006
1964
1922
1930
1939
1974
2009
2021
2033
2036
2039
2052
2065
2066
2067
2055
2042
2034
2027
1999
1972
1913
1855
1844
1833
1916
2000
2081
2163
2145
2126
2051
1976
1937
1898
1904
1911
1934
1957
1993
2028
2062
2096
2089
2082
2031
1980
1938
1896
1899
1902
1941
1979
2029
2078
2113
2148
2152
2156
2145
2133
2126
2119
2115
2111
2111
2112
2122
2132
2138
2143
2130
2117
2087
2058
2026
1994
1979
1964
1973
1983
1999
2014
2020
2025
2033
2040
2052
2063
2064
2065
2054
2043
2029
2015
2009
2004
2014
2024
2046
2068
2091
2113
2129
2145
2147
2148
2133
2117
2099
2081
2077
2074
2080
2086
2092
2097
2104
2111
2120
2128
2134
2139
2143
2146
2151
2156
2157
2157
2149
2141
2141
2142
2163
2184
2215
2246
2267
2288
2292
2295
2286
2276
2259
2242
2221
2200
2184
2168
2179
2191
2235
2279
2325
2371
2388
2405
2392
2379
2344
2310
2263
2216
2173
2130
2105
2081
2062
2044
2013
1982
1938
1895
1847
1799
1742
1686
1625
1565
1528
1491
1492
1493
1513
1532
1544
1556
1557
1557
1561
1566
1590
1614
1639
1664
1664
1664
1650
1636
1640
1645
1678
1711
1772
1832
1917
2003
2074
2146
2165
2184
2172
2159
2149
2139
2136
2134
2146
2158
2187
2215
2231
2246
2242
2237
2236
2235
2237
2240
2230
2220
2208
2196
2195
2195
2190
2185
2164
2144
2115
2086
2063
2040
2033
2026
2020
2015
1998
1981
1969
1957
1956
1955
1945
1936
1920
1905
1915
1926
1977
2028
2096
2165
2212
2259
2263
2266
2245
2224
2199
2175
2148
2121
2111
2102
2141
2180
2247
2315
2359
2402
2387
2372
2293
2213
2115
2016
1986
1957
2023
2091
2184
2277
2324
2371
2369
2367
2330
2293
2230
2166
2096
2026
1981
1936
1933
1931
1958
1985
2012
2038
2038
2038
2016
1995
1972
1949
1926
1904
1879
1855
1849
1844
1873
1902
1947
1992
2022
2051
2063
2075
2077
2078
2063
2048
2019
1991
1973
1956
1963
1970
1993
2016
2036
2056
2064
2072
2070
2068
2058
2049
2037
2025
2015
2006
1997
1989
1973
1958
1942
1926
1924
1923
1926
1930
1922
1913
1908
1903
1920
1938
1964
1989
2006
2022
2041
2059
2077
2094
2096
2097
2093
2088
2078
2068
2044
2020
2006
1992
2013
2035
2064
2093
2096
2099
2093
2087
2090
2094
2099
2103
2095
2087
2070
2053
2033
2013
1992
1971
1958
1946
1948
1950
1960
1969
1980
1991
2012
2032
2051
2070
2069
2068
2057
2047
2038
2030
2011
1992
1970
1949
1952
1956
1985
2013
2048
2082
2110
2137
2145
2152
2138
2123
2102
2082
2069
2057
2064
2071
2109
2147
2190
2233
2247
2260
2257
2254
2248
2242
2207
2172
2106
2039
1977
1916
1885
1855
1857
1859
1888
1917
1951
1985
2004
2022
2027
2031
2024
2017
1995
1973
1944
1916
1900
1885
1893
1902
1929
1955
1982
2009
2027
2045
2056
2066
2071
2076
2077
2077
2079
2081
2085
2088
2088
2087
2085
2084
2087
2090
2095
2099
2103
2107
2108
2109
2099
2088
2070
2053
2049
2045
2055
2065
2076
2087
2097
2107
2116
2125
2117
2108
2076
2044
2011
1979
1968
1958
1968
1978
2000
2022
2049
2075
2095
2115
2120
2124
2117
2109
2095
2082
2071
2061
2066
2072
2094
2115
2132
2148
2149
2149
2138
2127
2106
2085
2064
2044
2044
2044
2052
2060
2045
2029
2000
1972
1962
1952
1954
1957
1954
1951
1938
1925
1916
1908
1920
1932
1959
1985
2001
2016
2021
2026
2036
2045
2048
2051
2042
2032
2029
2027
2036
2045
2057
2069
2089
2109
2127
2145
2138
2130
2111
2093
2085
2078
2065
2052
2036
2020
2025
2031
2040
2048
2039
2030
2033
2037
2053
2069
2046
2023
1968
1913
1880
1848
1852
1856
1884
1912
1938
1963
1962
1960
1960
1960
1987
2015
2021
2027
1991
1954
1930
1906
1907
1909
1917
1924
1948
1972
2016
2060
2164
2269
2508
2748
3000
3253
3232
3208
2865
2520
2114
1707
1466
1226
1234
1243
1476
1711
2016
2323
2517
2711
2722
2731
2577
2422
2174
1925
1726
1527
1498
1471
1598
1727
1892
2056
2136
2215
2183
2151
2090
2030
2018
2007
2044
2082
2135
2187
2224
2261
2269
2277
2265
2252
2215
2179
2120
2062
2019
1977
1970
1963
1962
1961
1955
1949
1949
1950
1952
1954
1950
1945
1933
1922
1899
1876
1855
1834
1820
1807
1785
1764
1746
1729
1730
1731
1736
1741
1749
1757
1765
1772
1746
1720
1666
1613
1555
1497
1430
1363
1348
1333
1409
1487
1594
1701
1932
2165
2678
3194
3643
4091
3911
3726
3028
2326
1761
1197
1075
956
1180
1407
1834
2263
2692
3121
3316
3510
3424
3335
3074
2812
2503
2194
1984
1775
1774
1774
1926
2080
2234
2388
2443
2497
2443
2389
2252
2114
1955
1796
1713
1630
1648
1666
1701
1736
1730
1724
1697
1670
1631
1592
1557
1523
1546
1570
1624
1677
1675
1672
1648
1624
1650
1677
1711
1745
1778
1811
1894
1977
2035
2093
2096
2098
2228
2359
2628
2898
2972
3044
2772
2497
2151
1805
1653
1503
1562
1623
1810
1998
2199
2400
2498
2595
2545
2494
2331
2167
1985
1804
1728
1653
1717
1782
1893
2005
2079
2153
2181
2209
2189
2169
2100
2031
1969
1907
1906
1905
1940
1975
1993
2010
1997
1983
1961
1939
1934
1929
1953
1977
2014
2051
2066
2080
2058
2036
2000
1964
1949
1935
1956
1978
2031
2083
2137
2190
2207
2223
2188
2152
2091
2029
1984
1940
1948
1957
2060
2164
2345
2528
2633
2737
2606
2473
2178
1882
1659
1437
1430
1425
1591
1758
1964
2171
2296
2421
2422
2422
2321
2219
2081
1942
1864
1786
1835
1885
2003
2121
2200
2279
2299
2318
2301
2284
2244
2204
2181
2158
2171
2185
2193
2201
2189
2176
2179
2182
2191
2199
2171
2142
2101
2060
2050
2041
2046
2051
2047
2042
2029
2016
1999
1982
1979
1977
2010
2043
2081
2119
2120
2120
2100
2081
2063
2046
2029
2013
2023
2033
2076
2119
2133
2147
2133
2118
2158
2199
2286
2374
2404
2433
2382
2331
2233
2135
2005
1875
1776
1678
1692
1707
1782
1857
1886
1914
1896
1877
1859
1841
1835
1830
1850
1870
1936
2002
2081
2160
2197
2233
2216
2199
2163
2128
2096
2065
2028
1991
1951
1911
1889
1867
1855
1843
1823
1803
1780
1757
1742
1727
1725
1724
1747
1770
1808
1846
1874
1902
1917
1931
1933
1935
1922
1908
1913
1918
1971
2023
2085
2147
2174
2200
2194
2187
2166
2145
2123
2102
2066
2030
1947
1863
1771
1678
1661
1645
1699
1754
1819
1884
1953
2023
2078
2132
2112
2091
2025
1958
1935
1912
1915
1918
1902
1886
1888
1890
1942
1993
2048
2103
2141
