1896
1901
1905
1911
1918
1923
1928
1936
1946
1962
1981
1996
2009
2014
2015
2014
2011
2008
2005
2001
1998
1996
1994
1995
1998
2004
2012
2022
2032
2039
2044
2046
2048
2052
2057
2063
2071
2078
2086
2093
2098
2098
2095
2093
2090
2092
2096
2099
2102
2101
2099
2098
2098
2097
2096
2094
2092
2092
2092
2091
2089
2084
2076
2071
2066
2065
2066
2068
2071
2072
2072
2070
2065
2061
2056
2054
2053
2053
2053
2056
2059
2068
2079
2087
2092
2091
2086
2084
2082
2081
2080
2070
2055
2043
2032
2032
2039
2047
2057
2064
2069
2074
2078
2079
2077
2076
2075
2080
2089
2095
2099
2096
2088
2084
2084
2087
2093
2093
2088
2082
2074
2068
2063
2056
2047
2039
2032
2029
2028
2026
2023
2022
2020
2024
2032
2039
2046
2050
2052
2057
2065
2072
2080
2083
2083
2082
2081
2081
2081
2077
2071
2066
2061
2060
2060
2058
2053
2049
2046
2048
2053
2055
2055
2051
2044
2041
2040
2040
2040
2037
2030
2026
2023
2025
2030
2034
2038
2041
2044
2046
2046
2044
2040
2038
2036
2034
2031
2029
2027
2035
2048
2064
2081
2084
2077
2067
2055
2051
2053
2048
2039
2020
1994
1977
1964
1961
1964
1964
1963
1963
1963
1964
1967
1969
1969
1970
1972
1973
1973
1971
1968
1971
1976
1986
1998
2005
2009
2009
2006
2004
2002
2003
2005
2009
2016
2020
2022
2020
2017
2021
2029
2044
2062
2074
2083
2089
2094
2101
2111
2117
2120
2120
2117
2115
2115
2113
2111
2106
2099
2092
2085
2078
2070
2064
2059
2057
2058
2058
2057
2053
2046
2041
2036
2033
2030
2026
2022
2021
2021
2021
2023
2023
2021
2021
2022
2023
2023
2018
2009
1998
1987
1978
1971
1962
1951
1940
1929
1933
1947
1977
2018
2051
2080
2086
2078
2063
2043
2033
2028
2029
2032
2030
2025
2020
2016
2022
2035
2048
2062
2067
2067
2064
2060
2060
2062
2061
2058
2055
2051
2053
2060
2066
2071
2068
2059
2047
2033
2021
2011
2001
1992
1985
1978
1972
1967
1964
1961
1964
1970
1978
1986
1993
1998
2009
2022
2041
2063
2083
2101
2117
2132
2144
2154
2162
2167
2177
2189
2202
2217
2226
2231
2236
2241
2249
2259
2268
2275
2284
2295
2307
2319
2314
2299
2274
2243
2219
2201
2184
2166
2142
2113
2089
2068
2055
2048
2044
2041
2041
2042
2035
2022
1997
1964
1935
1907
1889
1876
1860
1844
1831
1821
1822
1832
1843
1854
1860
1863
1868
1876
1887
1900
1907
1910
1909
1907
1914
1925
1942
1963
1980
1993
2001
2006
2008
2010
2008
2005
1999
1992
1986
1981
1978
1975
1976
1978
1985
1996
2006
2016
2019
2019
2020
2022
2028
2038
2045
2050
2055
2060
2066
2074
2078
2078
2074
2068
2067
2070
2074
2079
2078
2075
2072
2069
2067
2065
2062
2057
2056
2056
2060
2065
2064
2061
2056
2050
2049
2052
2057
2062
2063
2062
2059
2056
2056
2059
2069
2084
2100
2118
2126
2129
2127
2122
2121
2121
2120
2118
2111
2101
2093
2086
2085
2087
2089
2092
2095
2099
2103
2107
2110
2112
2114
2117
2118
2117
2112
2104
2102
2102
2106
2112
2110
2102
2088
2071
2061
2055
2051
2048
2039
2025
2011
1996
1989
1986
1987
1990
1992
1993
1994
1995
1998
2002
2008
2016
2023
2030
2033
2033
2029
2024
2022
2022
2025
2030
2032
2032
2029
2024
2025
2028
2034
2042
2048
2051
2055
2058
2063
2070
2073
2073
2068
2061
2057
2054
2057
2064
2071
2078
2082
2085
2086
2085
2082
2078
2075
2073
2071
2069
2065
2060
2058
2059
2068
2083
2093
2101
2100
2092
2084
2076
2069
2064
2051
2032
2009
1985
1967
1953
1944
1939
1935
1932
1930
1928
1928
1928
1931
1938
1947
1957
1962
1962
1961
1959
1966
1979
1991
2004
2010
2011
2014
2018
2025
2035
2040
2042
2043
2043
2046
2050
2052
2052
2054
2057
2066
2079
2091
2101
2105
2106
2107
2107
2109
2113
2115
2117
2115
2111
2105
2097
2089
2082
2076
2071
2067
2062
2056
2049
2044
2041
2040
2042
2041
2038
2031
2021
2014
2007
2006
2008
2010
2012
2011
2008
2004
2000
1996
1993
1988
1981
1973
1963
1955
1947
1950
1960
1989
2029
2067
2104
2117
2114
2098
2074
2058
2048
2045
2047
2046
2043
2043
2044
2051
2061
2069
2077
2081
2081
2079
2075
2069
2061
2053
2045
2039
2035
2034
2034
2033
2030
2023
2013
2002
1989
1978
1967
1959
1954
1950
1948
1944
1938
1934
1931
1935
1945
1955
1966
1974
1979
1986
1995
2009
2025
2041
2056
2070
2085
2098
2110
2118
2123
2128
2133
2142
2152
2163
2174
2188
2204
2218
2231
2240
2246
2256
2269
2284
2302
2309
2311
2304
2292
2280
2267
2251
2233
2211
2188
2169
2153
2142
2135
2136
2142
2154
2170
2173
2166
2138
2097
2055
2011
1976
1945
1919
1895
1877
1863
1854
1849
1845
1841
1839
1837
1839
1843
1848
1853
1859
1866
1873
1881
1888
1893
1900
1910
1923
1938
1948
1955
1956
1953
1950
1947
1947
1947
1948
1948
1949
1949
1949
1950
1953
1958
1963
1968
1972
1975
1980
1985
1993
2003
2010
2017
2022
2027
2032
2039
2044
2047
2046
2042
2041
2043
2049
2057
2064
2069
2070
2068
2069
2072
2076
2082
2084
2084
2078
2070
2064
2059
2061
2068
2074
2081
2086
2089
2095
2103
2109
2114
2113
2108
2104
2099
2099
2101
2102
2102
2105
2112
2125
2141
2151
2157
2155
2147
2142
2140
2139
2138
2126
2107
2089
2073
2068
2071
2074
2078
2078
2075
2074
2075
2076
2078
2076
2072
2072
2075
2082
2090
2095
2097
2098
2098
2100
2103
2100
2095
2087
2077
2069
2063
2056
2048
2038
2025
2017
2011
2008
2006
2003
2000
2001
2004
2014
2027
2037
2045
2051
2054
2059
2066
2069
2071
2069
2066
2065
2066
2066
2066
2061
2053
2049
2047
2049
2052
2053
2051
2051
2051
2055
2061
2063
2063
2060
2056
2055
2055
2054
2051
2043
2033
2025
2018
2015
2015
2016
2019
2024
2030
2031
2029
2020
2007
1997
1989
1986
1986
1982
1974
1965
1955
1959
1971
1984
1998
1997
1987
1973
1958
1951
1948
1942
1934
1921
1905
1899
1899
1909
1925
1945
1967
1989
2012
2028
2041
2050
2057
2069
2085
2098
2111
2115
2112
2113
2116
2127
2143
2149
2147
2135
2115
2101
2091
2083
2078
2070
2059
2049
2040
2035
2033
2036
2041
2050
2060
2065
2068
2066
2063
2064
2067
2073
2081
2087
2090
2093
2096
2095
2092
2083
2072
2062
2053
2048
2046
2043
2040
2036
2033
2032
2032
2032
2032
2030
2028
2026
2024
2021
2018
2016
2016
2017
2020
2019
2016
2010
2003
1998
1995
1989
1981
1971
1958
1949
1941
1942
1950
1972
2005
2041
2078
2094
2097
2080
2051
2029
2013
2005
2002
1996
1986
1983
1983
1993
2011
2021
2028
2026
2018
2018
2021
2028
2037
2039
2036
2032
2027
2030
2038
2047
2057
2061
2061
2057
2050
2044
2038
2032
2027
2022
2017
2014
2012
2015
2020
2028
2038
2048
2058
2068
2078
2095
2115
2140
2169
2193
2216
2234
2250
2267
2287
2304
2319
2325
2327
2330
2333
2340
2348
2349
2344
2331
2313
2294
2273
2253
2232
2212
2193
2173
2152
2125
2094
2062
2028
1996
1966
1934
1901
1874
1850
1836
1829
1821
1813
1807
1804
1815
1836
1855
1872
1871
1858
1847
1839
1841
1851
1855
1855
1851
1844
1845
1850
1859
1869
1877
1884
1893
1903
1914
1924
1933
1941
1949
1957
1968
1980
1996
2015
2033
2049
2057
2060
2061
2060
2061
2064
2061
2054
2043
2030
2022
2017
2018
2021
2024
2026
2027
2029
2030
2031
2033
2036
2043
2053
2063
2074
2080
2083
2086
2090
2097
2106
2113
2118
2120
2120
2121
2124
2128
2133
2137
2140
2141
2141
2141
2141
2142
2142
2141
2138
2133
2127
2120
2112
2106
2100
2096
2094
2094
2094
2091
2088
2084
2079
2077
2075
2073
2070
2065
2057
2051
2046
2047
2053
2064
2078
2086
2091
2087
2078
2073
2070
2071
2075
2072
2064
2052
2037
2029
2025
2025
2028
2031
2036
2043
2053
2058
2061
2060
2057
2063
2074
2086
2098
2097
2089
2080
2072
2072
2078
2079
2076
2067
2054
2045
2040
2038
2037
2033
2026
2019
2011
2005
2001
2002
2005
2013
2023
2031
2038
2042
2044
2051
2061
2072
2084
2089
2089
2085
2078
2073
2069
2067
2065
2062
2058
2051
2042
2032
2022
2014
2009
2007
2005
2002
1997
1992
1987
1982
1979
1974
1968
1962
1956
1950
1945
1938
1930
1922
1913
1909
1908
1913
1923
1932
1940
1943
1942
1942
1944
1952
1965
1974
1982
1986
1988
2000
2019
2046
2079
2104
2124
2137
2147
2153
2158
2153
2143
2131
2116
2111
2111
2115
2122
2127
2130
2134
2137
2137
2134
2130
2124
2122
2124
2123
2120
2109
2093
2084
2079
2081
2087
2085
2077
2063
2045
2032
2021
2012
2004
1997
1989
1983
1979
1978
1978
1981
1986
1993
2001
2008
2015
2020
2023
2030
2039
2049
2059
2065
2068
2069
2067
2066
2065
2062
2059
2053
2045
2038
2031
2026
2021
2018
2015
2013
2010
2005
1998
1993
1988
1989
1994
1997
2000
1996
1987
1979
1971
1968
1967
1964
1960
1956
1953
1951
1951
1950
1949
1960
1978
2012
2058
2091
2117
2111
2086
2058
2029
2016
2013
2011
2009
2005
1999
2004
2015
2028
2043
2048
2048
2047
2047
2050
2055
2057
2056
2054
2052
2058
2069
2085
2103
2116
2126
2130
2130
2126
2121
2120
2120
2127
2137
2147
2158
2168
2178
2190
2204
2222
2242
2259
2275
2287
2298
2312
2327
2340
2352
2352
2344
2329
2308
2288
2268
2249
2231
2209
2186
2160
2132
2102
2071
2037
2003
1973
1945
1921
1900
1876
1850
1827
1804
1792
1786
1784
1786
1783
1778
1774
1771
1779
1795
1822
1856
1889
1920
1937
1945
1944
1936
1930
1925
1923
1923
1923
1925
1929
1934
1941
1949
1954
1959
1966
1974
1986
2000
2010
2018
2023
2026
2034
2044
2056
2071
2082
2090
2094
2096
2094
2090
2085
2080
2077
2076
2074
2072
2066
2057
2048
2040
2037
2038
2040
2043
2044
2045
2048
2051
2056
2061
2065
2069
2073
2077
2081
2084
2086
2086
2084
2081
2078
2076
2075
2074
2074
2075
2078
2081
2084
2086
2085
2083
2082
2081
2082
2085
2085
2085
2080
2072
2066
2061
2061
2064
2069
2074
2077
2078
2078
2076
2075
2074
2073
2073
2071
2068
2067
2066
2071
2081
2092
2105
2109
2108
2103
2095
2090
2088
2086
2083
2077
2068
2060
2052
2049
2048
2050
2055
2061
2069
2076
2081
2084
2087
2089
2092
2093
2091
2087
2082
2083
2090
2100
2113
2116
2113
2103
2088
2076
2066
2059
2054
2049
2044
2037
2029
2020
2012
2007
2004
2005
2008
2013
2018
2023
2028
2033
2038
2042
2047
2052
2057
2060
2063
2063
2061
2059
2056
2053
2050
2046
2042
2040
2039
2040
2043
2046
2049
2050
2050
2051
2051
2052
2055
2056
2057
2053
2045
2038
2031
2031
2035
2037
2039
2036
2029
2024
2020
2015
2010
2001
1988
1978
1970
1970
1974
1978
1983
1986
1989
1989
1987
1981
1972
1965
1960
1952
1942
1925
1902
1887
1877
1881
1896
1911
1927
1943
1959
1979
2002
2019
2032
2042
2049
2063
2082
2098
2113
2118
2117
2118
2121
2126
2132
2129
2120
2107
2091
2080
2072
2064
2056
2051
2046
2046
2049
2052
2055
2057
2060
2066
2073
2078
2083
2084
2084
2085
2088
2091
2096
2098
2098
2094
2089
2083
2076
2069
2062
2054
2045
2037
2029
2026
2024
2025
2027
2025
2022
2016
2009
2006
2006
2009
2015
2019
2022
2019
2012
2004
1996
1989
1984
1980
1977
1972
1965
1957
1948
1949
1957
1983
2019
2053
2085
2093
2085
2065
2038
2021
2011
2008
2008
2007
2005
2009
2016
2026
2039
2045
2045
2042
2037
2039
2044
2048
2051
2047
2039
2034
2032
2039
2051
2059
2065
2060
2047
2031
2014
2004
1998
1995
1994
1989
1981
1972
1961
1955
1952
1956
1964
1976
1991
2008
2027
2047
2067
2085
2103
2119
2134
2148
2162
2176
2190
2204
2219
2233
2246
2259
2271
2284
2297
2309
2320
2328
2334
2340
2347
2353
2359
2357
2349
2333
2312
2287
2261
2231
2200
2170
2141
2115
2092
2066
2040
2017
1996
1985
1982
1974
1964
1938
1902
1867
1833
1810
1794
1784
1777
1774
1772
1774
1778
1783
1788
1795
1803
1815
1828
1842
1855
1867
1878
1889
1899
1910
1921
1937
1956
1975
1994
2004
2007
2005
2000
1998
1998
1998
1997
1991
1982
1975
1969
1967
1967
1969
1972
1976
1981
1984
1987
1986
1983
1983
1984
1989
1996
2001
2004
2006
2006
2006
2008
2010
2013
2018
2025
2033
2043
2050
2056
2064
2072
2085
2100
2110
2118
2120
2118
2121
2126
2136
2147
2155
2162
2167
2172
2175
2178
2177
2174
2172
2170
2169
2167
2163
2158
2159
2164
2172
2182
2182
2174
2163
2149
2142
2140
2135
2127
2113
2095
2084
2077
2074
2072
2068
2062
2059
2058
2056
2054
2053
2053
2059
2070
2077
2081
2074
2061
2057
2059
2071
2089
2094
2091
2079
2061
2052
2047
2045
2044
2039
2031
2024
2017
2012
2007
2005
2004
2009
2017
2026
2035
2041
2044
2049
2056
2062
2067
2068
2068
2069
2071
2072
2074
2071
2065
2058
2050
2046
2043
2042
2042
2044
2047
2052
2057
2058
2056
2054
2051
2050
2050
2048
2043
2036
2026
2020
2015
2014
2014
2013
2011
2008
2003
1998
1991
1984
1977
1970
1963
1954
1944
1935
1928
1930
1938
1945
1953
1951
1944
1940
1937
1940
1948
1948
1943
1931
1914
1906
1903
1910
1925
1945
1968
1995
2024
2047
2068
2081
2090
2100
2110
2120
2130
2134
2134
2135
2135
2139
2144
2145
2143
2135
2124
2113
2103
2094
2087
2080
2072
2066
2059
2056
2054
2057
2064
2071
2079
2082
2084
2083
2081
2081
2082
2086
2091
2095
2099
2097
2091
2081
2069
2061
2056
2051
2048
2041
2031
2024
2018
2016
2017
2018
2018
2020
2022
2022
2022
2016
2007
2003
2003
2009
2019
2022
2019
2010
1995
1985
1978
1972
1967
1961
1954
1951
1949
1951
1954
1969
1990
2025
2069
2097
2116
2107
2080
2054
2028
2018
2017
2017
2017
2015
2012
2016
2023
2027
2030
2028
2021
2017
2014
2014
2017
2016
2014
2009
2001
1996
1993
1995
2000
2004
2006
1997
1982
1965
1947
1935
1925
1916
1906
1895
1883
1875
1870
1869
1872
1880
1890
1905
1923
1944
1967
1990
2014
2039
2063
2088
2114
2141
2168
2193
2217
2240
2261
2285
2309
2333
2357
2379
2399
2421
2445
2470
2494
2505
2508
2499
2481
2462
2442
2419
2395
2365
2331
2293
2252
2206
2157
2110
2066
2038
2020
2005
1992
1961
1920
1876
1830
1798
1775
1758
1745
1735
1726
1726
1731
1743
1759
1776
1794
1810
1826
1841
1855
1868
1881
1894
1907
1918
1928
1940
1953
1970
1990
2008
2025
2033
2035
2033
2028
2025
2022
2018
2013
2006
1998
1996
1998
2005
2015
2022
2025
2026
2026
2027
2030
2031
2031
2028
2024
2023
2025
2026
2026
2022
2016
2014
2016
2020
2027
2031
2034
2039
2046
2055
2066
2071
2072
2071
2068
2065
2063
2061
2058
2061
2068
2079
2092
2098
2098
2097
2095
2100
2110
2115
2118
2114
2104
2099
2096
2096
2098
2097
2094
2093
2093
2094
2094
2095
2095
2102
2113
2123
2132
2130
2122
2116
2111
2116
2126
2133
2139
2140
2137
2133
2127
2117
2105
2094
2084
2075
2068
2060
2052
2048
2047
2054
2066
2075
2082
2082
2077
2072
2066
2060
2053
2047
2040
2035
2031
2025
2018
2008
1996
1984
1971
1958
1944
1928
1911
1894
1877
1860
1844
1827
1810
1793
1775
1761
1749
1747
1751
1763
1779
1795
1811
1827
1843
1862
1883
1899
1912
1918
1921
1934
1954
1986
2026
2064
2101
2131
2157
2184
2212
2242
2274
2297
2313
2317
2314
2311
2309
2315
2325
2329
2330
2321
2305
2290
2275
2264
2254
2240
2223
2204
2183
2168
2155
2146
2139
2133
2126
2122
2119
2117
2114
2104
2090
2072
2052
2033
2014
1991
1965
1936
1905
1881
1860
1847
1838
1828
1818
1808
1797
1790
1785
1784
1785
1788
1792
1800
1810
1831
1860
1910
1972
2042
2115
2166
2202
2218
2221
2230
2243
2262
2283
2299
2311
2327
2345
2369
2398
2416
2426
2424
2414
2407
2400
2394
2388
2373
2352
2326
2297
2265
2231
2182
2124
2052
1972
1897
1824
1763
1709
1657
1608
1558
1509
1464
1420
1375
1328
1278
1228
1183
1141
1101
1063
1024
983
955
934
933
945
964
987
1016
1047
1099
1163
1240
1325
1404
1479
1547
1612
1684
1762
1857
1963
2093
2236
2404
2587
2791
3008
3229
3453
3650
3831
3960
4057
4095
4095
4082
4061
3972
3840
3686
3518
3358
3202
3049
2899
2746
2592
2441
2292
2139
1984
1828
1671
1538
1420
1333
1266
1219
1185
1170
1167
1183
1212
1257
1312
1393
1489
1599
1718
1811
1887
1926
1942
1945
1939
1930
1920
1906
1890
1880
1873
1877
1887
1907
1934
1973
2019
2067
2116
2147
2168
2166
2150
2126
2095
2074
2059
2056
2060
2058
2053
2037
2013
1994
1979
1970
1964
1946
1922
1888
1847
1805
1763
1718
1671
1625
1579
1544
1515
1499
1491
1493
1500
1506
1513
1519
1524
1542
1566
1594
1625
1648
1666
1695
1731
1781
1838
1882
1918
1951
1982
2031
2090
2150
2210
2280
2355
2443
2541
2599
2633
2624
2588
2577
2584
2614
2660
2679
2682
2677
2667
2667
2674
2669
2658
2641
2620
2600
2581
2547
2504
2464
2426
2402
2387
2343
2281
2185
2067
1968
1882
1834
1811
1804
1807
1816
1829
1850
1876
1911
1953
1990
2024
2029
2015
1983
1940
1912
1894
1891
1899
1918
1944
1991
2053
2127
2209
2275
2332
2370
2396
2416
2432
2446
2459
2470
2480
2484
2484
2462
2427
2362
2278
2174
2057
1941
1825
1721
1624
1536
1453
1380
1313
1266
1230
1212
1204
1207
1216
1241
1276
1327
1387
1450
1514
1574
1631
1680
1726
1758
1781
1800
1816
1843
1877
1907
1935
1949
1954
1965
1980
2005
2036
2052
2058
2048
2027
2011
2000
1997
2000
2003
2006
2010
2015
2020
2025
2031
2038
2050
2066
2085
2106
2126
2146
2177
2214
2268
2331
2401
2474
2552
2632
2721
2814
2909
3005
3094
3179
3251
3315
3368
3415
3468
3525
3594
3669
3737
3799
3848
3890
3926
3959
3944
3900
3761
3564
3314
3031
2764
2507
2256
2007
1738
1455
1203
970
817
715
664
645
632
624
615
605
592
577
554
526
512
507
534
583
654
739
831
928
1035
1148
1268
1392
1510
1623
1724
1817
1903
1983
2055
2122
2175
2221
2255
2282
2306
2329
2352
2375
2393
2409
2415
2417
2414
2409
2399
2387
2368
2344
2318
2291
2272
2258
2249
2244
2235
2224
2209
2193
2179
2166
2159
2156
2159
2165
2169
2172
2170
2167
2166
2167
2169
2172
2168
2161
2155
2150
2153
2162
2172
2182
2189
2194
2201
2211
2221
2231
2236
2238
2239
2241
2242
2244
2236
2222
2201
2176
2156
2140
2130
2124
2121
2119
2120
2122
2120
2115
2105
2090
2079
2071
2070
2074
2078
2082
2086
2090
2098
2109
2118
2126
2129
2128
2123
2115
2102
2086
2067
2047
2035
2028
2030
2037
2041
2044
2042
2037
2033
2031
2034
2039
2044
2051
2057
2064
2068
2071
2070
2065
2057
2046
2033
2020
2008
1998
1991
1986
1981
1976
1972
1968
1970
1975
1985
1997
2006
2014
2018
2021
2024
2027
2029
2029
2028
2027
2029
2034
2035
2035
2031
2024
2023
2026
2033
2043
2044
2041
2035
2028
2031
2041
2052
2065
2070
2070
2068
2065
2062
2059
2053
2045
2036
2026
2022
2021
2023
2027
2031
2034
2038
2041
2043
2043
2041
2038
2038
2038
2042
2047
2053
2058
2061
2064
2064
2064
2062
2059
2055
2052
2050
2049
2048
2046
2044
2042
2042
2044
2047
2052
2054
2054
2050
2044
2039
2034
2033
2035
2035
2033
2027
2017
2009
2002
2001
2003
2004
2006
2003
1998
1996
1994
1997
2002
2006
2009
2008
2005
2005
2007
2010
2013
2012
2008
2004
1999
2001
2008
2018
2030
2038
2045
2048
2049
2048
2046
2043
2038
2033
2028
2025
2022
2022
2022
2025
2029
2033
2037
2040
2042
2044
2047
2052
2057
2061
2064
2066
2066
2067
2068
2068
2067
2063
2057
2048
2038
2027
2014
2003
1992
1985
1981
1982
1985
1990
1995
2000
2005
2009
2014
2016
2016
2014
2011
2012
2015
2019
2024
2027
2027
2026
2024
2022
2019
2015
2010
2008
2007
2010
2016
2019
2019
2016
2011
2011
2013
2014
2016
2012
2005
1999
1993
1991
1993
1994
1994
1992
1989
1989
1989
1991
1994
1996
1998
1995
1990
1987
1985
1989
1996
1999
2001
1998
1993
1997
2005
2019
2036
2045
2050
2052
2052
2059
2069
2075
2079
2072
2057
2040
2021
2008
2000
1999
2003
2009
2016
2022
2027
2033
2040
2046
2053
2055
2053
2052
2052
2059
2071
2081
2090
2090
2085
2076
2066
2054
2042
2029
2015
2004
1994
1986
1978
1969
1959
1956
1956
1963
1974
1983
1991
1997
2001
2008
2016
2025
2033
2040
2045
2049
2052
2053
2053
2050
2046
2044
2044
2044
2044
2041
2036
2032
2028
2027
2028
2029
2030
2031
2031
2031
2032
2031
2028
2024
2019
2017
2017
2018
2021
2023
2023
2023
2022
2021
2019
2018
2016
2017
2020
2024
2029
2031
2031
2029
2026
2024
2024
2023
2023
2019
2014
2010
2007
2011
2020
2033
2049
2060
2069
2074
2077
2079
2082
2080
2077
2065
2049
2031
2012
2001
1996
1997
2004
2012
2021
2030
2040
2051
2063
2071
2078
2079
2077
2078
2080
2087
2098
2106
2112
2111
2104
2094
2083
2069
2053
2033
2010
1992
1976
1967
1962
1959
1956
1955
1953
1958
1968
1982
1999
2010
2018
2022
2024
2028
2035
2045
2058
2066
2072
2073
2070
2065
2059
2055
2052
2052
2052
2051
2049
2045
2040
2036
2034
2035
2038
2037
2035
2033
2030
2029
2031
2032
2032
2030
2027
2026
2026
2030
2035
2038
2041
2040
2037
2035
2032
2032
2034
2039
2046
2049
2049
2045
2037
2032
2029
2032
2037
2037
2034
2027
2017
2017
2022
2034
2051
2063
2072
2076
2076
2076
2076
2073
2069
2057
2040
2022
2002
1991
1984
1986
1994
2004
2015
2027
2039
2051
2062
2073
2083
2089
2093
2095
2096
2098
2100
2104
2109
2114
2118
2113
2103
2085
2062
2042
2022
2009
1999
1991
1984
1979
1974
1975
1980
1984
1988
1990
1992
1998
2006
2015
2024
2028
2028
2031
2037
2049
2065
2074
2079
2074
2064
2056
2048
2043
2040
2040
2040
2042
2044
2044
2043
2039
2034
2032
2031
2032
2035
2036
2035
2033
2031
2032
2035
2037
2039
2040
2040
2043
2048
2053
2058
2056
2050
2045
2040
2042
2047
2051
2053
2050
2045
2042
2039
2037
2035
2032
2029
2027
2026
2024
2022
2022
2022
2029
2040
2051
2061
2064
2062
2062
2062
2065
2069
2064
2054
2037
2016
2002
1992
1991
1994
2002
2012
2023
2034
2044
2054
2063
2073
2080
2085
2086
2083
2084
2087
2097
2111
2119
2122
2115
2101
2087
2073
2060
2049
2035
2019
2007
1996
1989
1985
1982
1979
1978
1980
1986
1996
2005
2013
2020
2025
2031
2038
2045
2053
2060
2065
2069
2072
2071
2068
2064
2057
2051
2045
2041
2038
2038
2040
2041
2043
2043
2041
2039
2036
2036
2036
2037
2037
2034
2031
2030
2030
2032
2037
2040
2043
2044
2046
2049
2053
2055
2055
2052
2048
2047
2048
2051
2054
2054
2052
2048
2043
2038
2033
2030
2027
2028
2031
2030
2028
2022
2014
2015
2022
2037
2058
2070
2078
2078
2074
2074
2077
2075
2070
2057
2037
2022
2009
2004
2002
2002
2004
2010
2020
2033
2048
2058
2066
2072
2075
2079
2083
2086
2089
2092
2096
2102
2109
2110
2107
2099
2087
2074
2061
2047
2033
2021
2011
2004
2000
1996
1993
1990
1987
1988
1991
1996
2002
2006
2009
2014
2021
2030
2040
2049
2057
2064
2070
2074
2076
2073
2068
2063
2056
2052
2050
2050
2051
2051
2049
2045
2040
2037
2035
2036
2038
2039
2039
2039
2037
2037
2037
2038
2038
2038
2038
2040
2043
2047
2052
2054
2054
2055
2058
2060
2063
2062
2059
2054
2049
2045
2042
2042
2042
2041
2041
2037
2032
2025
2017
2015
2016
2017
2019
2016
2010
2013
2021
2040
2066
2080
2087
2084
2075
2072
2072
2070
2066
2051
2029
2012
1997
1993
1995
1999
2006
2016
2027
2039
2052
2062
2069
2077
2085
2093
2100
2101
2098
2097
2097
2100
2106
2106
2103
2094
2083
2072
2062
2050
2035
2022
2009
2003
2001
2000
1998
1994
1989
1988
1989
1993
1999
2005
2010
2016
2024
2033
2041
2049
2057
2064
2072
2077
2080
2076
2069
2063
2058
2055
2052
2049
2045
2042
2039
2039
2040
2041
2041
2042
2042
2040
2038
2034
2029
2027
2025
2028
2033
2038
2042
2043
2043
2043
2043
2047
2052
2058
2064
2065
2062
2057
2049
2047
2048
2052
2059
2059
2056
2047
2036
2030
2027
2029
2034
2036
2036
2030
2022
2020
2023
2035
2052
2065
2075
2079
2077
2077
2077
2073
2068
2054
2035
2017
2000
1991
1987
1988
1993
2003
2017
2032
2048
2058
2065
2071
2076
2083
2091
2093
2093
2091
2088
2090
2097
2102
2106
2101
2091
2076
2060
2045
2032
2021
2013
2009
2007
2005
2003
1999
1994
1991
1990
1991
1994
1999
2004
2012
2022
2032
2042
2050
2057
2063
2068
2071
2074
2073
2070
2065
2060
2055
2051
2047
2042
2038
2034
2034
2036
2039
2043
2044
2044
2042
2039
2037
2036
2036
2036
2036
2036
2036
2036
2037
2040
2044
2049
2054
2059
2061
2061
2059
2056
2054
2054
2056
2060
2061
2061
2056
2048
2041
2034
2032
2032
2031
2028
2024
2021
2025
2034
2047
2062
2070
2075
2075
2072
2070
2067
2060
2050
2034
2016
2000
1985
1978
1975
1982
1994
2010
2030
2043
2053
2059
2063
2072
2083
2091
2098
2096
2089
2087
2087
2094
2106
2110
2110
2101
2087
2074
2062
2050
2037
2025
2014
2008
2006
2006
2006
2003
1998
1995
1992
1994
1997
2002
2009
2017
2025
2034
2044
2052
2060
2066
2071
2073
2074
2071
2066
2059
2051
2047
2044
2042
2042
2040
2037
2036
2034
2036
2040
2043
2045
2042
2035
2030
2027
2028
2032
2034
2036
2037
2037
2038
2041
2043
2043
2044
2046
2051
2058
2061
2063
2060
2053
2049
2047
2046
2045
2041
2035
2032
2030
2030
2031
2030
2028
2033
2043
2056
2071
2076
2075
2070
2062
2059
2059
2052
2042
2022
1996
1981
1971
1975
1988
2003
2018
2031
2044
2055
2065
2073
2078
2082
2085
2093
2103
2111
2118
2116
2109
2101
2092
2087
2084
2078
2070
2058
2042
2029
2016
2007
2002
1999
1996
1993
1990
1989
1989
1990
1993
1997
2004
2012
2020
2029
2038
2047
2056
2063
2069
2073
2075
2074
2072
2069
2065
2060
2053
2048
2043
2040
2037
2037
2037
2039
2042
2043
2045
2045
2045
2044
2042
2040
2037
2035
2033
2034
2036
2037
2037
2035
2032
2034
2039
2045
2053
2058
2060
2060
2058
2055
2050
2045
2040
2037
2035
2034
2034
2032
2029
2033
2041
2052
2065
2070
2071
2070
2067
2065
2062
2051
2035
2016
1995
1984
1979
1981
1986
1995
2006
2021
2037
2050
2061
2068
2072
2078
2086
2092
2095
2095
2093
2096
2101
2104
2107
2101
2090
2077
2062
2050
2040
2031
2021
2014
2009
2007
2005
2002
1997
1994
1991
1991
1994
1999
2004
2011
2021
2032
2043
2051
2057
2062
2065
2069
2074
2074
2071
2065
2057
2052
2049
2045
2041
2037
2033
2033
2035
2037
2040
2040
2039
2039
2041
2042
2042
2040
2035
2033
2031
2031
2031
2031
2031
2033
2038
2044
2051
2054
2054
2051
2046
2042
2039
2036
2033
2029
2024
2019
2013
2009
2007
2013
2023
2032
2041
2040
2032
2021
2010
2004
2001
1994
1984
1971
1955
1945
1940
1942
1950
1961
1974
1989
2005
2022
2039
2054
2069
2082
2094
2103
2110
2114
2116
2117
2119
2121
2124
2125
2124
2120
2114
2109
2104
2103
2103
2100
2096
2084
2066
2047
2026
2015
2008
2007
2009
2011
2013
2015
2018
2021
2024
2027
2029
2033
2040
2049
2059
2067
2074
2077
2077
2078
2078
2079
2081
2083
2086
2088
2088
2086
2082
2078
2073
2069
2065
2057
2047
2036
2023
2013
2005
2000
1998
2001
2007
2018
2032
2044
2054
2060
2062
2062
2062
2059
2055
2050
2044
2044
2048
2056
2067
2071
2070
2063
2053
2046
2043
2036
2028
2009
1983
1957
1933
1921
1918
1920
1926
1926
1923
1918
1913
1915
1920
1929
1939
1946
1950
1952
1954
1959
1966
1975
1985
1993
2001
2004
2005
2003
1999
1995
1991
1991
1994
1999
2007
2017
2027
2038
2048
2058
2068
2075
2080
2082
2084
2088
2094
2104
2117
2126
2133
2134
2132
2130
2127
2120
2110
2098
2084
2077
2074
2073
2073
2067
2057
2046
2036
2029
2023
2011
1995
1979
1964
1957
1954
1951
1947
1948
1952
1973
2004
2030
2053
2054
2042
2030
2017
2016
2023
2026
2027
2026
2023
2027
2035
2043
2051
2051
2047
2048
2051
2058
2068
2070
2068
2067
2065
2073
2087
2101
2114
2119
2117
2112
2104
2094
2084
2070
2055
2040
2025
2012
2001
1993
1987
1986
1989
1997
2007
2015
2023
2033
2043
2056
2072
2087
2103
2120
2138
2158
2179
2195
2208
2217
2224
2236
2252
2267
2282
2284
2278
2271
2263
2270
2287
2312
2343
2361
2371
2361
2338
2306
2269
2236
2207
2182
2160
2134
2106
2078
2051
2033
2022
2012
2004
1990
1974
1959
1946
1936
1928
1917
1902
1891
1882
1884
1894
1904
1914
1919
1920
1921
1921
1921
1921
1917
1910
1906
1903
1903
1906
1908
1911
1916
1924
1933
1941
1943
1941
1937
1932
1933
1938
1945
1953
1956
1954
1946
1933
1920
1906
1898
1893
1891
1890
1883
1872
1863
1856
1860
1870
1878
1884
1882
1874
1871
1871
1879
1890
1898
1905
1912
1920
1933
1951
1967
1983
1997
2010
2027
2047
2070
2096
2123
2149
2175
2201
2230
2259
2290
2321
2349
2374
2395
2415
2436
2458
2480
2503
2522
2539
2555
2571
2583
2593
2592
2584
2569
2550
2533
2517
2502
2487
2470
2452
2428
2400
2362
2320
2280
2243
2212
2184
2146
2102
2044
1977
1916
1859
1804
1752
1685
1608
1524
1435
1362
1298
1257
1230
1211
1197
1176
1150
1122
1091
1073
1063
1052
1041
1003
948
883
812
776
761
796
863
979
1127
1328
1561
1814
2081
2324
2553
2750
2926
3062
3173
3229
3251
3237
3200
3155
3104
3043
2975
2899
2819
2754
2697
2653
2619
2587
2556
2532
2511
2491
2471
2443
2409
2371
2330
2287
2245
2199
2151
2102
2052
2009
1970
1952
1946
1962
1992
2017
2040
2035
2013
1985
1954
1940
1936
1934
1933
1926
1915
1912
1914
1925
1941
1956
1971
1986
2002
2019
2037
2049
2057
2063
2067
2076
2089
2108
2132
2159
2188
2215
2240
2259
2275
2286
2296
2302
2306
2304
2299
2293
2288
2282
2277
2260
2235
2198
2152
2108
2064
2024
1985
1947
1911
1887
1871
1860
1852
1832
1806
1776
1745
1730
1725
1738
1761
1794
1831
1867
1902
1924
1938
1944
1944
1951
1962
1978
1998
2015
2030
2045
2061
2074
2087
2093
2095
2094
2091
2092
2095
2098
2101
2103
2103
2109
2119
2136
2159
2179
2197
2203
2202
2196
2186
2178
2170
2160
2148
2129
2106
2076
2042
2007
1971
1942
1916
1899
1889
1884
1883
1884
1887
1891
1895
1895
1893
1889
1883
1881
1883
1887
1894
1900
1906
1916
1927
1940
1955
1964
1970
1976
1981
1993
2010
2024
2036
2040
2038
2039
2042
2046
2052
2049
2041
2029
2015
2009
2007
2008
2011
2009
2005
2003
2002
2003
2005
2004
2001
1998
1995
1991
1987
1976
1960
1942
1923
1908
1895
1880
1865
1850
1834
1824
1818
1815
1813
1813
1815
1827
1845
1871
1902
1938
1977
2023
2072
2116
2158
2182
2193
2194
2188
2182
2175
2170
2166
2170
2180
2204
2238
2275
2315
2348
2376
2392
2402
2398
2386
2367
2343
2325
2310
2303
2300
2297
2294
2287
2277
2266
2255
2241
2226
2210
2194
2181
2171
2167
2167
2169
2174
2175
2174
2166
2154
2139
2121
2101
2079
2054
2027
2001
1977
1962
1953
1950
1951
1951
1949
1945
1940
1933
1926
1919
1911
1903
1895
1888
1883
1881
1881
1884
1889
1898
1908
1916
1923
1929
1934
1942
1950
1962
1975
1989
2002
2016
2031
2044
2057
2066
2073
2077
2079
2081
2083
2084
2084
2082
2080
2078
2075
2068
2059
2047
2033
2020
2007
1997
1989
1985
1985
1998
2019
2050
2086
2114
2138
2145
2142
2129
2109
2090
2071
2055
2042
2033
2026
2025
2027
2030
2035
2034
2031
2025
2018
2012
2007
1997
1986
1973
1958
1955
1960
1973
1993
2005
2013
2014
2009
2006
2004
2001
1998
1992
1984
1979
1975
1974
1974
1978
1983
1992
2003
2012
2020
2022
2020
2021
2024
2035
2050
2067
2085
2099
2112
2124
2135
2147
2159
2170
2180
2188
2196
2203
2210
2217
2225
2231
2236
2239
2241
2239
2236
2228
2218
2205
2190
2177
2164
2151
2139
2126
2111
2095
2079
2063
2048
2035
2022
2006
1986
1963
1939
1922
1910
1912
1922
1937
1953
1965
1975
1980
1982
1979
1973
1963
1950
1938
1925
1915
1907
1903
1901
1904
1909
1915
1921
1925
1927
1930
1934
1940
1948
1957
1965
1976
1989
2006
2026
2045
2063
2075
2083
2084
2081
2077
2070
2064
2059
2054
2049
2041
2033
2027
2024
2025
2029
2033
2036
2038
2038
2039
2042
2046
2052
2058
2063
2069
2074
2078
2082
2085
2087
2084
2079
2073
2065
2063
2063
2067
2075
2081
2084
2085
2083
2082
2080
2078
2075
2072
2068
2066
2065
2065
2065
2065
2065
2068
2072
2076
2081
2082
2082
2081
2081
2083
2087
2089
2089
2086
2081
2077
2074
2074
2076
2077
2077
2078
2079
2082
2087
2085
2080
2070
2055
2046
2040
2038
2039
2036
2031
2027
2025
2032
2044
2056
2069
2081
2091
2099
2106
2106
2101
2091
2077
2066
2058
2052
2049
2049
2052
2058
2068
2072
2072
2068
2060
2058
2061
2066
2072
2073
2070
2071
2076
2084
2094
2096
2093
2088
2081
2079
2079
2074
2065
2053
2038
2029
2023
2018
2014
2012
2010
2014
2022
2029
2035
2036
2034
2035
2038
2042
2047
2050
2050
2052
2055
2060
2067
2070
2071
2068
2061
2055
2050
2046
2043
2044
2046
2047
2049
2048
2045
2041
2038
2037
2037
2037
2038
2039
2039
2040
2041
2042
2042
2043
2046
2049
2053
2054
2054
2052
2050
2051
2054
2057
2060
2059
2057
2056
2055
2054
2054
2052
2049
2049
2049
2048
2046
2041
2033
2027
2023
2024
2027
2029
2031
2032
2032
2032
2034
2031
2026
2019
2011
2008
2008
2009
2009
2009
2009
2017
2030
2045
2061
2069
2073
2075
2075
2071
2066
2054
2038
2025
2014
2008
2006
2006
2008
2014
2023
2035
2048
2056
2059
2059
2057
2057
2057
2055
2053
2053
2055
2060
2067
2069
2067
2062
2054
2051
2050
2046
2040
2027
2011
1999
1990
1987
1987
1986
1984
1983
1983
1987
1994
2001
2008
2014
2020
2027
2034
2041
2049
2053
2056
2057
2056
2054
2052
2052
2052
2050
2048
2044
2039
2038
2038
2040
2045
2047
2048
2047
2044
2040
2035
2030
2025
2022
2019
2020
2023
2026
2029
2030
2030
2030
2031
2033
2035
2036
2037
2039
2042
2044
2046
2045
2042
2040
2037
2036
2036
2034
2031
2026
2021
2018
2016
2018
2021
2024
2026
2027
2027
2025
2023
2020
2015
2011
2006
2004
2003
2003
2003
2005
2007
2012
2020
2028
2036
2046
2056
2069
2082
2088
2088
2077
2059
2043
2029
2022
2019
2017
2014
2016
2021
2032
2047
2053
2054
2050
2042
2045
2053
2061
2068
2066
2058
2056
2056
2060
2067
2065
2058
2050
2040
2037
2037
2035
2032
2025
2017
2009
2002
1996
1990
1988
1989
1995
2003
2010
2015
2018
2021
2027
2035
2043
2051
2056
2058
2060
2063
2064
2064
2060
2055
2052
2049
2049
2050
2050
2050
2049
2048
2047
2046
2044
2041
2039
2036
2036
2036
2037
2037
2036
2034
2033
2031
2031
2031
2035
2040
2046
2052
2055
2057
2056
2054
2053
2053
2054
2056
2058
2061
2060
2058
2053
2045
2040
2035
2035
2038
2039
2040
2040
2038
2036
2033
2026
2016
2006
1996
1991
1989
1988
1986
1986
1986
1994
2008
2025
2043
2052
2056
2055
2050
2042
2032
2016
1996
1978
1960
1949
1942
1937
1933
1935
1940
1950
1962
1966
1966
1964
1962
1971
1987
1999
2009
2011
2007
2009
2015
2026
2040
2045
2045
2040
2033
2031
2031
2030
2029
2026
2023
2020
2017
2012
2006
2004
2004
2010
2020
2027
2032
2035
2036
2044
2055
2068
2083
2092
2098
2102
2105
2106
2105
2099
2091
2085
2081
2081
2084
2085
2085
2083
2081
2082
2084
2085
2085
2083
2078
2076
2076
2078
2081
2082
2081
2082
2084
2090
2099
2107
2115
2120
2123
2128
2133
2139
2146
2152
2158
2164
2169
2171
2171
2170
2167
2170
2175
2179
2184
2179
2169
2157
2144
2135
2129
2118
2104
2083
2057
2037
2020
2011
2008
2007
2009
2012
2016
2017
2017
2010
2000
1989
1976
1962
1948
1933
1917
1908
1903
1905
1913
1921
1930
1937
1942
1946
1949
1951
1951
1952
1952
1954
1957
1961
1965
1971
1978
1987
1997
2003
2007
2006
2003
2002
2002
2003
2006
2005
2002
1998
1994
1995
1998
2002
2005
2007
2008
2011
2016
2021
2026
2029
2032
2037
2044
2054
2066
2074
2081
2082
2079
2075
2070
2067
2065
2065
2067
2070
2073
2074
2074
2072
2069
2066
2064
2063
2062
2061
2060
2059
2058
2056
2054
2053
2053
2055
2059
2063
2068
2070
2070
2069
2069
2071
2075
2079
2084
2087
2089
2087
2084
2077
2068
2062
2058
2060
2065
2069
2074
2073
2070
2065
2058
2052
2045
2039
2034
2032
2031
2030
2030
2029
2029
2033
2041
2053
2067
2076
2083
2087
2089
2090
2090
2083
2070
2055
2039
2032
2031
2034
2041
2044
2044
2046
2050
2057
2065
2069
2070
2069
2066
2067
2070
2073
2076
2078
2079
2080
2082
2080
2076
2070
2062
2057
2054
2053
2053
2052
2050
2046
2039
2029
2018
2009
2001
2001
2005
2011
2019
2024
2027
2031
2035
2039
2044
2046
2048
2052
2057
2065
2073
2075
2072
2063
2050
2041
2036
2037
2042
2043
2041
2039
2036
2038
2045
2050
2055
2053
2046
2040
2035
2034
2036
2037
2037
2035
2032
2033
2038
2046
2056
2062
2067
2068
2066
2066
2066
2068
2070
2067
2061
2051
2040
2033
2030
2030
2033
2033
2031
2031
2031
2032
2035
2034
2031
2026
2021
2019
2020
2020
2019
2019
2019
2028
2043
2058
2074
2082
2086
2089
2092
2090
2085
2071
2051
2038
2028
2029
2037
2042
2047
2050
2053
2058
2066
2070
2073
2074
2073
2074
2077
2077
2074
2070
2065
2066
2071
2073
2073
2063
2048
2034
2021
2011
2004
1995
1985
1974
1963
1953
1944
1933
1920
1909
1899
1896
1897
1902
1910
1918
1928
1937
1947
1955
1962
1969
1977
1986
1996
2003
2010
2014
2016
2020
2025
2031
2038
2043
2046
2051
2058
2066
2074
2079
2081
2082
2083
2087
2092
2093
2092
2089
2084
2085
2089
2095
2102
2106
2109
2110
2110
2109
2106
2101
2096
2097
2101
2105
2110
2107
2099
2092
2084
2080
2078
2073
2066
2058
2050
2040
2029
2014
1997
1992
1995
2016
2050
2075
2096
2095
2080
2065
2049
2040
2035
2030
2023
2020
2019
2025
2035
2042
2048
2050
2049
2049
2050
2052
2055
2057
2059
2059
2058
2056
2053
2053
2055
2059
2064
2062
2057
2044
2026
2011
1998
1989
1984
1980
1975
1970
1965
1965
1968
1975
1985
1994
2003
2013
2023
2038
2056
2077
2100
2121
2141
2159
2175
2187
2195
2200
2203
2208
2214
2220
2227
2229
2227
2223
2218
2212
2204
2192
2177
2162
2146
2133
2123
2112
2101
2087
2071
2059
2048
2036
2024
2010
1994
1985
1979
1977
1979
1977
1972
1966
1958
1950
1943
1935
1926
1918
1910
1904
1899
1894
1888
1888
1892
1905
1923
1937
1948
1953
1953
1955
1960
1963
1965
1960
1951
1946
1943
1947
1955
1961
1967
1974
1982
1994
2010
2024
2035
2041
2044
2048
2053
2059
2067
2076
2086
2094
2102
2105
2106
2105
2102
2099
2096
2090
2083
2077
2070
2066
2063
2058
2053
2049
2046
2046
2049
2052
2055
2054
2052
2053
2056
2061
2069
2075
2081
2087
2093
2098
2101
2099
2093
2087
2080
2078
2079
2079
2077
2071
2063
2057
2054
2054
2057
2059
2059
2058
2055
2052
2049
2046
2044
2042
2040
2040
2042
2044
2047
2049
2051
2054
2058
2063
2070
2073
2073
2070
2065
2063
2061
2062
2065
2068
2071
2073
2075
2072
2067
2062
2057
2056
2059
2060
2062
2060
2057
2060
2067
2079
2094
2102
2105
2106
2105
2107
2110
2106
2096
2082
2064
2056
2053
2052
2052
2048
2040
2037
2037
2037
2039
2034
2026
2019
2014
2010
2007
1996
1980
1963
1946
1936
1929
1920
1910
1901
1893
1891
1894
1896
1896
1893
1887
1888
1893
1904
1919
1932
1944
1957
1972
1991
2014
2037
2060
2082
2103
2123
2141
2153
2163
2167
2169
2170
2172
2173
2173
2169
2161
2151
2138
2129
2121
2116
2113
2110
2107
2104
2100
2097
2094
2093
2091
2088
2083
2076
2068
2062
2059
2058
2060
2058
2054
2051
2048
2051
2059
2064
2067
2063
2054
2046
2039
2033
2027
2017
2005
1996
1989
1981
1973
1961
1947
1949
1962
1992
2033
2057
2071
2065
2045
2030
2018
2012
2010
2006
2000
1998
1999
2005
2015
2023
2031
2037
2044
2048
2051
2053
2054
2056
2059
2059
2057
2053
2048
2050
2055
2062
2069
2064
2051
2033
2012
1997
1984
1973
1963
1955
1947
1943
1940
1938
1936
1938
1941
1947
1955
1961
1966
1973
1982
1999
2021
2041
2059
2070
2077
2083
2090
2097
2105
2112
2117
2123
2128
2132
2137
2141
2145
2151
2159
2165
2170
2175
2180
2189
2201
2212
2222
2226
2226
2224
2221
2218
2215
2208
2198
2185
2169
2153
2136
2123
2112
2112
2119
2127
2136
2128
2110
2083
2049
2019
1991
1967
1944
1924
1904
1891
1882
1877
1874
1873
1873
1878
1886
1894
1902
1907
1910
1917
1925
1935
1945
1951
1954
1957
1962
1971
1984
1991
1996
1992
1983
1974
1966
1962
1961
1961
1961
1959
1956
1955
1956
1961
1968
1974
1981
1985
1988
1991
1996
2002
2010
2018
2027
2036
2046
2054
2062
2064
2064
2062
2059
2061
2064
2068
2073
2075
2077
2077
2075
2073
2071
2069
2066
2064
2063
2062
2060
2059
2058
2059
2062
2066
2072
2079
2087
2094
2100
2103
2103
2101
2098
2097
2098
2100
2103
2105
2108
2113
2120
2125
2130
2129
2125
2122
2120
2120
2121
2114
2103
2090
2075
2065
2057
2049
2041
2034
2027
2027
2030
2029
2026
2019
2010
2008
2011
2013
2013
2001
1983
1973
1966
1971
1984
1990
1993
1991
1986
1986
1989
1991
1992
1990
1986
1983
1981
1979
1976
1975
1976
1986
2002
2019
2037
2051
2064
2080
2098
2116
2132
2139
2141
2142
2142
2145
2150
2151
2148
2141
2131
2126
2123
2121
2120
2118
2115
2112
2110
2106
2100
2093
2085
2080
2077
2072
2067
2057
2043
2031
2021
2016
2016
2016
2016
2017
2020
2023
2026
2021
2012
2002
1992
1984
1979
1971
1961
1960
1964
1988
2024
2056
2084
2088
2078
2066
2051
2044
2042
2035
2025
2013
2001
2001
2008
2018
2031
2040
2045
2049
2052
2052
2051
2049
2046
2045
2045
2047
2049
2051
2054
2059
2064
2065
2062
2053
2040
2029
2018
2010
2005
2000
1995
1989
1981
1972
1961
1953
1948
1950
1957
1966
1976
1985
1993
2007
2023
2040
2057
2067
2072
2075
2075
2077
2080
2082
2082
2079
2076
2071
2066
2060
2054
2051
2050
2049
2048
2040
2029
2015
2000
1988
1978
1964
1948
1929
1908
1895
1887
1891
1903
1928
1961
1997
2035
2056
2066
2056
2034
2015
1999
1996
2001
2006
2013
2016
2017
2023
2032
2046
2062
2076
2087
2096
2103
2115
2131
2152
2175
2193
2209
2224
2240
2264
2295
2327
2361
2383
2399
2409
2416
2422
2427
2425
2419
2407
2391
2375
2360
2343
2325
2301
2273
2243
2212
2180
2149
2117
2084
2049
2012
1972
1930
1889
1848
1813
1782
1754
1728
1707
1688
1677
1672
1670
1672
1675
1680
1692
1710
1732
1758
1779
1797
1822
1851
1896
1950
1998
2040
2061
2068
2072
2075
2082
2092
2095
2093
2088
2080
2078
2080
2082
2085
2086
2086
2086
2086
2086
2085
2083
2080
2079
2079
2080
2082
2083
2085
2090
2097
2103
2108
2107
2102
2095
2086
2079
2073
2065
2055
2044
2031
2022
2015
2015
2019
2024
2029
2031
2033
2036
2039
2045
2052
2058
2064
2067
2067
2067
2065
2067
2071
2076
2083
2087
2090
2093
2096
2099
2104
2106
2106
2102
2095
2088
2081
2076
2072
2070
2069
2069
2069
2067
2065
2066
2069
2074
2079
2075
2066
2047
2023
2000
1977
1957
1937
1916
1895
1880
1870
1870
1877
1886
1896
1900
1899
1891
1880
1873
1869
1879
1897
1927
1963
2003
2045
2088
2131
2165
2193
2205
2207
2203
2195
2187
2179
2168
2155
2143
2132
2125
2121
2117
2114
2110
2106
2102
2098
2091
2083
2079
2078
2083
2091
2097
2101
2103
2103
2100
2097
2085
2069
2050
2030
2015
2004
1997
1993
2007
2033
2079
2136
2176
2204
2200
2174
2146
2117
2097
2083
2069
2055
2053
2059
2084
2122
2157
2191
2213
2227
2235
2240
2241
2240
2234
2226
2215
2202
2189
2176
2169
2166
2170
2177
2179
2179
2175
2170
2168
2168
2165
2162
2153
2140
2127
2114
2103
2093
2082
2071
2060
2050
2039
2029
2021
2014
2011
2009
2003
1995
1980
1962
1949
1939
1931
1925
1915
1902
1895
1891
1891
1893
1887
1877
1873
1873
1893
1924
1950
1973
1980
1977
1977
1979
1985
1994
1996
1994
1994
1994
2001
2012
2022
2032
2039
2044
2045
2043
2037
2028
2024
2023
2025
2028
2027
2023
2024
2028
2040
2057
2062
2059
2047
2029
2022
2021
2023
2027
2022
2012
2004
1996
1992
1990
1986
1981
1980
1980
1982
1985
1983
1978
1972
1967
1966
1968
1966
1962
1956
1948
1943
1938
1931
1922
1914
1906
1905
1908
1913
1921
1932
1945
1963
1985
2005
2023
2035
2043
2048
2052
2050
2045
2034
2019
2011
2007
2012
2022
2030
2038
2049
2060
2080
2104
2129
2154
2176
2197
2221
2245
2270
2295
2314
2329
2338
2343
2348
2354
2362
2370
2372
2369
2356
2337
2318
2299
2280
2260
2234
2204
2175
2146
2125
2110
2098
2088
2077
2066
2052
2036
2015
1989
1961
1932
1909
1891
1872
1854
1833
1810
1789
1768
1747
1726
1706
1686
1675
1670
1674
1684
1692
1700
1704
1707
1712
1717
1727
1740
1761
1788
1823
1863
1904
1945
1990
2037
2090
2147
2196
2242
2271
2290
2302
2310
2319
2327
2328
2323
2309
2289
2272
2256
2250
2249
2251
2254
2255
2253
2248
2240
2228
2214
2196
2175
2154
2131
2114
2100
2092
2087
2081
2073
2061
2047
2037
2029
2026
2026
2024
2021
2016
2008
2000
1992
1988
1985
1985
1985
1983
1981
1976
1968
1960
1950
1943
1936
1933
1931
1928
1924
1917
1909
1909
1916
1939
1973
2004
2033
2041
2034
2019
1998
1985
1977
1970
1965
1962
1959
1963
1970
1976
1982
1983
1981
1982
1985
1992
2000
2003
2002
2000
1998
2007
2022
2045
2071
2090
2104
2108
2105
2100
2093
2085
2075
2064
2051
2040
2030
2022
2017
2013
2010
2010
2010
2009
2007
2007
2007
2011
2019
2027
2035
2037
2035
2038
2044
2058
2076
2088
2097
2100
2100
2103
2110
2116
2121
2124
2127
2135
2147
2164
2185
2214
2248
2297
2354
2403
2447
2462
2459
2446
2426
2415
2410
2400
2389
2369
2345
2318
2290
2256
2218
2175
2129
2084
2039
1993
1946
1900
1855
1818
1787
1763
1745
1735
1728
1729
1734
1740
1745
1744
1739
1737
1737
1744
1757
1772
1790
1809
1829
1850
1872
1892
1910
1921
1928
1934
1941
1952
1966
1979
1990
1998
2003
2007
2012
2016
2020
2020
2018
2018
2018
2022
2030
2037
2044
2046
2046
2044
2041
2041
2042
2042
2042
2039
2036
2035
2035
2041
2051
2063
2076
2085
2093
2103
2113
2121
2128
2126
2119
2108
2095
2087
2083
2085
2090
2095
2100
2102
2103
2106
2110
2117
2126
2130
2132
2129
2122
2121
2123
2130
2141
2146
2148
2145
2140
2135
2130
2123
2114
2101
2086
2072
2059
2048
2040
2036
2036
2039
2044
2045
2045
2043
2041
2044
2049
2054
2059
2060
2058
2060
2064
2070
2078
2081
2081
2081
2080
2080
2082
2080
2077
2073
2068
2069
2074
2078
2082
2078
2070
2061
2052
2048
2046
2046
2047
2048
2048
2049
2049
2045
2039
2033
2027
2026
2028
2030
2033
2033
2031
2031
2031
2033
2037
2041
2044
2046
2048
2049
2049
2052
2055
2060
2066
2070
2073
2074
2073
2073
2073
2071
2069
2063
2055
2043
2030
2013
1995
1980
1965
1956
1950
1945
1940
1938
1936
1940
1948
1951
1951
1944
1933
1932
1938
1953
1974
1988
1998
2003
2006
2013
2023
2030
2035
2035
2033
2031
2029
2026
2021
2021
2024
2038
2059
2079
2097
2103
2103
2103
2103
2108
2116
2122
2125
2126
2125
2125
2127
2126
2123
2117
2107
2097
2087
2081
2076
2074
2072
2070
2067
2065
2064
2065
2067
2066
2064
2059
2052
2046
2041
2036
2031
2027
2022
2021
2021
2020
2019
2014
2007
2003
2000
2002
2006
2007
2007
2003
1997
1991
1986
1979
1971
1959
1944
1931
1920
1921
1931
1957
1993
2029
2065
2079
2080
2067
2045
2029
2018
2014
2014
2015
2015
2017
2021
2028
2038
2045
2050
2054
2057
2061
2064
2064
2061
2057
2051
2049
2049
2055
2065
2076
2088
2095
2100
2098
2091
2085
2079
2080
2085
2090
2096
2099
2099
2103
2110
2122
2137
2150
2163
2175
2186
2201
2219
2234
2247
2254
2257
2256
2253
2247
2239
2225
2209
2193
2178
2165
2154
2139
2123
2103
2081
2059
2038
2016
1995
1972
1949
1929
1911
1894
1878
1862
1847
1838
1832
1830
1832
1833
1834
1835
1836
1839
1844
1851
1860
1872
1885
1898
1910
1915
1917
1922
1930
1951
1980
2009
2037
2052
2058
2058
2053
2049
2046
2040
2032
2023
2013
2005
2000
1998
1998
2001
2008
2016
2026
2032
2037
2040
2042
2045
2048
2050
2050
2051
2054
2063
2077
2090
2102
2104
2099
2091
2081
2073
2068
2063
2058
2051
2041
2033
2025
2022
2023
2026
2030
2032
2033
2032
2029
2029
2029
2033
2039
2047
2056
2065
2073
2078
2081
2081
2078
2075
2072
2071
2071
2072
2074
2074
2073
2071
2068
2068
2069
2069
2068
2064
2058
2053
2050
2049
2049
2046
2043
2041
2039
2042
2047
2050
2053
2054
2054
2058
2065
2071
2078
2081
2081
2083
2086
2089
2092
2091
2086
2080
2072
2070
2072
2078
2088
2095
2101
2104
2104
2105
2108
2112
2117
2116
2113
2105
2095
2086
2079
2074
2071
2068
2065
2062
2059
2052
2043
2036
2031
2031
2035
2035
2033
2023
2007
1992
1977
1968
1961
1956
1951
1947
1944
1939
1932
1924
1914
1908
1903
1902
1902
1903
1906
1916
1932
1952
1975
1993
2008
2024
2040
2059
2080
2094
2104
2110
2114
2123
2134
2142
2149
2148
2142
2136
2131
2125
2117
2107
2094
2088
2085
2089
2097
2098
2095
2086
2075
2067
2061
2056
2051
2046
2040
2036
2033
2028
2023
2018
2013
2015
2020
2026
2034
2036
2034
2030
2023
2016
2008
2000
1991
1984
1977
1970
1962
1958
1956
1971
1997
2030
2069
2089
2097
2085
2062
2044
2029
2019
2014
2008
2001
1999
2001
2008
2019
2027
2033
2036
2036
2037
2037
2037
2037
2035
2032
2030
2028
2030
2035
2043
2053
2057
2057
2047
2031
2015
2000
1991
1986
1980
1974
1968
1961
1959
1959
1962
1966
1971
1976
1984
1994
2009
2025
2045
2066
2090
2116
2140
2163
2181
2196
2210
2224
2240
2258
2274
2290
2302
2311
2318
2323
2326
2327
2326
2324
2320
2314
2302
2286
2267
2246
2232
2221
2209
2197
2174
2145
2114
2081
2054
2030
2002
1971
1936
1898
1868
1843
1829
1822
1821
1824
1830
1838
1840
1839
1831
1819
1811
1805
1804
1807
1809
1812
1819
1827
1841
1857
1873
1888
1902
1915
1930
1945
1959
1974
1988
2003
2017
2032
2044
2054
2064
2073
2083
2093
2097
2098
2093
2083
2075
2067
2061
2056
2049
2039
2032
2025
2025
2029
2031
2033
2030
2025
2022
2021
2024
2029
2033
2037
2041
2046
2053
2062
2069
2074
2074
2071
2066
2061
2060
2061
2064
2069
2070
2069
2065
2060
2058
2056
2055
2055
2052
2047
2042
2036
2030
2025
2021
2016
2015
2015
2018
2021
2023
2023
2021
2018
2018
2020
2021
2021
2020
2017
2016
2016
2020
2027
2033
2039
2042
2043
2047
2053
2065
2081
2093
2102
2100
2092
2086
2082
2084
2091
2094
2095
2097
2100
2110
2126
2140
2151
2157
2160
2167
2177
2185
2193
2193
2189
2189
2192
2197
2205
2205
2200
2190
2179
2169
2159
2146
2130
2112
2092
2074
2056
2037
2016
1997
1980
1972
1969
1967
1965
1960
1952
1946
1942
1937
1932
1923
1913
1907
1904
1904
1904
1898
1890
1883
1878
1879
1886
1893
1901
1907
1914
1922
1932
1941
1951
1961
1971
1985
2000
2013
2026
2037
2046
2055
2063
2070
2075
2077
2079
2083
2088
2098
2109
2118
2126
2126
2121
2113
2103
2098
2095
2094
2092
2082
2067
2058
2054
2075
2111
2146
2182
2190
2182
2165
2143
2130
2122
2113
2103
2089
2074
2066
2063
2066
2072
2076
2078
2078
2078
2074
2069
2063
2056
2050
2044
2034
2023
2015
2010
2016
2029
2037
2043
2035
2017
2002
1989
1984
1986
1982
1975
1963
1948
1940
1937
1938
1942
1945
1948
1951
1956
1963
1972
1983
1996
2010
2024
2035
2043
2047
2047
2048
2048
2048
2048
2045
2040
2036
2031
2027
2024
2019
2014
2008
2003
1997
1990
1982
1972
1967
1965
1969
1976
1981
1984
1987
1990
1996
2005
2012
2019
2023
2026
2031
2038
2044
2050
2062
2077
2111
2157
2208
2262
2290
2303
2299
2286
2282
2284
2289
2296
2296
2291
2291
2293
2301
2313
2318
2319
2310
2295
2276
2255
2232
2208
2182
2154
2129
2105
2083
2062
2038
2012
1983
1952
1925
1899
1875
1854
1833
1812
1796
1783
1778
1777
1777
1779
1781
1783
1787
1793
1799
1806
1815
1825
1843
1865
1889
1915
1937
1956
1972
1985
1996
2006
2011
2013
2014
2014
2016
2019
2021
2021
2021
2020
2021
2024
2024
2024
2020
2014
2010
2007
2005
2002
1999
1995
1996
1999
2004
2011
2013
2013
2017
2025
2042
2066
2085
2100
2105
2104
2105
2108
2110
2111
2104
2091
2077
2063
2054
2049
2045
2042
2044
2049
2058
2071
2080
2088
2094
2097
2103
2111
2115
2118
2117
2114
2115
2120
2129
2141
2148
2153
2151
2146
2138
2130
2119
2108
2096
2083
2070
2058
2051
2048
2048
2051
2054
2057
2059
2061
2065
2070
2075
2080
2083
2083
2084
2084
2085
2086
2085
2082
2079
2075
2074
2074
2074
2074
2073
2071
2071
2073
2076
2079
2081
2081
2079
2076
2072
2069
2065
2060
2055
2048
2042
2037
2034
2033
2033
2034
2032
2029
2022
2013
2005
1997
1991
1986
1981
1974
1968
1963
1966
1973
1981
1990
1991
1988
1982
1974
1970
1968
1963
1956
1945
1932
1921
1912
1907
1904
1907
1913
1923
1936
1948
1958
1970
1982
2001
2025
2048
2069
2083
2092
2104
2117
2136
2158
2172
2181
2182
2178
2173
2168
2159
2146
2128
2107
2090
2075
2066
2059
2054
2050
2049
2050
2054
2059
2063
2066
2070
2073
2077
2080
2081
2079
2076
2072
2070
2069
2069
2070
2071
2071
2068
2063
2058
2052
2048
2045
2042
2039
2033
2023
2013
2003
1997
1995
1995
1996
1995
1992
1991
1990
1989
1989
1984
1977
1969
1959
1954
1952
1950
1948
1944
1938
1942
1953
1981
2020
2058
2094
2111
2115
2106
2088
2074
2063
2055
2050
2043
2034
2028
2025
2031
2044
2056
2069
2073
2073
2071
2068
2067
2067
2064
2059
2056
2053
2058
2068
2077
2084
2081
2073
2062
2049
2036
2025
2013
2001
1992
1984
1977
1972
1968
1963
1961
1961
1964
1969
1975
1982
1990
2000
2011
2022
2034
2046
2055
2063
2062
2057
2047
2036
2031
2030
2031
2034
2032
2027
2025
2024
2026
2031
2030
2027
2025
2024
2028
2036
2040
2041
2040
2038
2044
2054
2071
2092
2125
2164
2216
2275
2321
2359
2370
2365
2358
2350
2352
2362
2368
2372
2370
2364
2361
2361
2359
2356
2340
2316
2282
2243
2205
2169
2133
2097
2057
2014
1971
1928
1892
1861
1833
1808
1783
1757
1735
1714
1697
1682
1672
1664
1662
1664
1670
1678
1690
1704
1723
1744
1766
1787
1806
1824
1845
1868
1893
1920
1942
1960
1975
1987
1999
2011
2022
2032
2042
2050
2059
2067
2075
2083
2091
2099
2103
2105
2106
2106
2106
2106
2106
2104
2103
2103
2110
2123
2136
2151
2158
2161
2165
2168
2172
2177
2172
2162
2149
2134
2125
2119
2113
2106
2099
2092
2091
2093
2095
2097
2095
2091
2090
2091
2095
2101
2107
2112
2121
2132
2143
2154
2160
2162
2162
2160
2157
2153
2143
2130
2113
2095
2081
2068
2061
2056
2058
2064
2073
2083
2091
2098
2104
2109
2115
2122
2126
2128
2129
2129
2126
2123
2113
2098
2084
2071
2063
2060
2055
2049
2039
2026
2013
2000
1983
1963
1942
1919
1902
1887
1875
1865
1848
1828
1802
1771
1740
1707
1679
1653
1635
1620
1613
1610
1618
1633
1658
1687
1709
1727
1732
1729
1728
1728
1740
1761
1802
1857
1931
2017
2101
2184
2252
2310
2360
2406
2441
2470
2481
2480
2470
2455
2434
2411
2380
2344
2311
2282
2267
2261
2256
2251
2241
2228
2216
2206
2193
2178
2154
2123
2092
2061
2034
2010
1992
1978
1973
1973
1978
1986
1989
1990
1991
1991
1994
1999
2001
2001
1997
1989
1980
1972
1964
1956
1952
1950
1959
1974
1994
2017
2033
2045
2055
2064
2072
2080
2079
2072
2062
2050
2043
2040
2035
2030
2028
2027
2035
2049
2052
2048
2021
1980
1944
1913
1903
1906
1911
1916
1921
1926
1943
1969
1994
2020
2033
2039
2047
2056
2071
2089
2098
2101
2099
2094
2098
2108
2126
2149
2166
2181
2186
2185
2181
2176
2174
2174
2176
2180
2187
2197
2210
2226
2245
2266
2284
2302
2315
2325
2333
2338
2336
2331
2312
2283
2245
2201
2169
2144
2132
2129
2119
2106
2082
2053
2025
1997
1970
1944
1913
1880
1849
1818
1798
1785
1789
1802
1824
1850
1867
1877
1874
1863
1852
1842
1835
1829
1821
1811
1807
1807
1817
1833
1851
1869
1882
1892
1902
1912
1922
1932
1947
1964
1985
2008
2028
2047
2065
2082
2101
2122
2136
2146
2142
2129
2115
2100
2090
2085
2080
2075
2065
2052
2037
2022
2011
2001
1994
1989
1985
1982
1983
1987
1996
2007
2017
2027
2036
2044
2057
2072
2085
2098
2103
2103
2101
2099
2097
2094
2089
2081
2080
2084
2101
2126
2147
2167
2179
2186
2198
2214
2232
2250
2258
2260
2257
2252
2247
2240
2228
2213
2193
2170
2146
2122
2099
2078
2059
2041
2018
1990
1952
1906
1867
1833
1814
1805
1798
1793
1785
1777
1771
1766
1756
1743
1726
1707
1696
1689
1682
1674
1658
1637
1621
1608
1605
1608
1620
1638
1675
1724
1791
1869
1943
2015
2077
2134
2188
2242
2281
2312
2321
2316
2307
2295
2287
2282
2277
2274
2281
2295
2319
2350
2371
2384
2386
2380
2382
2389
2399
2411
2409
2398
2380
2359
2339
2319
2295
2267
2238
2207
2176
2147
2110
2069
2030
1991
1973
1968
1975
1989
1998
2005
2009
2011
2012
2013
2012
2010
2011
2014
2017
2020
2020
2018
2022
2029
2043
2061
2073
2083
2090
2097
2112
2132
2151
2169
2181
2188
2198
2211
2224
2237
2239
2236
2231
2225
2230
2242
2261
2284
2304
2320
2322
2314
2293
2262
2229
2196
2169
2145
2120
2094
2067
2039
2017
2001
1989
1981
1967
1950
1929
1906
1888
1873
1863
1858
1856
1856
1855
1854
1855
1858
1862
1867
1870
1871
1867
1859
1853
1848
1850
1855
1860
1867
1873
1878
1885
1893
1899
1903
1903
1901
1906
1915
1930
1948
1960
1967
1967
1964
1965
1968
1971
1974
1969
1961
1955
1950
1954
1963
1974
1986
1995
2003
2009
2014
2019
2023
2026
2029
2027
2023
2014
2002
1992
1983
1982
1987
1992
1998
1998
1995
1990
1985
1985
1987
1991
1996
2001
2006
2015
2028
2047
2070
2094
2119
2138
2153
2165
2173
2179
2184
2183
2179
2172
2162
2153
2145
2138
2133
2129
2125
2122
2119
2118
2116
2117
2119
2123
2130
2135
2139
2137
2130
2117
2100
2083
2066
2055
2047
2047
2051
2057
2065
2067
2067
2066
2065
2067
2071
2065
2054
2026
1988
1951
1915
1887
1864
1838
1810
1786
1766
1768
1783
1805
1832
1850
1862
1874
1886
1903
1924
1942
1958
1975
1991
2018
2052
2087
2123
2153
2178
2198
2216
2230
2243
2252
2259
2264
2268
2269
2269
2258
2241
2219
2193
2172
2156
2143
2133
2118
2102
2089
2078
2072
2070
2064
2055
2042
2026
2011
1998
1987
1979
1983
1996
2026
2065
2096
2122
2124
2112
2093
2069
2048
2030
2014
1999
1990
1983
1980
1979
1977
1974
1973
1973
1975
1978
1976
1969
1962
1954
1956
1964
1981
2004
2026
2048
2064
2077
2085
2088
2086
2080
2069
2055
2041
2026
2016
2008
2004
2001
2001
2002
2005
2008
2010
2010
2009
2009
2012
2017
2020
2023
2021
2018
2015
2013
2009
2004
1995
1985
1981
1983
1996
2017
2051
2094
2152
2219
2282
2341
2375
2392
2399
2400
2412
2432
2454
2477
2494
2506
2516
2524
2528
2529
2520
2505
2481
2453
2416
2372
2320
2263
2207
2151
2103
2060
2022
1986
1948
1907
1860
1808
1758
1709
1668
1634
1604
1577
1552
1527
1512
1504
1507
1518
1534
1554
1573
1592
1608
1621
1635
1649
1670
1696
1723
1752
1777
1798
1819
1840
1860
1880
1893
1903
1910
1916
1927
1942
1959
1978
2000
2024
2053
2086
2114
2139
2153
2161
2167
2171
2174
2177
2174
2169
2164
2161
2162
2166
2168
2170
2169
2166
2166
2168
2170
2172
2169
2164
2162
2161
2166
2174
2184
2194
2198
2198
2194
2187
2180
2172
2161
2148
2132
2112
2097
2085
2084
2090
2097
2104
2104
2101
2098
2095
2095
2098
2100
2100
2097
2094
2092
2092
2092
2092
2093
2094
2094
2094
2091
2088
2084
2081
2080
2082
2083
2084
2084
2082
2081
2079
2076
2072
2067
2060
2055
2052
2050
2048
2046
2043
2039
2034
2030
2027
2025
2024
2026
2031
2034
2037
2034
2028
2023
2019
2018
2020
2019
2016
2014
2011
2017
2027
2038
2049
2057
2062
2069
2077
2085
2092
2090
2082
2069
2053
2041
2031
2027
2025
2025
2025
2026
2028
2033
2041
2050
2060
2064
2065
2061
2054
2053
2056
2064
2075
2083
2089
2092
2093
2092
2089
2080
2067
2052
2037
2027
2022
2019
2016
2012
2009
2012
2019
2028
2039
2046
2050
2053
2056
2061
2066
2070
2073
2075
2077
2080
2083
2084
2084
2080
2075
2070
2065
2060
2057
2055
2054
2054
2054
2052
2049
2044
2038
2033
2029
2025
2021
2016
2009
2004
1999
1996
1993
1989
1985
1983
1981
1981
1981
1977
1970
1959
1944
1934
1926
1923
1924
1925
1925
1923
1920
1919
1917
1916
1916
1915
1914
1913
1913
1917
1925
1941
1962
1988
2016
2045
2073
2100
2126
2147
2165
2171
2171
2165
2157
2152
2150
2153
2158
2163
2168
2170
2172
2173
2175
2177
2180
2178
2173
2163
2148
2136
2126
2125
2128
2131
2134
2129
2119
2106
2091
2075
2060
2043
2027
2012
1999
1991
1986
1985
1986
1989
1994
2000
2007
2012
2015
2017
2017
2020
2026
2033
2040
2042
2040
2039
2038
2040
2045
2046
2045
2041
2036
2036
2038
2040
2042
2039
2032
2028
2025
2024
2024
2022
2017
2014
2011
2010
2011
2008
2003
1999
1995
1996
2000
2002
2002
2002
2000
2005
2015
2024
2034
2036
2033
2031
2029
2029
2031
2029
2025
2024
2024
2030
2039
2050
2062
2087
2120
2166
2220
2258
2284
2284
2267
2252
2238
2235
2240
2239
2234
2226
2216
2213
2213
2210
2205
2193
2176
2160
2144
2126
2108
2085
2060
2041
2026
2017
2013
2006
1997
1981
1961
1938
1913
1890
1868
1853
1842
1836
1833
1830
1826
1825
1827
1835
1847
1856
1864
1870
1874
1885
1900
1917
1935
1949
1959
1972
1985
2001
2017
2027
2032
2032
2030
2031
2034
2038
2043
2044
2043
2041
2039
2037
2034
2032
2029
2028
2028
2029
2032
2035
2038
2039
2037
2034
2031
2031
2034
2038
2043
2047
2052
2056
2061
2065
2070
2074
2077
2081
2084
2084
2082
2077
2069
2067
2067
2070
2075
2073
2066
2062
2059
2067
2083
2099
2114
2122
2125
2126
2126
2124
2119
2109
2096
2085
2075
2070
2068
2067
2067
2067
2067
2070
2074
2078
2083
2089
2096
2101
2105
2104
2101
2100
2100
2105
2113
2117
2118
2112
2101
2090
2080
2074
2071
2065
2058
2047
2032
2020
2009
2005
2005
2007
2011
2014
2017
2021
2026
2033
2040
2044
2047
2050
2053
2058
2064
2066
2064
2059
2052
2049
2049
2049
2050
2048
2045
2043
2043
2044
2047
2048
2047
2044
2040
2037
2034
2031
2028
2026
2026
2027
2029
2030
2030
2032
2034
2039
2047
2052
2055
2054
2049
2047
2046
2045
2045
2041
2034
2032
2032
2035
2038
2037
2034
2031
2029
2031
2034
2033
2029
2023
2015
2011
2011
2013
2017
2023
2031
2041
2054
2062
2067
2068
2066
2065
2065
2059
2049
2033
2012
1994
1977
1965
1955
1952
1953
1961
1974
1984
1992
1994
1991
1992
1995
1998
2001
1997
1989
1985
1984
1989
1998
2000
1998
1991
1980
1974
1971
1971
1973
1973
1972
1973
1975
1981
1990
2001
2014
2029
2044
2057
2069
2081
2094
2108
2123
2136
2147
2154
2157
2158
2156
2153
2148
2143
2136
2130
2124
2118
2111
2104
2096
2089
2084
2083
2084
2084
2084
2079
2071
2063
2056
2052
2049
2044
2039
2034
2029
2027
2025
2022
2017
2011
2003
2003
2006
2012
2019
2019
2014
2008
2000
1992
1985
1977
1968
1961
1954
1947
1940
1932
1923
1929
1945
1981
2029
2066
2095
2097
2082
2061
2038
2024
2017
2013
2010
2009
2009
2016
2029
2043
2059
2068
2072
2071
2068
2067
2067
2067
2068
2066
2063
2062
2062
2069
2082
2094
2107
2111
2110
2105
2098
2095
2093
2094
2097
2099
2102
2105
2108
2114
2121
2132
2145
2161
2179
2196
2212
2228
2244
2260
2275
2284
2291
2289
2282
2272
2259
2246
2232
2215
2195
2174
2151
2129
2107
2084
2061
2036
2010
1985
1960
1936
1913
1893
1873
1858
1845
1834
1824
1817
1810
1808
1810
1816
1824
1832
1840
1846
1851
1859
1868
1879
1890
1899
1906
1909
1909
1913
1919
1935
1957
1981
2006
2020
2028
2028
2023
2021
2019
2017
2014
2008
2000
1998
1998
2003
2011
2017
2021
2024
2026
2033
2043
2053
2062
2065
2065
2068
2073
2083
2096
2105
2110
2111
2109
2111
2116
2118
2118
2111
2098
2085
2072
2065
2061
2057
2052
2047
2042
2042
2044
2046
2048
2049
2049
2054
2061
2069
2079
2085
2090
2094
2099
2105
2113
2116
2116
2112
2105
2101
2098
2098
2098
2097
2095
2094
2094
2093
2091
2087
2082
2078
2073
2070
2067
2065
2063
2063
2064
2065
2065
2064
2062
2062
2062
2061
2059
2055
2048
2046
2046
2049
2054
2057
2057
2057
2056
2056
2056
2052
2047
2041
2036
2035
2038
2041
2046
2053
2062
2071
2081
2084
2084
2082
2079
2080
2083
2080
2072
2060
2045
2035
2030
2031
2034
2038
2043
2049
2056
2060
2063
2064
2064
2067
2074
2078
2081
2079
2072
2069
2067
2069
2072
2070
2063
2051
2036
2019
2001
1984
1966
1954
1945
1940
1937
1932
1924
1916
1907
1902
1900
1902
1907
1915
1925
1937
1950
1958
1964
1969
1973
1979
1987
1997
2008
2020
2031
2040
2048
2051
2053
2058
2066
2078
2093
2106
2116
2122
2126
2129
2132
2130
2126
2121
2115
2112
2110
2108
2105
2101
2096
2093
2091
2088
2084
2079
2072
2069
2069
2068
2066
2061
2053
2048
2046
2047
2049
2045
2037
2025
2012
1997
1981
1967
1954
1960
1977
2008
2047
2071
2086
2081
2063
2049
2036
2031
2029
2025
2020
2017
2017
2023
2033
2045
2057
2066
2073
2074
2072
2069
2064
2063
2064
2063
2060
2055
2047
2044
2044
2047
2052
2047
2037
2024
2009
2000
1997
1995
1995
1990
1982
1975
1967
1964
1964
1967
1972
1979
1987
1996
2005
2014
2022
2032
2043
2053
2062
2067
2069
2067
2064
2060
2056
2053
2050
2046
2041
2034
2025
2015
2005
2000
1997
1997
1998
1995
1990
1985
1982
1985
1992
1996
1998
1995
1989
1990
1995
2003
2013
2014
2009
2008
2008
2017
2032
2048
2063
2088
2119
2166
2225
2274
2316
2329
2324
2314
2302
2306
2320
2336
2352
2360
2363
2368
2375
2386
2400
2406
2406
2393
2370
2344
2316
2289
2264
2235
2202
2165
2125
2090
2057
2027
1998
1962
1921
1880
1839
1805
1776
1750
1727
1707
1689
1678
1671
1670
1673
1678
1683
1690
1698
1709
1724
1745
1771
1800
1830
1854
1875
1895
1914
1934
1955
1969
1979
1983
1985
1991
2001
2011
2021
2026
2026
2024
2022
2020
2018
2013
2005
2000
1997
1999
2003
2006
2009
2012
2017
2024
2034
2041
2046
2050
2053
2056
2059
2063
2067
2075
2086
2101
2118
2128
2133
2133
2128
2127
2129
2129
2129
2121
2108
2099
2091
2090
2095
2100
2107
2112
2115
2118
2120
2122
2125
2129
2134
2136
2138
2138
2138
2141
2146
2155
2166
2173
2177
2176
2172
2167
2161
2153
2144
2132
2119
2104
2089
2075
2064
2056
2049
2044
2041
2041
2043
2047
2054
2059
2062
2065
2067
2070
2074
2076
2076
2072
2067
2065
2064
2063
2062
2058
2053
2050
2047
2048
2051
2054
2057
2057
2057
2057
2057
2056
2055
2051
2046
2038
2030
2023
2018
2016
2014
2013
2011
2011
2011
2014
2017
2017
2014
2008
1998
1990
1982
1975
1967
1958
1950
1947
1948
1951
1955
1951
1943
1933
1923
1920
1922
1920
1915
1903
1886
1873
1863
1861
1866
1873
1883
1895
1909
1924
1939
1954
1969
1991
2017
2050
2086
2113
2135
2150
2160
2174
2192
2206
2217
2214
2201
2182
2159
2141
2126
2114
2103
2091
2079
2070
2063
2061
2061
2065
2071
2076
2081
2084
2087
2090
2095
2099
2102
2103
2103
2100
2097
2092
2087
2081
2076
2074
2074
2073
2073
2069
2064
2059
2053
2048
2044
2040
2037
2033
2029
2025
2020
2017
2014
2013
2013
2012
2012
2008
2002
1996
1989
1983
1978
1972
1965
1956
1946
1933
1920
1915
1915
1937
1973
2012
2053
2068
2068
2048
2017
1995
1980
1972
1970
1963
1953
1945
1939
1944
1955
1967
1978
1982
1981
1982
1985
1991
2000
2004
2005
2005
2004
2012
2025
2041
2059
2066
2066
2061
2053
2047
2042
2039
2036
2031
2026
2020
2015
2010
2005
2002
2001
2003
2008
2011
2014
2018
2023
2032
2043
2051
2058
2061
2062
2065
2070
2070
2067
2059
2047
2041
2038
2041
2049
2057
2064
2075
2089
2107
2128
2146
2164
2185
2209
2237
2268
2291
2309
2326
2343
2371
2405
2445
2489
2540
2596
2657
2721
2761
2784
2771
2733
2692
2648
2614
2585
2541
2489
2417
2333
2245
2155
2063
1968
1869
1766
1668
1572
1489
1414
1358
1312
1282
1261
1248
1238
1234
1233
1243
1259
1284
1315
1351
1390
1436
1485
1536
1588
1637
1683
1728
1773
1819
1866
1908
1946
1978
2007
2037
2067
2096
2124
2145
2161
2174
2184
2197
2210
2223
2236
2245
2253
2260
2265
2268
2271
2275
2280
2283
2286
2282
2275
2266
2256
2246
2238
2227
2215
2203
2192
2188
2188
2186
2183
2174
2161
2154
2152
2158
2168
2169
2166
2155
2140
2129
2120
2114
2110
2106
2101
2098
2096
2094
2091
2090
2090
2093
2098
2101
2101
2101
2100
2107
2118
2129
2139
2139
2131
2118
2102
2086
2070
2052
2033
2011
1988
1962
1936
1911
1886
1868
1854
1842
1832
1817
1799
1779
1758
1743
1730
1718
1706
1698
1693
1698
1711
1729
1749
1760
1766
1762
1752
1741
1729
1726
1729
1746
1774
1815
1866
1921
1978
2033
2087
2131
2169
2189
2197
2195
2186
2186
2193
2212
2238
2256
2267
2262
2246
2228
2210
2202
2202
2209
2221
2234
2248
2262
2276
2285
2292
2292
2288
2288
2291
2302
2317
2325
2328
2322
2310
2311
2319
2340
2368
2385
2396
2392
2378
2355
2326
2281
2227
2161
2087
2021
1961
1916
1881
1858
1842
1834
1831
1837
1847
1863
1883
1899
1912
1918
1918
1918
1918
1925
1938
1950
1963
1972
1979
1983
1986
1981
1971
1956
1938
1928
1923
1930
1945
1968
1995
2028
2065
2103
2141
2166
2182
2186
2183
2182
2182
2186
2194
2198
2201
2206
2212
2225
2243
2253
2260
2253
2238
2225
2212
2205
2202
2191
2176
2156
2132
2112
2095
2077
2058
2031
1998
1965
1931
1900
1872
1847
1825
1811
1801
1798
1799
1801
1804
1811
1821
1839
1862
1888
1915
1938
1959
1979
1999
2016
2031
2038
2041
2043
2045
2047
2050
2047
2039
2030
2020
2018
2021
2027
2035
2043
2050
2062
2078
2095
2111
2121
2126
2132
2137
2140
2142
2134
2120
2106
2091
2089
2094
2103
2114
2120
2123
2122
2119
2110
2097
2076
2050
2021
1990
1955
1917
1870
1816
1755
1689
1626
1564
1508
1457
1410
1366
1325
1286
1247
1206
1157
1101
1048
996
971
963
982
1018
1067
1125
1205
1300
1421
1560
1701
1844
1980
2112
2255
2405
2562
2723
2866
2997
3110
3210
3316
3424
3547
3679
3805
3926
4002
4049
4040
3996
3918
3820
3705
3580
3450
3318
3201
3095
3000
2912
2804
2681
2528
2355
2175
1990
1816
1649
1494
1347
1220
1104
1011
934
872
820
779
746
731
727
742
768
808
857
920
994
1083
1182
1282
1382
1476
1566
1654
1742
1827
1912
1997
2082
2174
2270
2360
2445
2507
2554
2587
2611
2629
2642
2638
2623
2596
2560
2532
2507
2494
2488
2484
2481
2465
2440
2396
2339
2279
2217
2166
2122
2086
2054
2024
1996
1976
1961
1955
1953
1956
1963
1973
1985
1993
1999
1997
1989
1983
1978
1984
1995
2011
2031
2047
2060
2065
2063
2056
2046
2039
2032
2028
2025
2022
2017
2014
2011
2009
2006
2000
1992
1984
1977
1975
1975
1977
1979
1983
1988
1995
2003
2010
2016
2020
2023
2027
2031
2032
2031
2031
2031
2042
2059
2080
2103
2115
2121
2117
2107
2097
2087
2078
2071
2064
2056
2048
2040
2031
2023
2013
2003
1991
1976
1959
1940
1922
1905
1893
1883
1879
1877
1878
1881
1887
1894
1901
1909
1915
1918
1919
1917
1917
1919
1920
1920
1916
1909
1905
1902
1901
1903
1902
1899
1899
1902
1910
1920
1925
1926
1930
1935
1954
1981
2004
2025
2032
2031
2034
2039
2052
2070
2086
2102
2121
2142
2164
2187
2207
2225
2247
2272
2293
2311
2314
2309
2303
2295
2292
2292
2286
2277
2267
2256
2253
2256
2257
2258
2257
2254
2257
2262
2268
2273
2277
2280
2286
2294
2297
2296
2284
2266
2244
2221
2196
2169
2140
2109
2085
2066
2056
2051
2044
2034
2017
1995
1972
1949
1932
1917
1910
1907
1907
1909
1910
1910
1907
1904
1894
1881
1861
1838
1817
1797
1781
1766
1750
1733
1719
1706
1703
1705
1715
1730
1747
1765
1779
1790
1795
1795
1792
1787
1783
1779
1782
1789
1812
1845
1887
1934
1977
2018
2060
2103
2153
2207
2254
2297
2329
2354
2373
2388
2391
2386
2366
2336
2302
2265
2231
2198
2167
2138
2119
2107
2109
2119
2128
2137
2135
2127
2115
2102
2091
2082
2071
2060
2046
2031
2020
2012
2008
2008
2005
2002
1997
1992
1986
1981
1971
1957
1939
1918
1900
1885
1881
1883
1899
1924
1959
2000
2032
2060
2069
2066
2059
2049
2046
2046
2044
2041
2037
2031
2029
2029
2031
2034
2035
2034
2031
2027
2019
2009
2000
1992
1993
2000
2011
2026
2035
2041
2044
2044
2045
2045
2041
2036
2026
2014
2002
1991
1984
1979
1980
1984
1989
1996
2000
2003
2008
2013
2022
2035
2047
2060
2076
2093
2114
2139
2158
2173
2177
2174
2173
2173
2178
2188
2192
2194
2190
2182
2180
2183
2197
2217
2236
2254
2262
2264
2257
2246
2232
2217
2197
2174
2148
2119
2093
2070
2050
2034
2016
1996
1975
1953
1933
1915
1899
1884
1868
1853
1842
1834
1837
1845
1860
1878
1892
1905
1910
1910
1911
1911
1916
1926
1937
1948
1956
1962
1969
1977
1987
1999
2008
2016
2022
2029
2039
2051
2062
2072
2080
2085
2092
2100
2105
2109
2108
2104
2103
2104
2108
2114
2114
2111
2106
2099
2096
2095
2091
2086
2077
2064
2052
2042
2035
2030
2031
2036
2049
2067
2082
2097
2100
2096
2088
2078
2071
2066
2063
2060
2056
2053
2053
2056
2059
2064
2064
2062
2060
2057
2058
2063
2065
2065
2062
2055
2054
2057
2069
2085
2095
2102
2100
2092
2085
2080
2075
2071
2061
2047
2033
2019
2011
2007
2008
2011
2017
2024
2031
2039
2044
2047
2049
2049
2051
2054
2059
2064
2066
2066
2067
2069
2072
2076
2077
2076
2072
2066
2063
2061
2061
2063
2061
2058
2054
2050
2049
2049
2050
2050
2049
2046
2043
2039
2037
2036
2039
2046
2053
2060
2061
2059
2057
2054
2055
2060
2062
2064
2062
2059
2059
2062
2067
2072
2072
2070
2067
2062
2061
2061
2061
2063
2061
2058
2052
2044
2039
2036
2040
2048
2057
2067
2075
2083
2093
2103
2109
2112
2107
2096
2084
2071
2062
2054
2050
2048
2051
2057
2063
2068
2070
2070
2073
2078
2083
2088
2084
2076
2071
2068
2074
2084
2089
2089
2082
2072
2065
2062
2058
2055
2047
2036
2026
2018
2011
2006
2002
1999
1999
2002
2005
2010
2013
2015
2019
2025
2030
2035
2036
2035
2036
2038
2042
2048
2052
2054
2053
2051
2048
2045
2041
2036
2035
2035
2037
2041
2043
2043
2042
2040
2040
2040
2039
2038
2036
2033
2028
2023
2019
2014
2013
2013
2015
2020
2023
2026
2027
2026
2026
2026
2027
2029
2027
2023
2018
2011
2009
2010
2014
2019
2022
2025
2028
2031
2033
2033
2029
2023
2019
2017
2018
2021
2021
2019
2021
2026
2037
2052
2063
2073
2080
2085
2094
2106
2112
2115
2106
2090
2075
2060
2051
2046
2044
2043
2044
2047
2051
2054
2058
2061
2068
2078
2082
2084
2076
2061
2051
2043
2043
2049
2050
2047
2039
2026
2015
2005
1993
1980
1965
1949
1935
1922
1911
1901
1895
1892
1895
1902
1908
1913
1913
1910
1910
1910
1916
1925
1936
1947
1956
1963
1966
1966
1968
1971
1978
1988
1994
1999
2001
2003
2010
2020
2033
2047
2057
2065
2071
2074
2077
2080
2083
2086
2087
2087
2085
2082
2081
2079
2080
2082
2082
2082
2080
2078
2077
2077
2074
2069
2063
2055
2053
2053
2056
2059
2058
2053
2048
2042
2037
2032
2024
2014
2004
1993
1983
1975
1968
1963
1971
1986
2013
2046
2070
2086
2085
2072
2059
2046
2037
2030
2021
2011
2006
2005
2016
2035
2050
2063
2065
2059
2056
2055
2061
2072
2078
2080
2078
2074
2079
2090
2104
2120
2129
2133
2134
2132
2130
2128
2126
2123
2125
2128
2133
2138
2137
2133
2131
2129
2134
2142
2149
2156
2162
2167
2175
2185
2191
2195
2192
2184
2175
2165
2155
2145
2131
2115
2099
2084
2070
2057
2043
2028
2014
2000
1987
1976
1963
1949
1934
1919
1909
1903
1901
1902
1902
1901
1900
1898
1899
1902
1905
1908
1911
1914
1922
1933
1945
1958
1965
1968
1969
1967
1969
1972
1977
1982
1985
1985
1981
1976
1973
1971
1975
1983
1993
2003
2010
2014
2017
2020
2023
2026
2021
2013
2004
1995
1995
2002
2011
2021
2026
2028
2032
2037
2048
2061
2070
2075
2075
2072
2073
2077
2083
2091
2095
2097
2098
2100
2102
2104
2100
2092
2083
2073
2068
2065
2061
2057
2049
2039
2032
2029
2031
2037
2041
2043
2042
2039
2039
2041
2046
2054
2061
2069
2075
2080
2083
2086
2088
2091
2093
2095
2094
2091
2089
2087
2087
2088
2089
2089
2087
2084
2081
2078
2076
2074
2073
2072
2069
2066
2061
2056
2052
2049
2050
2053
2057
2061
2061
2058
2055
2052
2051
2051
2052
2052
2049
2044
2041
2038
2037
2037
2035
2032
2026
2019
2013
2008
2004
2001
1998
1993
1986
1976
1971
1968
1977
1992
2009
2027
2034
2034
2034
2034
2040
2050
2055
2055
2047
2036
2032
2032
2039
2050
2059
2067
2075
2085
2096
2107
2112
2114
2114
2112
2115
2120
2123
2123
2120
2115
2114
2116
2119
2123
2117
2105
2089
2070
2059
2054
2051
2050
2041
2028
2013
1998
1992
1992
1995
2001
2004
2004
2006
2009
2015
2023
2031
2039
2044
2047
2049
2051
2051
2049
2047
2045
2045
2045
2045
2044
2041
2036
2033
2031
2032
2034
2035
2036
2035
2033
2032
2030
2029
2029
2028
2026
2025
2023
2023
2023
2024
2027
2030
2033
2036
2039
2041
2042
2041
2039
2036
2032
2029
2026
2026
2026
2026
2027
2028
2029
2028
2026
2023
2019
2018
2020
2023
2028
2029
2027
2026
2026
2033
2045
2057
2069
2074
2074
2075
2075
2077
2080
2077
2070
2059
2044
2031
2020
2012
2005
2005
2008
2017
2028
2035
2040
2041
2040
2042
2047
2048
2047
2041
2033
2031
2033
2037
2042
2036
2023
2004
1982
1968
1960
1954
1951
1943
1933
1922
1912
1907
1904
1905
1910
1918
1929
1943
1959
1975
1990
2004
2017
2030
2043
2058
2073
2085
2095
2098
2097
2096
2095
2098
2103
2106
2109
2107
2104
2101
2098
2096
2096
2095
2094
2092
2090
2087
2083
2080
2077
2075
2073
2071
2068
2065
2062
2060
2060
2058
2055
2052
2049
2048
2049
2049
2048
2044
2039
2037
2035
2033
2030
2022
2011
1999
1988
1978
1968
1962
1959
1969
1989
2017
2050
2069
2079
2075
2062
2052
2045
2042
2041
2037
2032
2031
2031
2037
2047
2055
2063
2068
2071
2072
2072
2071
2069
2067
2064
2062
2059
2058
2058
2061
2066
2067
2066
2058
2047
2034
2020
2007
1995
1985
1975
1969
1966
1964
1962
1961
1959
1960
1963
1967
1974
1981
1988
1999
2012
2030
2051
2070
2087
2101
2114
2126
2139
2150
2160
2167
2172
2180
2190
2201
2214
2226
2238
2248
2258
2264
2268
2270
2271
2272
2272
2270
2266
2261
2255
2250
2247
2238
2227
2208
2185
2163
2143
2125
2108
2087
2063
2038
2013
1986
1957
1924
1888
1866
1851
1855
1870
1880
1887
1880
1865
1852
1841
1834
1831
1827
1823
1824
1829
1840
1855
1871
1887
1899
1909
1916
1922
1933
1946
1964
1985
2000
2013
2021
2027
2037
2050
2063
2074
2078
2078
2076
2073
2067
2060
2047
2030
2018
2010
2010
2017
2020
2022
2021
2018
2020
2025
2027
2027
2023
2015
2015
2019
2031
2049
2064
2077
2085
2090
2093
2096
2099
2101
2100
2097
2092
2087
2086
2088
2093
2100
2104
2106
2105
2102
2100
2100
2099
2098
2094
2087
2081
2074
2068
2063
2058
2052
2050
2051
2055
2060
2059
2055
2049
2041
2039
2040
2043
2048
2047
2042
2035
2026
2024
2026
2034
2046
2052
2054
2050
2042
2041
2044
2051
2060
2057
2047
2032
2014
2008
2011
2020
2033
2042
2050
2059
2069
2081
2093
2101
2106
2112
2117
2122
2127
2128
2125
2122
2119
2119
2122
2122
2119
2114
2106
2099
2094
2087
2079
2069
2057
2046
2036
2028
2020
2014
2009
2008
2008
2010
2013
2016
2021
2027
2034
2039
2044
2048
2051
2058
2068
2074
2079
2074
2064
2054
2046
2044
2046
2047
2047
2048
2048
2050
2055
2056
2055
2052
2047
2047
2049
2050
2051
2048
2043
2041
2039
2038
2037
2034
2029
2028
2030
2035
2042
2046
2048
2048
2048
2047
2046
2043
2040
2035
2029
2023
2018
2015
2013
2018
2027
2036
2046
2047
2043
2037
2029
2027
2027
2023
2016
2002
1984
1968
1954
1945
1938
1935
1933
1937
1944
1950
1955
1958
1958
1963
1970
1978
1987
1992
1995
2002
2012
2028
2048
2062
2072
2075
2073
2071
2069
2069
2069
2067
2064
2062
2059
2058
2056
2055
2053
2052
2051
2051
2052
2056
2061
2068
2078
2087
2095
2102
2108
2112
2115
2112
2106
2095
2082
2071
2061
2057
2055
2053
2050
2046
2041
2038
2035
2034
2033
2031
2029
2027
2024
2021
2018
2012
2004
1999
1995
1997
2003
2011
2019
2022
2022
2017
2009
2002
1994
1988
1983
1977
1969
1958
1945
1939
1939
1958
1991
2029
2072
2093
2100
2088
2065
2047
2032
2026
2026
2025
2025
2025
2026
2033
2043
2053
2064
2070
2072
2073
2073
2075
2078
2078
2076
2072
2067
2069
2074
2080
2088
2089
2084
2076
2065
2055
2046
2035
2022
2008
1993
1983
1976
1972
1969
1967
1965
1965
1967
1969
1972
1976
1982
1992
2005
2019
2034
2046
2057
2069
2081
2091
2100
2104
2105
2107
2110
2116
2125
2133
2140
2148
2156
2166
2176
2184
2189
2197
2207
2225
2248
2266
2282
2287
2285
2284
2284
2284
2284
2277
2266
2252
2237
2222
2207
2190
2173
2169
2174
2188
2209
2210
2197
2161
2110
2060
2011
1973
1942
1913
1886
1863
1842
1827
1816
1809
1804
1803
1803
1803
1803
1802
1800
1803
1808
1817
1828
1842
1857
1878
1903
1928
1953
1971
1984
1994
2002
2011
2021
2027
2031
2032
2030
2027
2024
2019
2013
2008
2005
2004
2004
2003
2001
1998
1993
1992
1994
1999
2006
2014
2023
2031
2038
2040
2039
2037
2034
2036
2042
2048
2054
2054
2049
2046
2044
2046
2050
2051
2051
2049
2046
2047
2050
2051
2051
2049
2046
2048
2053
2058
2063
2064
2064
2064
2065
2064
2062
2058
2053
2059
2070
2085
2103
2107
2103
2098
2092
2096
2106
2111
2111
2100
2082
2071
2064
2066
2074
2078
2080
2083
2087
2095
2106
2114
2119
2122
2124
2128
2133
2138
2143
2147
2149
2149
2147
2145
2142
2139
2136
2131
2125
2116
2106
2096
2086
2076
2066
2054
2041
2030
2022
2018
2018
2018
2018
2019
2019
2022
2028
2034
2040
2043
2045
2045
2044
2044
2045
2048
2052
2055
2058
2056
2051
2047
2044
2044
2047
2050
2053
2055
2056
2057
2059
2058
2056
2052
2047
2044
2042
2041
2039
2036
2033
2031
2031
2031
2033
2035
2038
2039
2040
2037
2032
2025
2018
2015
2014
2013
2011
2011
2013
2021
2034
2041
2044
2037
2024
2016
2012
2013
2016
2007
1990
1967
1941
1924
1914
1910
1910
1910
1911
1914
1919
1923
1926
1932
1940
1950
1963
1972
1977
1980
1983
1994
2010
2027
2044
2055
2063
2071
2081
2090
2100
2103
2101
2098
2095
2093
2093
2092
2090
2092
2095
2099
2104
2102
2097
2092
2087
2088
2093
2098
2102
2101
2096
2094
2092
2091
2091
2086
2079
2072
2064
2060
2057
2053
2050
2045
2040
2038
2036
2033
2029
2021
2011
2004
1999
2000
2003
2005
2007
2005
2001
1997
1994
1991
1988
1986
1983
1979
1972
1963
1953
1958
1973
2011
2065
2112
2156
2168
2158
2136
2106
2092
2088
2089
2094
2090
2080
2072
2064
2064
2067
2068
2067
2062
2054
2048
2043
2039
2035
2027
2017
2009
2002
2003
2008
2014
2021
2020
2015
2005
1993
1986
1981
1979
1977
1971
1963
1953
1942
1936
1934
1936
1940
1943
1945
1948
1953
1962
1974
1988
2003
2018
2032
2043
2053
2059
2063
2066
2068
2068
2068
2064
2059
2056
2054
2053
2051
2047
2042
2039
2037
2038
2041
2041
2038
2033
2025
2019
2015
2015
2017
2022
2030
2039
2049
2064
2082
2114
2155
2210
2274
2324
2366
2383
2385
2383
2378
2383
2393
2402
2411
2414
2413
2411
2408
2406
2404
2396
2383
2356
2321
2278
2229
2182
2136
2089
2042
1993
1944
1902
1866
1838
1817
1795
1772
1746
1717
1690
1664
1646
1632
1623
1618
1615
1613
1616
1622
1635
1653
1670
1688
1704
1717
1735
1756
1782
1811
1838
1864
1889
1913
1933
1951
1962
1969
1978
1989
2006
2026
2043
2058
2072
2085
2103
2124
2142
2157
2165
2168
2171
2174
2179
2186
2189
2189
2186
2181
2177
2174
2175
2180
2190
2204
2214
2221
2220
2213
2210
2209
2210
2212
2203
2188
2168
2145
2130
2119
2111
2106
2102
2097
2094
2092
2089
2084
2081
2078
2083
2093
2098
2101
2095
2085
2082
2082
2087
2097
2101
2101
2098
2093
2088
2083
2074
2063
2051
2038
2030
2025
2019
2014
2009
2006
2008
2013
2020
2028
2034
2039
2043
2046
2048
2049
2050
2052
2057
2065
2071
2077
2077
2073
2066
2057
2052
2050
2050
2052
2051
2048
2044
2039
2036
2033
2027
2019
2009
1998
1990
1984
1978
1973
1965
1955
1945
1935
1927
1919
1912
1907
1903
1899
1890
1877
1865
1854
1856
1867
1882
1900
1911
1916
1927
1942
1967
1997
2013
2021
2017
2006
2004
2008
2021
2040
2063
2088
2116
2147
2172
2195
2209
2218
2228
2238
2240
2237
2220
2192
2170
2152
2147
2150
2148
2142
2127
2106
2091
2080
2073
2069
2062
2054
2047
2042
2044
2050
2058
2067
2072
2075
2074
2072
2072
2073
2074
2075
2076
2078
2081
2085
2087
2087
2082
2074
2066
2058
2050
2043
2037
2032
2028
2024
2017
2008
1998
1988
1985
1988
1991
1994
1987
1973
1959
1944
1936
1932
1926
1918
1911
1904
1902
1904
1907
1912
1929
1954
1994
2044
2076
2097
2089
2063
2041
2023
2020
2028
2031
2031
2028
2023
2027
2037
2045
2052
2053
2051
2052
2054
2053
2051
2042
2027
2017
2009
2013
2023
2033
2043
2044
2039
2030
2017
2006
1996
1991
1988
1983
1978
1970
1960
1955
1952
1956
1964
1970
1975
1978
1980
1984
1989
1998
2008
2018
2028
2035
2040
2044
2047
2050
2053
2054
2052
2048
2043
2046
2053
2064
2077
2083
2085
2085
2084
2088
2096
2101
2103
2106
2109
2126
2151
2183
2219
2262
2308
2370
2444
2514
2583
2621
2641
2647
2644
2648
2658
2661
2661
2647
2624
2601
2577
2548
2517
2467
2405
2328
2240
2147
2052
1962
1877
1800
1729
1664
1602
1546
1495
1457
1429
1411
1401
1391
1380
1371
1363
1371
1387
1415
1450
1482
1513
1543
1572
1609
1650
1693
1736
1775
1811
1850
1889
1926
1962
1990
2012
2028
2041
2051
2060
2069
2077
2090
2106
2123
2140
2152
2161
2172
2185
2201
2218
2226
2228
2221
2209
2201
2195
2193
2194
2196
2199
2202
2205
2204
2201
2198
2193
2190
2187
2180
2170
2157
2142
2127
2114
2103
2093
2088
2085
2086
2091
2094
2096
2096
2096
2099
2104
2107
2110
2109
2106
2105
2107
2112
2120
2125
2128
2129
2127
2123
2117
2107
2096
2084
2072
2061
2051
2044
2037
2036
2039
2044
2051
2055
2058
2062
2067
2073
2080
2083
2084
2084
2083
2083
2084
2085
2085
2086
2088
2089
2091
2089
2084
2078
2071
2067
2065
2064
2062
2057
2049
2038
2023
2005
1985
1967
1949
1935
1922
1910
1897
1885
1872
1859
1846
1834
1821
1808
1795
1784
1774
1772
1774
1791
1817
1849
1884
1905
1918
1922
1921
1928
1940
1953
1967
1979
1990
2013
2044
2084
2130
2170
2205
2228
2244
2250
2250
2246
2240
2237
2237
2231
2222
2201
2173
2153
2138
2141
2156
2169
2181
2183
2179
2176
2173
2168
2163
2151
2133
2116
2098
2086
2079
2076
2075
2076
2079
2082
2085
2083
2080
2075
2070
2068
2068
2067
2066
2060
2051
2042
2032
2028
2027
2026
2026
2021
2013
2008
2003
2001
2000
1995
1987
1981
1974
1970
1968
1964
1958
1952
1946
1941
1938
1930
1919
1910
1902
1900
1903
1904
1904
1910
1920
1953
2000
2039
2072
2071
2046
2017
1985
1973
1973
1972
1972
1964
1951
1948
1951
1960
1972
1975
1973
1969
1964
1964
1967
1969
1971
1968
1961
1958
1957
1967
1983
2001
2021
2031
2035
2036
2034
2035
2038
2039
2040
2041
2041
2045
2053
2062
2072
2085
2099
2119
2144
2171
2199
2229
2259
2294
2333
2370
2404
2427
2442
2456
2468
2488
2514
2542
2571
2594
2614
2624
2628
2624
2614
2601
2586
2563
2535
2494
2444
2386
2324
2255
2183
2091
1988
1874
1753
1653
1566
1511
1476
1461
1458
1467
1483
1501
1521
1531
1536
1536
1533
1540
1553
1576
1607
1646
1689
1734
1780
1819
1853
1880
1901
1922
1943
1964
1984
2000
2013
2029
2047
2069
2094
2114
2132
2140
2140
2137
2132
2128
2125
2122
2119
2116
2113
2110
2107
2106
2106
2108
2112
2117
2124
2130
2135
2140
2145
2155
2168
2183
2200
2211
2219
2221
2219
2220
2223
2229
2236
2241
2244
2245
2245
2243
2241
2240
2240
2241
2244
2245
2246
2240
2230
2209
2181
2147
2109
2069
2028
1984
1939
1892
1843
1798
1755
1722
1694
1671
1650
1627
1602
1574
1545
1515
1486
1456
1425
1386
1343
1295
1243
1200
1163
1142
1132
1124
1117
1108
1097
1105
1126
1181
1259
1362
1480
1607
1738
1866
1990
2108
2222
2337
2452
2565
2676
2767
2846
2899
2935
2962
2982
3002
3023
3042
3059
3061
3054
3025
2981
2922
2853
2783
2713
2641
2569
2493
2416
2345
2278
2220
2168
2118
2069
2024
1980
1942
1909
1884
1866
1867
1882
1917
1964
2007
2046
2068
2079
2090
2101
2119
2142
2164
2185
2209
2234
2265
2299
2328
2353
2369
2380
2391
2401
2407
2412
2408
2400
2390
2380
2370
2361
2346
2326
2301
2273
2241
2207
2168
2125
2081
2037
1995
1956
1916
1875
1834
1793
1757
1726
1702
1682
1666
1651
1643
1640
1642
1647
1647
1644
1636
1626
1625
1628
1633
1640
1639
1633
1630
1628
1638
1654
1670
1685
1700
1715
1742
1775
1809
1843
1867
1885
1904
1922
1949
1982
2010
2036
2051
2059
2064
2067
2071
2074
2075
2074
2071
2068
2064
2060
2054
2046
2036
2025
2016
2009
2005
2003
2004
2007
2010
2014
2014
2011
2005
1997
1987
1977
1965
1952
1935
1917
1904
1896
1899
1909
1923
1941
1954
1964
1970
1972
1973
1973
1977
1982
1992
2003
2017
2032
2048
2065
2082
2100
2118
2135
2150
2165
2181
2199
2220
2245
2269
2292
2309
2322
2335
2346
2360
2375
2385
2392
2390
2383
2373
2361
2349
2336
2319
2301
2282
2263
2245
2229
2217
2208
2206
2209
2213
2218
2219
2216
2213
2209
2209
2212
2218
2226
2233
2241
2242
2239
2229
2214
2197
2178
2158
2137
2113
2087
2065
2045
2034
2029
2023
2018
2013
2006
2000
1995
1983
1967
1946
1923
1911
1906
1910
1921
1931
1941
1948
1953
1954
1952
1944
1931
1912
1889
1866
1843
1824
1806
1791
1778
1765
1753
1738
1721
1700
1675
1647
1617
1588
1560
1536
1515
1501
1492
1494
1502
1509
1514
1501
1477
1449
1420
1416
1427
1465
1519
1593
1678
1781
1895
2008
2121
2212
2289
2347
2393
2431
2465
2493
2516
2532
2543
2547
2547
2542
2535
2531
2529
2528
2527
2520
2509
2502
2497
2500
2508
2507
2500
2478
2447
2412
2374
2333
2289
2237
2181
2130
2083
2047
2019
1998
1981
1971
1966
1967
1971
1973
1973
1973
1973
1977
1985
1992
2000
2005
2008
2007
2004
1998
1990
1988
1988
1996
2010
2021
2029
2031
2028
2028
2031
2035
2040
2039
2032
2028
2025
2039
2065
2105
2156
2208
2262
2302
2335
2352
2359
2363
2366
2372
2379
2379
2374
2361
2341
2323
2305
2289
2274
2254
2232
2209
2186
2167
2149
2132
2114
2094
2072
2051
2030
2018
2011
2009
2011
2005
1994
1974
1948
1925
1903
1884
1867
1848
1827
1811
1797
1791
1790
1789
1787
1783
1778
1779
1782
1789
1799
1810
1821
1837
1856
1876
1897
1912
1922
1929
1936
1943
1951
1957
1961
1965
1969
1975
1982
1984
1982
1981
1981
1990
2006
2024
2044
2056
2064
2069
2071
2070
2067
2059
2049
2042
2035
2032
2031
2031
2031
2032
2034
2034
2033
2029
2023
2019
2017
2019
2024
2028
2032
2037
2042
2052
2065
2078
2089
2094
2094
2091
2088
2087
2089
2090
2091
2088
2083
2077
2070
2069
2071
2076
2083
2087
2089
2090
2092
2098
2106
2115
2123
2127
2129
2130
2130
2133
2138
2140
2140
2135
2127
2118
2108
2105
2105
2108
2111
2112
2110
2107
2103
2098
2093
2086
2078
2069
2061
2053
2046
2039
2032
2031
2034
2043
2056
2066
2074
2079
2081
2086
2094
2100
2105
2104
2098
2091
2084
2079
2076
2073
2070
2068
2066
2065
2064
2064
2065
2071
2079
2084
2087
2081
2071
2065
2062
2067
2078
2085
2090
2090
2087
2084
2081
2077
2070
2060
2049
2038
2028
2017
2006
1999
1995
1998
2006
2013
2020
2023
2024
2027
2031
2036
2041
2043
2043
2044
2047
2050
2055
2057
2057
2055
2052
2051
2051
2051
2051
2051
2050
2049
2047
2047
2047
2048
2050
2052
2054
2053
2050
2047
2042
2039
2037
2036
2036
2036
2036
2036
2036
2035
2033
2028
2021
2015
2008
2006
2008
2012
2017
2020
2022
2022
2022
2022
2022
2021
2018
2014
2008
2001
1994
1992
1992
2001
2014
2029
2044
2052
2057
2061
2065
2072
2080
2080
2074
2057
2032
2010
1989
1976
1969
1965
1962
1962
1962
1964
1968
1974
1982
1988
1993
1995
1995
1993
1991
1993
1997
2004
2013
2020
2027
2031
2033
2036
2039
2044
2050
2053
2053
2049
2042
2039
2039
2046
2057
2068
2078
2083
2083
2083
2083
2083
2084
2085
2087
2088
2090
2091
2091
2088
2083
2078
2071
2066
2062
2059
2056
2054
2051
2048
2045
2042
2040
2039
2039
2038
2036
2035
2033
2033
2034
2032
2029
2021
2011
2004
1999
2000
2005
2007
2008
2007
2004
2005
2008
2009
2011
2009
2004
1999
1993
1987
1982
1977
1972
1967
1963
1958
1952
1949
1948
1963
1988
2024
2068
2095
2112
2107
2089
2073
2058
2054
2057
2060
2063
2066
2069
2079
2093
2106
2117
2125
2130
2140
2153
2167
2181
2187
2189
2190
2192
2202
2217
2234
2251
2262
2270
2271
2269
2263
2253
2241
2228
2214
2199
2183
2166
2148
2128
2109
2091
2073
2055
2040
2027
2020
2017
2014
2011
2004
1995
1988
1983
1980
1978
1973
1965
1959
1953
1953
1956
1958
1958
1956
1951
1950
1950
1951
1951
1949
1945
1944
1944
1945
1945
1943
1940
1942
1945
1948
1950
1947
1941
1942
1947
1959
1974
1982
1987
1990
1992
1996
2003
2002
1997
1991
1986
1998
2019
2041
2062
2070
2068
2065
2062
2060
2058
2050
2037
2027
2017
2017
2022
2030
2038
2046
2054
2059
2063
2064
2064
2066
2071
2077
2085
2088
2087
2086
2084
2089
2097
2103
2107
2105
2100
2094
2088
2080
2070
2059
2046
2037
2029
2024
2021
2018
2016
2015
2015
2015
2015
2017
2020
2025
2032
2040
2049
2055
2060
2064
2067
2072
2077
2082
2087
2090
2092
2091
2088
2086
2083
2085
2090
2096
2104
2108
2108
2106
2103
2103
2103
2101
2098
2093
2088
2085
2082
2081
2080
2079
2078
2079
2082
2082
2080
2075
2068
2066
2066
2068
2071
2071
2068
2065
2060
2058
2056
2054
2051
2047
2041
2031
2019
2009
2001
2004
2015
2030
2048
2056
2059
2060
2060
2065
2073
2074
2070
2059
2043
2034
2029
2029
2032
2034
2036
2042
2051
2061
2071
2075
2077
2078
2078
2077
2077
2073
2068
2065
2063
2066
2071
2072
2072
2066
2057
2048
2039
2032
2025
2019
2014
2008
2000
1992
1984
1980
1979
1981
1986
1989
1991
1994
1997
2004
2012
2020
2028
2033
2038
2043
2048
2051
2053
2052
2049
2046
2043
2043
2043
2043
2041
2038
2035
2034
2034
2038
2043
2045
2045
2042
2037
2035
2034
2033
2032
2028
2023
2021
2019
2019
2021
2021
2019
2020
2023
2028
2035
2036
2033
2028
2021
2022
2027
2034
2042
2046
2046
2044
2040
2036
2032
2030
2028
2028
2028
2027
2024
2024
2027
2034
2044
2051
2056
2058
2059
2065
2074
2077
2077
2065
2046
2031
2019
2017
2022
2027
2034
2040
2045
2051
2058
2063
2066
2070
2073
2077
2080
2081
2079
2078
2076
2076
2077
2074
2069
2059
2047
2038
2030
2025
2020
2014
2006
1998
1990
1983
1977
1975
1975
1976
1979
1981
1984
1990
1998
2009
2022
2033
2043
2049
2053
2057
2062
2066
2070
2072
2072
2070
2067
2065
2062
2060
2059
2059
2061
2061
2060
2056
2051
2049
2047
2045
2043
2037
2029
2021
2013
2010
2010
2009
2008
2006
2004
2004
2005
2002
1997
1989
1979
1973
1970
1967
1965
1961
1954
1949
1945
1941
1937
1929
1918
1910
1904
1904
1908
1912
1916
1923
1931
1946
1966
1984
2002
2019
2034
2050
2066
2073
2074
2067
2055
2052
2055
2066
2084
2099
2111
2119
2126
2132
2139
2142
2142
2141
2138
2135
2132
2128
2123
2118
2113
2112
2114
2110
2102
2089
2071
2055
2041
2028
2017
2001
1983
1968
1955
1953
1956
1961
1968
1971
1971
1974
1979
1985
1993
2000
2005
2011
2017
2025
2033
2039
2042
2042
2039
2038
2039
2041
2043
2040
2034
2027
2019
2017
2019
2022
2027
2029
2029
2029
2030
2032
2035
2037
2039
2042
2046
2048
2049
2049
2047
2051
2059
2071
2084
2093
2098
2103
2106
2113
2123
2130
2135
2136
2133
2135
2140
2155
2177
2208
2244
2278
2310
2322
2320
2302
2274
2251
2232
2221
2215
2202
2186
2169
2153
2146
2145
2141
2135
2118
2095
2076
2058
2045
2036
2022
2004
1987
1969
1960
1957
1957
1959
1958
1956
1952
1946
1935
1921
1907
1894
1889
1889
1892
1897
1898
1896
1895
1893
1895
1899
1902
1905
1908
1913
1921
1932
1944
1957
1969
1981
1993
2006
2017
2025
2030
2032
2034
2037
2041
2046
2050
2054
2057
2059
2059
2057
2054
2051
2047
2044
2041
2038
2033
2028
2024
2021
2020
2022
2024
2027
2030
2033
2038
2043
2047
2050
2052
2053
2055
2057
2055
2051
2045
2037
2041
2051
2067
2087
2095
2097
2093
2085
2086
2092
2095
2096
2089
2076
2068
2063
2064
2067
2069
2069
2074
2082
2092
2103
2108
2108
2105
2102
2102
2105
2107
2107
2105
2103
2106
2111
2115
2117
2112
2104
2094
2084
2075
2067
2058
2049
2042
2037
2032
2028
2024
2019
2017
2016
2016
2018
2018
2018
2019
2022
2030
2040
2050
2058
2062
2063
2064
2064
2066
2068
2068
2066
2063
2059
2056
2054
2052
2049
2047
2044
2045
2048
2052
2055
2055
2052
2049
2046
2045
2047
2048
2048
2049
2051
2054
2057
2057
2055
2052
2047
2048
2053
2058
2064
2067
2067
2066
2065
2063
2060
2054
2047
2043
2040
2037
2032
2025
2015
2015
2021
2035
2055
2063
2063
2057
2047
2047
2052
2054
2053
2040
2020
2007
1998
1999
2007
2012
2015
2020
2027
2037
2048
2052
2050
2047
2042
2047
2057
2067
2076
2078
2075
2075
2075
2076
2078
2074
2066
2057
2049
2044
2041
2039
2037
2034
2031
2023
2012
1999
1985
1979
1977
1981
1989
1994
1997
2000
2003
2012
2025
2035
2045
2050
2052
2053
2053
2052
2051
2049
2046
2046
2046
2044
2041
2036
2029
2027
2029
2034
2041
2045
2048
2049
2047
2046
2044
2041
2037
2033
2029
2027
2025
2025
2025
2026
2027
2029
2032
2038
2047
2057
2067
2071
2071
2068
2063
2063
2066
2068
2069
2068
2065
2069
2077
2087
2098
2099
2094
2089
2084
2087
2094
2091
2083
2062
2034
2011
1990
1976
1967
1961
1958
1959
1962
1964
1966
1963
1958
1956
1955
1956
1959
1957
1954
1951
1949
1952
1957
1960
1963
1963
1961
1960
1960
1960
1960
1963
1966
1971
1976
1979
1981
1985
1990
2002
2017
2033
2048
2058
2065
2071
2078
2086
2094
2100
2104
2106
2107
2108
2109
2108
2105
2100
2093
2087
2081
2075
2068
2062
2056
2052
2049
2044
2038
2031
2023
2018
2015
2011
2006
2001
1994
1991
1991
1992
1995
1995
1994
1994
1995
1996
1997
1996
1993
1990
1985
1977
1967
1958
1950
1964
1990
2028
2073
2096
2105
2093
2067
2047
2031
2023
2020
2016
2011
2010
2010
2015
2023
2032
2040
2048
2055
2060
2065
2067
2068
2070
2073
2078
2085
2094
2104
2116
2129
2141
2152
2157
2159
2159
2158
2159
2162
2166
2169
2171
2171
2172
2175
2181
2189
2199
2209
2217
2225
2233
2240
2247
2254
2258
2261
2259
2252
2241
2228
2213
2198
2183
2167
2150
2132
2112
2092
2071
2049
2024
1997
1971
1946
1927
1912
1898
1887
1874
1859
1847
1837
1832
1829
1828
1826
1825
1825
1826
1828
1836
1847
1868
1896
1923
1949
1962
1965
1964
1959
1962
1969
1974
1977
1975
1969
1967
1968
1974
1983
1990
1996
2001
2006
2009
2012
2012
2011
2013
2017
2023
2031
2035
2037
2039
2042
2047
2055
2059
2062
2059
2051
2042
2032
2023
2015
2008
2002
1995
1987
1980
1973
1971
1971
1974
1978
1979
1977
1976
1974
1977
1982
1988
1995
2001
2007
2015
2023
2031
2039
2045
2052
2062
2075
2090
2107
2122
2135
2148
2159
2171
2182
2189
2194
2191
2183
2173
2163
2158
2156
2156
2158
2159
2159
2157
2154
2145
2134
2120
2105
2095
2087
2081
2076
2071
2065
2065
2068
2075
2083
2084
2080
2076
2071
2075
2084
2088
2088
2077
2059
2044
2032
2030
2033
2037
2040
2042
2042
2046
2052
2058
2065
2070
2074
2078
2083
2087
2092
2095
2097
2097
2095
2091
2086
2082
2077
2075
2073
2070
2067
2060
2051
2041
2030
2019
2008
1999
1991
1987
1987
1989
1992
1995
1998
2002
2007
2016
2026
2032
2037
2037
2035
2035
2035
2036
2037
2036
2033
2031
2028
2027
2026
2024
2022
2021
2020
2022
2025
2028
2031
2031
2029
2027
2025
2025
2025
2027
2029
2030
2031
2032
2032
2035
2041
2049
2058
2062
2063
2061
2056
2054
2053
2052
2052
2051
2049
2052
2059
2068
2078
2079
2076
2070
2062
2059
2059
2055
2050
2033
2010
1986
1961
1942
1927
1917
1909
1908
1911
1918
1928
1936
1943
1951
1959
1968
1978
1983
1985
1987
1989
1997
2010
2022
2035
2042
2046
2049
2052
2055
2057
2056
2054
2054
2054
2055
2057
2057
2056
2055
2054
2054
2055
2057
2060
2066
2076
2088
2102
2110
2114
2113
2110
2108
2106
2105
2104
2100
2095
2089
2084
2080
2076
2071
2066
2061
2057
2053
2050
2044
2036
2027
2017
2009
2002
1999
1997
1998
2000
2001
2002
2002
2002
2001
2001
2000
2000
1999
1997
1992
1984
1972
1957
1953
1956
1983
2024
2065
2106
2120
2115
2097
2069
2053
2043
2039
2038
2033
2025
2023
2024
2032
2043
2050
2054
2054
2051
2050
2050
2050
2050
2045
2038
2034
2031
2033
2040
2045
2050
2048
2043
2035
2025
2015
2006
1999
1994
1990
1986
1981
1974
1968
1963
1962
1965
1972
1981
1989
1997
2007
2019
2034
2051
2068
2085
2101
2117
2134
2151
2164
2175
2184
2192
2202
2214
2229
2245
2259
2272
2281
2289
2296
2304
2312
2320
2325
2328
2324
2316
2301
2281
2259
2234
2211
2188
2165
2142
2120
2098
2085
2077
2079
2087
2088
2085
2064
2032
1996
1958
1927
1901
1877
1854
1830
1807
1793
1785
1786
1793
1798
1802
1804
1805
1808
1812
1817
1823
1829
1834
1843
1856
1872
1890
1907
1923
1937
1950
1962
1974
1982
1988
1991
1991
1992
1994
1997
2002
2007
2012
2018
2026
2033
2039
2041
2039
2042
2047
2059
2076
2091
2104
2112
2117
2123
2130
2137
2145
2149
2150
2149
2146
2144
2142
2140
2137
2136
2136
2135
2135
2130
2122
2113
2103
2092
2082
2075
2070
2067
2067
2065
2063
2059
2054
2048
2041
2034
2027
2023
2021
2024
2029
2031
2029
2026
2021
2028
2041
2056
2071
2073
2067
2063
2061
2067
2078
2079
2074
2062
2047
2042
2044
2048
2053
2056
2056
2061
2071
2079
2087
2088
2083
2083
2086
2090
2095
2094
2088
2086
2086
2092
2100
2101
2097
2090
2081
2078
2079
2078
2075
2065
2052
2039
2026
2014
2004
1997
1992
1994
2001
2008
2016
2020
2023
2027
2032
2040
2049
2055
2058
2060
2061
2063
2065
2066
2066
2066
2064
2062
2059
2056
2053
2052
2052
2056
2061
2063
2065
2063
2060
2056
2053
2049
2045
2041
2036
2033
2030
2028
2028
2028
2028
2029
2029
2031
2033
2037
2042
2046
2050
2050
2047
2042
2037
2037
2039
2040
2040
2041
2041
2050
2065
2083
2102
2109
2108
2105
2100
2102
2109
2111
2110
2102
2089
2078
2069
2063
2060
2058
2056
2056
2058
2059
2059
2057
2054
2053
2053
2051
2048
2040
2029
2020
2013
2005
1997
1983
1965
1951
1938
1929
1924
1915
1904
1892
1879
1872
1869
1868
1868
1869
1872
1882
1897
1917
1940
1962
1983
2004
2024
2043
2062
2078
2093
2105
2116
2125
2133
2136
2136
2133
2128
2124
2121
2118
2115
2112
2108
2104
2101
2098
2095
2092
2089
2085
2080
2074
2067
2057
2044
2032
2022
2020
2022
2024
2026
2024
2019
2016
2013
2010
2007
2001
1993
1987
1983
1976
1967
1952
1934
1935
1948
1986
2040
2078
2108
2108
2090
2072
2056
2052
2056
2056
2053
2046
2038
2038
2045
2056
2071
2080
2086
2086
2083
2079
2075
2073
2073
2070
2066
2061
2055
2054
2057
2062
2067
2064
2054
2040
2023
2011
2001
1994
1989
1982
1975
1970
1965
1964
1965
1968
1972
1975
1978
1982
1987
2000
2017
2038
2062
2083
2103
2118
2131
2144
2157
2168
2178
2189
2199
2212
2227
2243
2259
2270
2277
2281
2284
2285
2287
2281
2271
2258
2243
2236
2233
2228
2223
2206
2182
2159
2136
2121
2110
2094
2074
2047
2014
1984
1956
1936
1921
1917
1920
1928
1939
1940
1935
1920
1900
1884
1873
1865
1858
1848
1835
1828
1825
1835
1853
1870
1886
1894
1897
1899
1902
1909
1919
1929
1940
1948
1953
1960
1968
1981
1997
2014
2030
2040
2046
2048
2046
2043
2040
2037
2034
2031
2028
2026
2023
2022
2022
2024
2028
2031
2033
2033
2033
2034
2037
2042
2049
2055
2062
2070
2080
2088
2096
2100
2101
2101
2100
2100
2102
2102
2101
2099
2097
2097
2098
2098
2096
2090
2082
2075
2068
2064
2062
2060
2058
2054
2049
2046
2043
2047
2055
2063
2071
2072
2067
2059
2049
2046
2047
2048
2048
2045
2039
2041
2048
2062
2082
2092
2095
2093
2088
2091
2099
2106
2111
2103
2087
2072
2059
2053
2053
2052
2052
2054
2058
2067
2078
2083
2084
2081
2074
2077
2085
2096
2109
2112
2109
2104
2099
2098
2100
2098
2094
2088
2080
2074
2070
2064
2057
2046
2033
2023
2015
2011
2008
2003
1997
1994
1993
1997
2005
2012
2020
2028
2035
2042
2049
2053
2056
2058
2058
2060
2062
2063
2064
2063
2061
2058
2055
2052
2049
2048
2050
2053
2057
2057
2054
2050
2044
2041
2040
2039
2038
2036
2033
2032
2032
2032
2032
2030
2028
2030
2034
2039
2045
2046
2043
2039
2034
2032
2032
2034
2037
2039
2040
2038
2033
2030
2027
2035
2049
2066
2085
2094
2097
2098
2097
2099
2103
2099
2090
2074
2054
2041
2034
2032
2033
2032
2029
2028
2028
2028
2030
2027
2020
2012
2004
1996
1989
1979
1968
1960
1954
1952
1953
1952
1949
1944
1938
1935
1934
1935
1938
1940
1943
1946
1948
1949
1951
1959
1970
1985
2003
2017
2030
2043
2057
2075
2095
2110
2122
2127
2129
2131
2134
2136
2138
2135
2128
2121
2114
2109
2104
2099
2094
2090
2085
2080
2075
2069
2064
2061
2059
2056
2052
2045
2037
2027
2017
2008
2000
1994
1991
1992
1997
2004
2012
2016
2016
2010
1999
1990
1983
1981
1981
1976
1967
1954
1939
1943
1958
1993
2039
2072
2098
2100
2087
2070
2051
2039
2031
2023
2016
2010
2005
2007
2014
2026
2042
2054
2062
2063
2059
2058
2058
2060
2063
2059
2050
2041
2033
2037
2048
2060
2072
2069
2056
2041
2023
2012
2005
2000
1996
1991
1984
1979
1974
1972
1971
1973
1976
1980
1985
1991
1998
2009
2023
2038
2053
2067
2080
2097
2116
2136
2156
2170
2180
2190
2200
2216
2234
2248
2258
2266
2272
2284
2300
2314
2325
2328
2325
2324
2325
2326
2328
2319
2304
2284
2259
2235
2212
2191
2171
2153
2135
2112
2086
2055
2021
2000
1987
1990
2002
2002
1994
1973
1942
1915
1892
1872
1854
1832
1809
1795
1785
1785
1790
1794
1797
1803
1810
1822
1837
1850
1863
1873
1882
1891
1899
1907
1915
1928
1944
1964
1986
2001
2012
2016
2014
2014
2014
2014
2015
2012
2007
2003
1999
1998
1998
1999
2001
2002
2003
2004
2004
2006
2009
2013
2019
2026
2033
2039
2044
2051
2059
2066
2074
2077
2077
2075
2072
2074
2080
2089
2099
2105
2109
2110
2108
2104
2099
2094
2089
2086
2086
2084
2081
2075
2066
2059
2052
2053
2058
2063
2070
2071
2068
2063
2056
2054
2054
2057
2062
2062
2060
2060
2060
2067
2079
2087
2094
2093
2088
2089
2092
2098
2106
2102
2092
2080
2067
2062
2064
2067
2071
2074
2076
2081
2089
2093
2094
2092
2088
2091
2098
2103
2106
2102
2093
2089
2089
2094
2102
2103
2099
2092
2082
2076
2073
2067
2059
2048
2035
2025
2017
2008
1999
1991
1984
1985
1990
1998
2008
2016
2021
2026
2029
2033
2038
2043
2050
2058
2066
2073
2079
2080
2078
2075
2070
2067
2065
2064
2062
2061
2061
2061
2063
2064
2064
2061
2056
2053
2050
2050
2050
2047
2041
2031
2019
2014
2012
2018
2029
2039
2048
2053
2056
2056
2056
2054
2052
2050
2048
2046
2043
2040
2038
2044
2054
2066
2081
2087
2088
2085
2078
2074
2071
2063
2052
2033
2009
1988
1970
1957
1947
1940
1935
1934
1934
1936
1938
1938
1937
1938
1940
1942
1945
1946
1945
1948
1955
1969
1987
2004
2019
2029
2035
2039
2042
2044
2046
2047
2047
2048
2048
2048
2047
2048
2051
2057
2065
2072
2078
2081
2082
2084
2087
2091
2094
2095
2095
2095
2095
2094
2094
2090
2085
2080
2073
2070
2069
2067
2065
2061
2055
2049
2043
2037
2032
2028
2025
2024
2024
2021
2016
2009
2000
1995
1993
1996
2001
2005
2008
2007
2003
1995
1985
1975
1965
1958
1953
1947
1940
1937
1935
1952
1980
2019
2065
2091
2106
2099
2079
2059
2041
2029
2021
2014
2007
2006
2009
2021
2039
2055
2069
2075
2075
2074
2071
2069
2067
2065
2062
2059
2057
2060
2065
2072
2079
2081
2080
2072
2060
2046
2031
2019
2009
2002
1996
1987
1977
1967
1957
1952
1950
1950
1950
1951
1952
1959
1970
1988
2009
2029
2048
2066
2084
2101
2119
2135
2149
2161
2172
2186
2201
2217
2235
2250
2263
2275
2285
2294
2304
2315
2328
2337
2345
2347
2344
2336
2323
2305
2285
2263
2242
2224
2209
2190
2170
2145
2116
2098
2088
2089
2099
2096
2086
2057
2017
1978
1939
1907
1880
1856
1835
1816
1800
1787
1777
1772
1769
1774
1782
1791
1801
1808
1815
1825
1838
1853
1869
1884
1898
1915
1934
1954
1975
1989
1998
2001
2001
2000
1998
1997
1997
1997
1997
1996
1994
1992
1989
1989
1992
1996
2003
2006
2006
2006
2005
2008
2013
2019
2027
2034
2042
2049
2056
2059
2059
2057
2054
2057
2062
2067
2072
2071
2066
2060
2053
2052
2055
2056
2057
2054
2047
2043
2040
2042
2046
2050
2055
2058
2061
2063
2064
2065
2065
2066
2069
2070
2070
2068
2065
2070
2079
2094
2114
2126
2134
2136
2133
2134
2137
2139
2139
2131
2118
2105
2093
2087
2085
2083
2081
2080
2079
2080
2082
2082
2082
2082
2082
2088
2096
2104
2112
2115
2114
2110
2105
2102
2101
2101
2103
2103
2102
2099
2094
2088
2081
2072
2062
2050
2039
2032
2028
2028
2030
2031
2031
2031
2032
2038
2046
2055
2064
2069
2071
2071
2069
2069
2071
2073
2075
2076
2076
2075
2072
2069
2065
2063
2062
2064
2067
2071
2074
2075
2074
2071
2067
2062
2057
2052
2047
2045
2043
2042
2040
2036
2031
2027
2023
2022
2024
2026
2028
2026
2022
2014
2003
1991
1978
1969
1962
1957
1954
1946
1936
1926
1917
1916
1921
1925
1930
1929
1924
1924
1927
1932
1940
1941
1938
1939
1941
1952
1970
1987
2005
2020
2035
2052
2070
2086
2099
2112
2123
2137
2152
2157
2156
2146
2130
2122
2119
2121
2125
2119
2108
2094
2079
2068
2059
2047
2032
2018
2004
1995
1990
1988
1986
1987
1990
1996
2004
2009
2012
2015
2017
2021
2026
2029
2031
2033
2036
2043
2051
2057
2062
2062
2059
2057
2055
2055
2055
2055
2054
2053
2053
2052
2050
2047
2043
2038
2033
2028
2023
2021
2019
2019
2019
2015
2009
2002
1994
1990
1987
1982
1977
1969
1959
1952
1945
1946
1953
1974
2004
2041
2082
2106
2117
2106
2080
2057
2037
2028
2027
2023
2017
2011
2004
2010
2024
2037
2050
2052
2046
2041
2038
2040
2045
2044
2041
2039
2037
2046
2061
2077
2092
2099
2102
2104
2105
2108
2113
2118
2125
2133
2141
2147
2150
2153
2156
2168
2184
2205
2229
2251
2271
2292
2312
2333
2353
2369
2383
2393
2401
2399
2391
2374
2351
2328
2305
2281
2257
2227
2193
2159
2126
2091
2056
2013
1964
1918
1873
1839
1813
1788
1763
1742
1722
1712
1707
1703
1700
1701
1705
1726
1758
1791
1824
1841
1848
1854
1859
1870
1884
1891
1893
1893
1892
1898
1909
1918
1926
1930
1930
1932
1935
1940
1945
1951
1958
1966
1974
1982
1990
2000
2010
2023
2039
2053
2066
2073
2078
2080
2082
2081
2079
2072
2062
2055
2048
2047
2050
2054
2059
2061
2061
2060
2059
2060
2063
2066
2069
2074
2079
2088
2098
2105
2112
2115
2117
2119
2122
2124
2127
2126
2124
2123
2123
2124
2126
2127
2127
2127
2126
2122
2117
2108
2098
2090
2084
2082
2083
2082
2080
2076
2069
2062
2054
2049
2045
2044
2045
2045
2043
2041
2038
2043
2054
2067
2082
2088
2088
2090
2093
2101
2114
2117
2113
2103
2088
2085
2088
2093
2100
2100
2095
2095
2098
2103
2108
2107
2102
2102
2104
2108
2114
2110
2099
2087
2074
2068
2066
2060
2052
2038
2022
2006
1991
1975
1957
1940
1922
1904
1888
1870
1850
1839
1832
1841
1859
1879
1900
1917
1931
1947
1965
1980
1993
2004
2012
2027
2046
2066
2086
2098
2103
2105
2105
2106
2108
2106
2101
2096
2091
2089
2087
2083
2078
2074
2071
2068
2065
2059
2050
2042
2035
2034
2036
2035
2033
2031
2028
2031
2036
2038
2037
2029
2017
2006
1996
1988
1982
1987
2000
2033
2077
2116
2152
2159
2149
2130
2105
2089
2079
2071
2064
2056
2047
2045
2048
2055
2063
2068
2071
2073
2073
2072
2070
2067
2063
2056
2048
2038
2028
2025
2025
2031
2039
2041
2038
2029
2016
2007
2001
1997
1995
1988
1978
1967
1955
1946
1938
1932
1928
1926
1925
1925
1925
1926
1929
1938
1949
1961
1974
1983
1988
1991
1993
1994
1994
1996
1998
2004
2014
2021
2026
2024
2018
2019
2024
2036
2053
2063
2069
2074
2078
2089
2104
2117
2127
2135
2141
2157
2178
2204
2232
2266
2304
2357
2419
2479
2537
2566
2577
2572
2557
2547
2539
2528
2515
2496
2473
2450
2429
2405
2379
2340
2293
2237
2175
2115
2056
2002
1951
1899
1845
1793
1742
1704
1676
1663
1658
1654
1650
1641
1630
1623
1619
1624
1635
1652
1672
1693
1715
1736
1757
1776
1793
1809
1824
1840
1857
1877
1898
1918
1938
1952
1963
1972
1979
1985
1990
1995
2000
2005
2010
2012
2012
2012
2011
2015
2022
2031
2042
2048
2051
2051
2050
2051
2054
2056
2057
2056
2053
2047
2040
2032
2024
2023
2028
2039
2055
2068
2078
2085
2090
2097
2105
2108
2106
2100
2091
2086
2084
2084
2084
2083
2080
2081
2084
2089
2094
2099
2102
2107
2113
2117
2120
2118
2114
2116
2121
2130
2142
2148
2151
2148
2143
2139
2136
2131
2126
2119
2111
2103
2094
2082
2069
2058
2050
2049
2054
2059
2064
2066
2068
2072
2078
2084
2089
2091
2091
2094
2100
2108
2117
2119
2117
2113
2107
2106
2109
2111
2114
2112
2107
2104
2101
2099
2096
2090
2082
2075
2068
2064
2061
2052
2040
2028
2016
2013
2016
2023
2031
2035
2036
2034
2030
2026
2021
2017
2014
2013
2014
2015
2016
2018
2021
2027
2035
2042
2048
2052
2055
2060
2067
2068
2066
2054
2035
2017
1999
1988
1981
1973
1964
1954
1944
1939
1936
1935
1936
1940
1946
1951
1956
1954
1948
1946
1947
1958
1976
1990
2003
2011
2017
2027
2040
2050
2059
2060
2055
2051
2047
2047
2050
2055
2060
2066
2073
2080
2087
2092
2095
2098
2100
2101
2101
2101
2100
2101
2103
2104
2105
2102
2097
2093
2088
2085
2082
2075
2065
2056
2048
2045
2047
2049
2052
2050
2045
2040
2035
2030
2025
2020
2014
2010
2007
2007
2010
2011
2013
2013
2011
2008
2004
1998
1990
1981
1972
1963
1955
1948
1941
1945
1955
1982
2018
2051
2082
2090
2085
2070
2050
2036
2027
2021
2016
2009
1999
1995
1994
2001
2013
2022
2029
2029
2025
2023
2021
2022
2025
2024
2020
2016
2011
2016
2026
2037
2049
2051
2047
2038
2027
2019
2014
2011
2009
2009
2010
2012
2015
2017
2017
2016
2013
2012
2010
2010
2010
2014
2019
2024
2029
2033
2036
2037
2037
2033
2028
2022
2014
2012
2014
2019
2026
2029
2031
2034
2039
2049
2062
2077
2092
2111
2134
2161
2192
2218
2240
2258
2273
2294
2319
2342
2365
2379
2389
2401
2414
2434
2458
2481
2502
2518
2531
2530
2519
2489
2446
2398
2345
2295
2247
2196
2142
2083
2022
1967
1916
1871
1831
1796
1764
1734
1706
1679
1653
1634
1619
1617
1623
1632
1643
1653
1663
1678
1698
1722
1750
1773
1794
1811
1826
1837
1845
1849
1851
1853
1856
1862
1872
1881
1890
1896
1900
1905
1910
1918
1928
1940
1954
1970
1988
2004
2017
2026
2031
2035
2039
2046
2056
2066
2077
2086
2093
2099
2106
2112
2118
2119
2116
2113
2108
2110
2116
2123
2130
2131
2129
2129
2129
2129
2130
2125
2116
2109
2102
2103
2108
2110
2112
2113
2113
2118
2126
2130
2133
2133
2133
2138
2147
2151
2153
2144
2129
2116
2106
2101
2099
2096
2091
2088
2086
2088
2093
2095
2097
2097
2097
2096
2096
2095
2095
2098
2105
2113
2122
2124
2121
2117
2111
2108
2108
2104
2099
2091
2080
2070
2060
2048
2035
2024
2014
2016
2024
2034
2045
2050
2050
2050
2052
2056
2061
2061
2058
2054
2049
2053
2061
2068
2073
2071
2063
2058
2053
2053
2056
2058
2058
2059
2059
2060
2062
2062
2061
2060
2060
2060
2061
2055
2045
2033
2020
2017
2019
2021
2024
2021
2014
2009
2004
2000
1996
1987
1976
1967
1959
1956
1955
1951
1946
1944
1943
1943
1944
1941
1935
1930
1927
1927
1929
1922
1910
1897
1882
1880
1885
1898
1916
1930
1943
1956
1971
1991
2014
2043
2075
2104
2131
2146
2153
2156
2156
2164
2175
2184
2192
2191
2183
2171
2156
2142
2127
2111
2095
2081
2068
2062
2059
2060
2063
2068
2074
2077
2078
2076
2073
2071
2071
2070
2069
2066
2063
2063
2066
2070
2076
2075
2070
2062
2052
2048
2046
2045
2045
2042
2037
2035
2035
2035
2035
2030
2022
2013
2005
2002
2003
2005
2008
2006
2003
1998
1993
1989
1984
1979
1974
1969
1964
1961
1958
1960
1967
1987
2017
2051
2087
2103
2106
2091
2064
2041
2021
2010
2005
1997
1987
1979
1971
1973
1981
1989
1997
1996
1991
1986
1980
1976
1974
1970
1965
1964
1964
1973
1988
2004
2020
2026
2024
2017
2007
1999
1993
1988
1984
1978
1971
1966
1962
1965
1973
1982
1993
2001
2006
2013
2021
2038
2061
2087
2116
2140
2161
2181
2200
2221
2242
2259
2274
2287
2299
2316
2336
2354
2371
2384
2395
2414
2439
2466
2495
2510
2516
2511
2499
2482
2462
2433
2397
2357
2314
2278
2245
2215
2187
2161
2135
2109
2083
2044
1996
1935
1866
1800
1737
1686
1642
1605
1574
1552
1536
1527
1524
1523
1525
1530
1538
1550
1563
1581
1601
1628
1660
1693
1727
1755
1780
1806
1832
1864
1900
1932
1960
1980
1996
2010
2021
2028
2033
2033
2030
2030
2033
2040
2050
2060
2071
2083
2096
2108
2121
2134
2145
2155
2164
2170
2175
2179
2184
2190
2197
2199
2198
2191
2181
2174
2169
2168
2168
2165
2159
2153
2146
2142
2139
2136
2132
2127
2122
2117
2113
2108
2102
2095
2088
2081
2074
2068
2063
2066
2074
2087
2102
2111
2114
2114
2112
2112
2114
2108
2098
2085
2070
2062
2059
2058
2058
2056
2053
2056
2064
2069
2072
2067
2057
2055
2058
2069
2084
2090
2090
2089
2086
2089
2097
2100
2100
2095
2087
2084
2082
2077
2069
2056
2039
2026
2016
2010
2007
2006
2006
2011
2019
2028
2038
2043
2045
2047
2050
2055
2062
2066
2068
2069
2069
2069
2069
2068
2066
2065
2065
2064
2062
2059
2054
2049
2044
2040
2035
2031
2026
2022
2019
2013
2005
1996
1985
1975
1966
1958
1950
1940
1930
1920
1910
1901
1892
1884
1876
1870
1865
1863
1863
1867
1875
1893
1917
1941
1964
1978
1985
1993
2002
2016
2034
2043
2047
2047
2045
2057
2077
2104
2136
2158
2173
2178
2175
2173
2170
2170
2173
2172
2169
2158
2142
2129
2119
2122
2133
2144
2154
2154
2149
2142
2134
2125
2117
2103
2085
2070
2057
2052
2053
2054
2054
2054
2053
2055
2060
2063
2066
2065
2063
2063
2063
2064
2066
2066
2064
2063
2062
2061
2059
2056
2053
2049
2045
2041
2036
2031
2026
2022
2020
2019
2018
2011
2001
1991
1980
1975
1974
1975
1977
1976
1973
1971
1968
1963
1955
1942
1926
1915
1907
1905
1905
1902
1897
1899
1907
1936
1979
2017
2052
2058
2045
2023
1995
1982
1979
1979
1982
1980
1976
1979
1987
2001
2017
2026
2029
2032
2034
2041
2051
2056
2057
2051
2041
2039
2043
2055
2073
2083
2088
2084
2074
2064
2054
2047
2042
2036
2030
2022
2012
2005
2000
1999
2002
2007
2014
2021
2029
2042
2059
2080
2103
2126
2147
2171
2196
2223
2251
2275
2295
2313
2330
2351
2376
2401
2427
2449
2469
2487
2503
2514
2522
2526
2528
2527
2524
2512
2493
2465
2431
2394
2356
2311
2262
2202
2136
2072
2009
1956
1908
1867
1829
1796
1766
1738
1711
1679
1645
1609
1572
1542
1517
1504
1498
1503
1516
1538
1566
1595
1626
1653
1679
1705
1731
1758
1788
1817
1847
1874
1900
1928
1956
1985
2016
2040
2061
2075
2083
2089
2093
2095
2095
2091
2085
2080
2077
2076
2078
2078
2078
2077
2077
2078
2081
2084
2087
2089
2090
2092
2095
2098
2103
2105
2105
2101
2096
2093
2090
2090
2090
2087
2083
2080
2078
2079
2081
2079
2074
2069
2063
2062
2065
2069
2072
2073
2073
2074
2077
2075
2072
2064
2054
2050
2051
2057
2065
2070
2073
2079
2088
2100
2115
2122
2124
2126
2129
2137
2148
2151
2148
2141
2130
2125
2123
2119
2114
2108
2100
2099
2103
2106
2109
2105
2097
2096
2099
2105
2113
2113
2109
2107
2107
2110
2115
2114
2109
2102
2094
2089
2086
2082
2077
2068
2058
2046
2035
2024
2014
2010
2010
2015
2025
2030
2033
2035
2037
2042
2050
2055
2060
2062
2062
2063
2065
2066
2066
2064
2061
2060
2062
2064
2066
2064
2059
2055
2050
2049
2051
2055
2061
2065
2068
2066
2061
2056
2051
2048
2047
2042
2035
2025
2012
2004
2001
2005
2013
2020
2027
2027
2022
2013
2002
1992
1983
1975
1967
1959
1951
1948
1949
1955
1964
1967
1967
1964
1959
1958
1959
1955
1948
1935
1918
1908
1901
1901
1905
1909
1914
1923
1936
1952
1972
1992
2012
2036
2061
2084
2106
2118
2123
2127
2130
2138
2149
2153
2153
2144
2131
2121
2113
2106
2101
2090
2075
2058
2042
2034
2031
2037
2047
2057
2065
2069
2069
2070
2072
2077
2084
2090
2095
2099
2102
2106
2110
2109
2106
2101
2094
2092
2092
2091
2088
2080
2069
2060
2053
2048
2045
2040
2033
2027
2022
2015
2007
1997
1986
1980
1977
1977
1979
1975
1967
1960
1955
1955
1957
1952
1943
1933
1922
1917
1917
1918
1920
1932
1952
1989
2037
2074
2105
2106
2088
2068
2045
2035
2032
2030
2027
2024
2021
2025
2035
2042
2047
2047
2044
2044
2046
2047
2049
2043
2033
2020
2005
1996
1991
1993
1998
2003
2007
2004
1996
1985
1972
1963
1958
1955
1952
1946
1938
1932
1929
1933
1941
1952
1963
1976
1990
2008
2028
2051
2075
2098
2121
2142
2162
2181
2199
2217
2235
2253
2270
2285
2300
2316
2334
2352
2371
2390
2409
2432
2457
2482
2508
2524
2534
2533
2525
2510
2490
2463
2431
2397
2363
2331
2300
2264
2226
2186
2146
2115
2089
2057
2020
1964
1895
1829
1765
1719
1685
1657
1632
1605
1576
1554
1536
1532
1536
1548
1565
1584
1604
1626
1649
1678
1711
1740
1768
1789
1806
1828
1854
1888
1927
1960
1988
2005
2016
2025
2032
2034
2034
2028
2018
2012
2009
2013
2022
2030
2037
2038
2035
2032
2029
2029
2032
2039
2049
2057
2065
2071
2076
2081
2086
2091
2096
2097
2095
2094
2092
2094
2098
2101
2104
2103
2099
2096
2093
2094
2097
2100
2102
2100
2095
2089
2082
2078
2075
2074
2074
2073
2071
2070
2068
2068
2070
2070
2068
2067
2065
2066
2069
2070
2068
2064
2059
2063
2075
2091
2110
2119
2122
2123
2123
2129
2139
2144
2146
2141
2133
2128
2125
2122
2120
2116
2111
2110
2112
2115
2119
2120
2119
2120
2123
2125
2125
2121
2114
2112
2112
2115
2121
2120
2115
2107
2097
2091
2087
2082
2077
2069
2059
2047
2034
2022
2012
2006
2004
2007
2012
2018
2023
2026
2029
2034
2039
2044
2050
2056
2061
2066
2071
2072
2071
2069
2067
2067
2067
2067
2065
2061
2056
2050
2045
2042
2040
2039
2037
2035
2033
2029
2024
2018
2011
2003
1995
1988
1983
1979
1976
1971
1964
1954
1941
1930
1921
1915
1910
1904
1897
1891
1886
1882
1877
1871
1863
1856
1851
1850
1852
1854
1856
1863
1873
1895
1923
1953
1986
2017
2047
2078
2109
2130
2145
2145
2136
2130
2127
2131
2139
2145
2148
2148
2145
2143
2142
2142
2144
2145
2145
2140
2131
2117
2100
2094
2094
2104
2119
2126
2126
2116
2101
2089
2081
2072
2064
2051
2036
2025
2017
2016
2018
2019
2021
2022
2023
2024
2024
2024
2024
2025
2028
2031
2036
2038
2038
2036
2033
2033
2033
2032
2030
2026
2019
2013
2007
2005
2005
2006
2008
2009
2009
2009
2009
2007
2004
1995
1983
1974
1966
1965
1970
1972
1972
1969
1963
1961
1961
1957
1952
1940
1924
1912
1902
1899
1901
1906
1913
1935
1968
2010
2059
2085
2097
2082
2051
2026
2006
2001
2004
2004
2001
1998
1995
2002
2015
2026
2034
2035
2031
2033
2038
2049
2063
2071
2076
2083
2091
2113
2143
2174
2206
2227
2240
2250
2258
2269
2284
2300
2316
2330
2343
2358
2373
2393
2415
2438
2463
2486
2509
2529
2547
2560
2569
2569
2563
2551
2535
2515
2493
2461
2423
2369
2305
2232
2154
2077
2001
1929
1858
1788
1717
1651
1587
1537
1496
1466
1444
1425
1408
1398
1393
1399
1413
1430
1450
1469
1489
1515
1546
1583
1622
1666
1712
1765
1821
1872
1920
1953
1978
1994
2004
2011
2014
2015
2013
2017
2024
2035
2050
2058
2063
2064
2064
2069
2077
2087
2097
2105
2110
2115
2118
2120
2122
2126
2131
2141
2154
2165
2174
2174
2168
2159
2149
2144
2141
2136
2131
2122
2109
2099
2091
2089
2092
2095
2098
2098
2095
2096
2098
2103
2111
2115
2118
2120
2122
2126
2133
2136
2138
2135
2129
2125
2122
2123
2126
2126
2124
2121
2116
2113
2110
2108
2105
2101
2097
2095
2094
2093
2093
2087
2079
2069
2057
2051
2048
2051
2058
2062
2065
2065
2062
2061
2060
2058
2056
2052
2047
2046
2046
2053
2065
2075
2084
2087
2087
2088
2091
2097
2105
2105
2101
2090
2075
2063
2055
2051
2051
2050
2050
2051
2054
2058
2063
2065
2066
2068
2070
2072
2075
2074
2072
2072
2074
2078
2084
2086
2084
2079
2071
2066
2063
2058
2053
2042
2028
2014
2001
1991
1984
1979
1976
1976
1979
1986
1994
2000
2005
2007
2007
2005
2002
1999
1996
1996
1997
1998
2000
1994
1984
1967
1947
1933
1923
1922
1926
1931
1938
1942
1944
1946
1948
1951
1955
1958
1961
1960
1957
1959
1962
1973
1988
2004
2021
2036
2049
2065
2083
2098
2110
2111
2106
2097
2084
2072
2061
2050
2040
2033
2028
2022
2014
2007
2001
2016
2044
2087
2141
2175
2196
2192
2172
2155
2140
2133
2130
2126
2119
2117
2117
2121
2128
2129
2126
2121
2116
2114
2113
2108
2101
2091
2078
2068
2058
2053
2051
2054
2060
2064
2067
2062
2052
2043
2033
2027
2023
2015
2005
1994
1981
1973
1967
1962
1958
1955
1952
1953
1956
1961
1966
1973
1980
1988
1996
2001
2004
2004
2002
2002
2003
2004
2004
2001
1996
1993
1990
1989
1989
1988
1988
1987
1985
1981
1976
1973
1970
1969
1971
1971
1969
1966
1961
1958
1955
1948
1940
1930
1918
1913
1913
1915
1918
1928
1942
1975
2021
2066
2110
2121
2111
2087
2054
2039
2036
2041
2053
2060
2063
2071
2082
2097
2115
2128
2136
2142
2147
2155
2165
2176
2188
2200
2213
2234
2260
2293
2331
2369
2407
2438
2464
2484
2500
2515
2529
2541
2552
2555
2553
2543
2527
2504
2478
2446
2411
2375
2338
2300
2262
2218
2169
2111
2047
1978
1907
1841
1777
1720
1667
1619
1573
1530
1490
1458
1430
1413
1403
1401
1404
1411
1423
1443
1469
1500
1534
1566
1597
1632
1668
1711
1757
1800
1841
1871
1896
1916
1934
1955
1976
2002
2031
2063
2096
2120
2140
2151
2157
2165
2174
2182
2190
2189
2183
2176
2168
2166
2168
2170
2173
2174
2176
2177
2179
2178
2176
2175
2173
2176
2181
2184
2186
2182
2175
2172
2170
2173
2178
2178
2175
2165
2150
2137
2125
2115
2106
2095
2082
2072
2062
2059
2059
2062
2065
2066
2064
2063
2062
2064
2068
2073
2078
2083
2088
2091
2092
2090
2085
2083
2083
2086
2091
2095
2098
2099
2099
2101
2103
2102
2099
2096
2093
2092
2092
2089
2085
2078
2068
2063
2061
2062
2064
2063
2060
2056
2052
2048
2044
2039
2034
2029
2024
2019
2013
2007
2001
2002
2008
2015
2022
2019
2010
2000
1990
1985
1985
1978
1966
1944
1916
1890
1864
1841
1821
1808
1798
1802
1815
1836
1862
1887
1911
1930
1945
1950
1948
1940
1928
1927
1932
1948
1972
1998
2024
2052
2082
2110
2137
2152
2160
2158
2150
2141
2131
2120
2110
2105
2103
2108
2116
2123
2128
2129
2128
2132
2140
2151
2165
2174
2179
2179
2176
2173
2171
2168
2164
2155
2142
2127
2112
2103
2096
2090
2085
2079
2072
2066
2061
2055
2047
2036
2023
2015
2010
2007
2006
2001
1994
1988
1983
1982
1983
1981
1978
1973
1967
1964
1964
1971
1983
2009
2045
2085
2128
2148
2151
2131
2095
2068
2047
2039
2041
2036
2027
2016
2003
2001
2006
2011
2017
2014
2004
1992
1979
1967
1955
1942
1929
1920
1915
1920
1931
1943
1956
1963
1966
1966
1963
1962
1960
1960
1960
1959
1958
1955
1950
1946
1943
1945
1950
1958
1968
1975
1980
1986
1994
2006
2021
2035
2048
2057
2065
2074
2085
2097
2110
2120
2130
2142
2155
2170
2185
2200
2214
2235
2260
2292
2329
2358
2382
2398
2408
2422
2440
2458
2476
2486
2489
2494
2500
2514
2533
2551
2567
2583
2598
2610
2622
2612
2588
2535
2463
2376
2279
2175
2067
1957
1847
1749
1660
1586
1523
1468
1419
1374
1332
1294
1259
1231
1207
1198
1199
1215
1240
1273
1311
1360
1414
1477
1546
1614
1683
1748
1810
1866
1919
1960
1995
2022
2043
2064
2084
2102
2117
2129
2139
2150
2163
2178
2194
2209
2222
2235
2247
2259
2271
2279
2285
2285
2282
2274
2264
2256
2248
2243
2239
2232
2224
2210
2194
2181
2169
2162
2158
2152
2144
2136
2126
2118
2110
2098
2084
2069
2054
2045
2041
2041
2043
2047
2052
2065
2082
2096
2109
2113
2111
2111
2112
2116
2121
2119
2111
2099
2086
2077
2072
2069
2067
2065
2062
2062
2062
2063
2064
2066
2068
2069
2069
2065
2057
2050
2043
2042
2045
2046
2046
2041
2033
2021
2007
1986
1961
1934
1904
1879
1856
1837
1819
1806
1796
1799
1810
1828
1849
1866
1880
1885
1883
1872
1856
1841
1826
1827
1837
1861
1893
1929
1967
2009
2052
2092
2130
2157
2177
2186
2188
2183
2174
2166
2159
2157
2159
2157
2152
2141
2126
2119
2116
2122
2134
2141
2144
2141
2133
2126
2118
2111
2105
2099
2093
2084
2072
2066
2063
2085
2122
2168
2220
2244
2250
2233
2200
2177
2159
2151
2149
2142
2132
2121
2110
2105
2105
2107
2110
2108
2103
2091
2075
2059
2043
2030
2020
2007
1991
1974
1956
1949
1950
1955
1962
1958
1948
1938
1926
1921
1920
1916
1911
1902
1892
1888
1890
1897
1908
1919
1929
1938
1946
1953
1958
1967
1977
1992
2009
2021
2029
2029
2024
2020
2015
2010
2005
1996
1986
1982
1982
1985
1990
1984
1971
1954
1934
1923
1916
1907
1897
1882
1862
1851
1845
1848
1858
1874
1894
1929
1974
2022
2071
2095
2103
2095
2076
2071
2075
2089
2109
2123
2133
2146
2161
2183
2210
2231
2249
2258
2262
2273
2289
2316
2350
2385
2420
2454
2489
2535
2588
2650
2719
2778
2829
2857
2870
2858
2832
2788
2734
2673
2609
2545
2481
2411
2337
2246
2144
2032
1913
1806
1706
1636
1584
1554
1539
1526
1516
1506
1496
1494
1497
1500
1503
1501
1496
1498
1505
1519
1538
1552
1562
1572
1581
1596
1615
1632
1648
1667
1687
1720
1762
1801
1837
1854
1859
1857
1851
1849
1851
1850
1848
1845
1841
1837
1833
1827
1820
1820
1824
1836
1853
1865
1873
1878
1880
1887
1898
1915
1935
1972
2021
2102
2204
2322
2450
2570
2685
2785
2877
2942
2991
3004
2994
2952
2891
2807
2707
2605
2501
2428
2374
2336
2308
2263
2207
2163
2125
2119
2133
2131
2119
2062
1976
1871
1754
1647
1547
1475
1422
1401
1401
1415
1440
1498
1577
1704
1860
1988
2098
2120
2084
2015
1925
1854
1795
1741
1688
1648
1616
1625
1661
1733
1829
1965
2128
2330
2557
2772
2978
3127
3240
3302
3330
3302
3238
3118
2963
2795
2619
2460
2312
2171
2033
1900
1770
1660
1563
1483
1414
1362
1323
1313
1321
1351
1394
1442
1493
1545
1599
1654
1710
1764
1816
1874
1935
2007
2086
2155
2219
2256
2276
2280
2274
2273
2276
2285
2298
2308
2316
2324
2334
2356
2387
2427
2472
2507
2537
2550
2553
2549
2540
2529
2517
2499
2476
2443
2404
2358
2307
2255
2201
2153
2107
2072
2043
2017
1994
1964
1929
1897
1866
1852
1849
1857
1873
1885
1893
1897
1899
1900
1902
1903
1905
1908
1913
1917
1920
1917
1910
1903
1895
1891
1890
1889
1889
1889
1889
1896
1907
1919
1932
1940
1946
1952
1958
1964
1971
1973
1973
1969
1962
1959
1959
1969
1986
2008
2034
2054
2072
2086
2099
2114
2132
2145
2157
2157
2149
2136
2121
2113
2108
2106
2106
2098
2086
2070
2052
2038
2026
2015
2005
1994
1981
1972
1965
1962
1962
1962
1962
1963
1966
1973
1983
1990
1995
1993
1988
1979
1967
1957
1949
1948
1951
1958
1968
1977
1985
1998
2013
2037
2065
2092
2119
2144
2169
2196
2226
2255
2283
2304
2319
2326
2328
2325
2318
2312
2306
2299
2292
2279
2261
2242
2222
2207
2194
2179
2162
2138
2110
2087
2067
2054
2046
2037
2025
2011
1996
1990
1989
1993
2001
2001
1995
1984
1969
1962
1959
1964
1974
1992
2013
2042
2077
2106
2131
2141
2143
2140
2135
2126
2116
2098
2075
2058
2045
2046
2054
2057
2055
2044
2028
2014
2001
1992
1984
1977
1972
1974
1981
1984
1986
1975
1957
1932
1904
1876
1846
1817
1788
1765
1745
1731
1721
1714
1708
1702
1697
1694
1691
1694
1701
1717
1740
1756
1769
1771
1764
1770
1783
1820
1871
1925
1979
2026
2067
2110
2153
2192
2228
2248
2258
2257
2250
2247
2247
2250
2257
2262
2267
2269
2269
2265
2260
2251
2241
2230
2220
2210
2201
2190
2178
2166
2153
2142
2130
2119
2109
2099
2091
2082
2074
2063
2050
2035
2020
2006
1993
1978
1962
1945
1928
1911
1894
1876
1858
1844
1834
1832
1835
1842
1852
1873
1902
1949
2008
2060
2108
2128
2131
2128
2123
2133
2151
2170
2188
2203
2216
2235
2258
2282
2305
2321
2331
2342
2352
2364
2377
2382
2383
2378
2368
2361
2354
2348
2342
2327
2307
2277
2241
2205
2169
2139
2112
2083
2053
2020
1984
1947
1911
1875
1840
1809
1781
1763
1751
1748
1751
1760
1772
1788
1808
1825
1840
1843
1838
1827
1811
1800
1792
1787
1785
1781
1776
1777
1783
1803
1833
1863
1894
1912
1923
1930
1935
1944
1957
1972
1987
1999
2009
2015
2019
2021
2021
2024
2029
2034
2041
2042
2039
2038
2037
2044
2056
2065
2072
2072
2067
2069
2074
2080
2087
2084
2075
2065
2054
2047
2044
2034
2021
2005
1989
1982
1982
1985
1990
1991
1989
1989
1989
1992
1995
1997
1997
1998
1998
1998
1998
1993
1985
1977
1969
1967
1969
1971
1973
1972
1969
1968
1968
1971
1977
1983
1990
1995
1999
2004
2009
2014
2018
2016
2011
2003
1993
1987
1984
1983
1985
1987
1989
1993
2000
2009
2021
2031
2040
2045
2047
2048
2049
2054
2061
2072
2086
2101
2117
2130
2141
2147
2150
2147
2140
2131
2119
2107
2094
2084
2075
2071
2071
2074
2081
2088
2096
2102
2107
2113
2118
2119
2117
2113
2107
2105
2105
2107
2112
2114
2114
2113
2112
2113
2116
2117
2117
2117
2115
2115
2117
2117
2115
2113
2110
2110
2111
2110
2107
2100
2090
2083
2078
2074
2071
2066
2058
2050
2042
2037
2032
2028
2024
2023
2024
2026
2029
2028
2024
2019
2014
2012
2011
2007
2002
1999
1999
2006
2018
2028
2038
2044
2048
2057
2069
2079
2088
2086
2076
2060
2039
2017
1994
1976
1961
1955
1953
1950
1947
1940
1931
1931
1936
1942
1950
1947
1937
1926
1915
1914
1919
1923
1926
1924
1917
1912
1907
1900
1891
1879
1866
1855
1847
1842
1839
1840
1843
1851
1864
1882
1902
1921
1941
1960
1978
1996
2014
2031
2049
2068
2088
2107
2126
2142
2155
2164
2171
2172
2169
2163
2155
2150
2145
2144
2144
2143
2143
2139
2132
2125
2117
2111
2108
2104
2101
2094
2084
2074
2064
2055
2046
2033
2018
2005
1993
1990
1993
1995
1997
1988
1973
1957
1942
1933
1928
1921
1913
1900
1885
1883
1888
1913
1951
1986
2021
2033
2030
2019
2003
1997
1997
2000
2005
2007
2007
2011
2019
2029
2042
2049
2054
2059
2064
2071
2081
2087
2090
2092
2094
2101
2112
2125
2138
2148
2156
2165
2174
2182
2190
2193
2195
2195
2193
2190
2185
2179
2171
2166
2162
2163
2167
2175
2185
2195
2207
2217
2225
2233
2241
2250
2259
2263
2265
2255
2239
2215
2187
2160
2132
2108
2085
2066
2051
2037
2024
2005
1982
1959
1935
1917
1904
1891
1878
1861
1840
1823
1810
1811
1823
1848
1881
1914
1947
1968
1980
1981
1975
1969
1962
1958
1955
1949
1941
1936
1932
1936
1946
1960
1977
1991
2003
2010
2013
2017
2022
2030
2041
2051
2059
2066
2071
2079
2089
2098
2106
2106
2101
2094
2085
2078
2073
2064
2054
2042
2029
2021
2016
2012
2010
2007
2004
2001
1998
1996
1993
1993
1995
2002
2012
2020
2026
2025
2019
2014
2009
2008
2009
2010
2010
2011
2013
2014
2014
2009
2001
1994
1988
1985
1983
1978
1971
1967
1964
1969
1980
1991
2001
2008
2015
2026
2041
2054
2066
2071
2072
2073
2074
2076
2079
2079
2079
2081
2084
2090
2098
2101
2103
2104
2104
2107
2111
2115
2119
2126
2135
2149
2166
2179
2189
2193
2193
2189
2182
2172
2159
2144
2128
2114
2101
2092
2085
2083
2083
2088
2095
2101
2107
2110
2110
2109
2109
2108
2108
2107
2106
2106
2106
2108
2111
2112
2113
2113
2111
2108
2105
2102
2100
2099
2099
2098
2097
2094
2091
2087
2082
2075
2067
2057
2046
2039
2034
2034
2036
2034
2030
2022
2012
2005
1999
1993
1988
1984
1981
1983
1988
1993
1998
1999
1996
1993
1991
1994
1999
2001
2001
2001
2001
2009
2022
2036
2051
2058
2060
2063
2066
2074
2084
2085
2082
2069
2051
2034
2019
2013
2011
2016
2024
2034
2044
2051
2056
2061
2066
2072
2077
2080
2080
2080
2082
2087
2095
2101
2106
2104
2099
2092
2083
2073
2063
2050
2037
2022
2007
1993
1980
1971
1965
1966
1971
1976
1982
1987
1991
1998
2007
2018
2031
2043
2053
2059
2064
2065
2063
2059
2054
2052
2051
2052
2055
2055
2055
2053
2051
2050
2049
2049
2050
2052
2055
2057
2057
2054
2048
2040
2030
2022
2014
2008
2003
1998
1992
1986
1979
1974
1970
1967
1964
1961
1959
1955
1950
1941
1928
1916
1903
1896
1892
1888
1883
1876
1866
1864
1867
1880
1899
1916
1931
1942
1950
1961
1974
1982
1987
1986
1981
1979
1979
1990
2006
2028
2054
2080
2105
2126
2146
2164
2182
2200
2218
2228
2233
2230
2223
2222
2225
2233
2243
2245
2242
2232
2217
2200
2182
2161
2139
2116
2091
2070
2052
2039
2031
2027
2026
2026
2028
2028
2026
2027
2029
2034
2042
2048
2051
2050
2046
2045
2045
2047
2052
2053
2052
2048
2043
2038
2034
2031
2028
2025
2022
2022
2024
2027
2030
2031
2029
2026
2022
2020
2019
2016
2013
2007
1999
1992
1987
1986
1987
1989
1992
1996
1999
2001
2002
2001
1998
1995
1990
1986
1981
1979
1977
1978
1980
1984
1989
2006
2031
2071
2121
2162
2198
2204
2191
2172
2150
2148
2158
2171
2186
2191
2190
2196
2206
2221
2241
2252
2257
2258
2257
2256
2255
2245
2229
2211
2192
2183
2181
2180
2179
2170
2157
2138
2116
2087
2052
2016
1978
1949
1925
1905
1887
1868
1848
1834
1822
1814
1807
1801
1794
1796
1803
1815
1830
1839
1846
1857
1870
1893
1921
1941
1957
1964
1966
1972
1981
1991
2001
2006
2009
2014
2021
2029
2038
2042
2043
2044
2046
2051
2059
2064
2067
2067
2064
2062
2061
2062
2065
2066
2068
2071
2074
2079
2084
2088
2091
2093
2095
2097
2100
2104
2108
2106
2100
2088
2073
2065
2062
2072
2091
2109
2127
2132
2130
2126
2119
2115
2112
2105
2093
2078
2061
2052
2048
2052
2061
2070
2079
2086
2093
2098
2103
2105
2106
2107
2107
2108
2109
2110
2112
2116
2123
2129
2134
2130
2122
2109
2094
2082
2072
2063
2054
2043
2030
2020
2012
2008
2008
2008
2008
2010
2012
2017
2025
2034
2044
2052
2059
2065
2071
2077
2083
2086
2086
2082
2077
2073
2070
2068
2066
2063
2060
2056
2051
2047
2043
2040
2038
2038
2038
2039
2040
2040
2039
2037
2035
2033
2030
2030
2032
2036
2041
2041
2039
2035
2028
2027
2029
2035
2043
2047
2048
2045
2040
2037
2034
2032
2030
2030
2031
2032
2032
2030
2027
2029
2034
2045
2061
2072
2080
2082
2079
2078
2078
2075
2072
2062
2049
2037
2027
2023
2025
2031
2039
2049
2059
2067
2075
2082
2087
2091
2094
2096
2096
2095
2092
2093
2095
2098
2103
2104
2102
2096
2086
2075
2063
2054
2046
2041
2037
2030
2020
2008
1995
1989
1987
1992
2000
2007
2012
2015
2018
2024
2032
2041
2049
2056
2061
2066
2069
2070
2068
2065
2060
2056
2053
2048
2043
2039
2036
2035
2037
2038
2039
2037
2034
2033
2033
2034
2034
2031
2025
2020
2017
2018
2022
2027
2032
2036
2039
2041
2043
2040
2035
2031
2027
2029
2035
2041
2047
2048
2046
2045
2043
2043
2043
2042
2040
2040
2040
2039
2038
2037
2036
2041
2049
2059
2070
2076
2079
2081
2082
2082
2080
2070
2055
2038
2021
2013
2011
2013
2016
2021
2027
2037
2050
2059
2067
2073
2078
2083
2089
2091
2089
2085
2078
2079
2084
2088
2091
2085
2072
2058
2044
2034
2027
2017
2004
1992
1979
1973
1970
1969
1969
1969
1969
1973
1979
1988
1998
2008
2020
2032
2045
2057
2067
2075
2080
2083
2085
2082
2076
2066
2054
2044
2034
2030
2028
2030
2033
2036
2038
2039
2040
2042
2045
2048
2050
2049
2046
2044
2041
2037
2034
2032
2031
2032
2034
2032
2028
2023
2018
2018
2021
2021
2021
2014
2004
1998
1993
1990
1988
1980
1967
1955
1945
1939
1936
1932
1927
1928
1932
1943
1958
1966
1971
1972
1971
1973
1976
1972
1964
1950
1934
1930
1935
1948
1968
1987
2005
2026
2047
2068
2088
2105
2120
2133
2146
2153
2156
2154
2149
2153
2162
2172
2182
2177
2163
2145
2124
2110
2102
2093
2083
2072
2060
2052
2047
2044
2042
2042
2042
2044
2048
2051
2053
2055
2057
2061
2067
2071
2074
2074
2072
2073
2075
2074
2071
2064
2055
2050
2047
2046
2046
2040
2031
2025
2022
2024
2029
2029
2025
2017
2006
1998
1993
1987
1982
1977
1972
1973
1977
1981
1984
1983
1979
1976
1974
1971
1967
1959
1949
1941
1936
1931
1927
1923
1918
1932
1957
2001
2057
2095
2123
2122
2104
2086
2068
2062
2065
2069
2073
2076
2079
2089
2105
2126
2150
2170
2187
2201
2214
2227
2240
2248
2253
2257
2259
2268
2282
2299
2318
2329
2335
2332
2322
2309
2294
2277
2258
2236
2213
2189
2165
2142
2121
2103
2088
2071
2054
2034
2013
1995
1979
1968
1961
1953
1943
1932
1919
1907
1894
1879
1864
1851
1840
1834
1831
1827
1822
1815
1806
1801
1799
1803
1811
1821
1831
1839
1847
1856
1866
1880
1896
1913
1931
1946
1959
1971
1984
1997
2011
2021
2028
2030
2030
2029
2028
2028
2028
2034
2043
2055
2068
2076
2079
2077
2071
2066
2061
2054
2046
2036
2024
2019
2019
2024
2034
2044
2054
2065
2078
2090
2100
2105
2107
2110
2115
2123
2133
2138
2141
2141
2139
2141
2145
2147
2147
2142
2132
2124
2116
2109
2103
2094
2084
2074
2066
2062
2062
2060
2057
2052
2045
2042
2042
2046
2054
2063
2071
2078
2083
2088
2092
2095
2098
2098
2098
2094
2089
2083
2076
2071
2067
2066
2068
2069
2070
2069
2066
2065
2064
2063
2061
2057
2052
2048
2045
2044
2044
2041
2036
2029
2022
2022
2025
2031
2039
2043
2045
2045
2043
2041
2039
2038
2036
2035
2034
2031
2027
2024
2022
2028
2040
2051
2062
2065
2062
2061
2062
2067
2074
2068
2055
2035
2011
1999
1995
2000
2010
2021
2031
2042
2052
2060
2068
2074
2079
2086
2094
2098
2100
2097
2092
2094
2100
2108
2117
2117
2112
2101
2088
2077
2067
2058
2049
2041
2034
2029
2024
2019
2012
2007
2002
2004
2009
2016
2026
2035
2045
2054
2062
2069
2074
2077
2077
2077
2076
2075
2073
2072
2070
2067
2063
2058
2052
2047
2042
2040
2038
2037
2037
2034
2030
2023
2015
2007
1999
1993
1988
1980
1972
1964
1957
1954
1954
1954
1954
1951
1946
1937
1927
1916
1906
1899
1894
1890
1887
1881
1873
1874
1880
1898
1923
1943
1961
1973
1980
1992
2008
2024
2040
2044
2039
2035
2030
2038
2054
2074
2097
2117
2135
2150
2162
2168
2171
2173
2176
2178
2180
2174
2164
2152
2138
2133
2133
2136
2140
2135
2124
2109
2093
2079
2067
2056
2044
2033
2023
2018
2015
2015
2017
2019
2022
2027
2032
2037
2042
2046
2051
2056
2061
2064
2065
2064
2061
2058
2055
2054
2053
2051
2048
2043
2038
2032
2026
2021
2017
2015
2013
2011
2009
2008
2006
2007
2010
2012
2015
2014
2011
2005
1998
1989
1978
1967
1957
1950
1947
1943
1939
1935
1930
1940
1958
1993
2039
2075
2103
2102
2083
2057
2026
2012
2007
2008
2013
2013
2010
2013
2021
2034
2050
2057
2059
2056
2051
2052
2057
2058
2058
2054
2048
2054
2069
2085
2103
2104
2093
2076
2056
2045
2038
2029
2019
2005
1988
1975
1965
1958
1953
1950
1950
1956
1966
1978
1991
2009
2029
2056
2089
2121
2154
2181
2204
2229
2254
2276
2297
2314
2329
2346
2365
2383
2399
2409
2416
2425
2435
2443
2451
2447
2434
2415
2391
2364
2334
2295
2251
2207
2164
2128
2095
2057
2014
1971
1928
1901
1886
1874
1863
1834
1793
1749
1704
1673
1650
1633
1620
1609
1599
1597
1600
1609
1624
1642
1662
1684
1709
1733
1758
1782
1807
1829
1850
1868
1883
1901
1921
1946
1973
1994
2012
2022
2026
2029
2031
2032
2033
2032
2029
2026
2024
2026
2029
2037
2047
2058
2070
2081
2091
2100
2110
2120
2130
2138
2146
2156
2167
2180
2193
2201
2206
2206
2203
2203
2203
2204
2204
2201
2196
2193
2190
2188
2185
2181
2176
2172
2170
2167
2162
2153
2140
2129
2117
2107
2099
2092
2086
2088
2095
2104
2116
2116
2108
2100
2092
2094
2103
2108
2111
2103
2088
2075
2062
2053
2048
2047
2049
2054
2062
2066
2068
2066
2063
2065
2070
2073
2075
2068
2055
2048
2043
2044
2048
2044
2034
2021
2006
1997
1991
1979
1964
1942
1916
1895
1877
1864
1855
1845
1833
1827
1824
1828
1836
1844
1852
1862
1872
1884
1899
1909
1917
1923
1926
1935
1947
1964
1984
2005
2027
2049
2072
2091
2109
2123
2134
2145
2157
2165
2172
2172
2167
2160
2152
2143
2133
2122
2110
2100
2092
2082
2071
2059
2046
2054
2076
2119
2177
2218
2249
2252
2237
2219
2201
2189
2182
2173
2161
2150
2138
2131
2126
2122
2117
2112
2105
2096
2084
2069
2053
2038
2024
2012
2000
1989
1979
1977
1980
1988
1999
2003
2001
1994
1984
1977
1970
1965
1960
1955
1949
1943
1938
1936
1934
1936
1939
1945
1953
1960
1968
1977
1987
1998
2008
2015
2020
2022
2022
2023
2024
2025
2025
2024
2023
2021
2018
2013
2005
1995
1982
1967
1952
1937
1923
1910
1897
1887
1880
1884
1894
1919
1954
1988
2021
2035
2037
2026
2008
1996
1988
1989
1997
2004
2011
2016
2019
2028
2041
2054
2069
2075
2076
2073
2067
2062
2059
2051
2041
2030
2018
2019
2027
2042
2061
2069
2069
2063
2052
2045
2042
2037
2032
2027
2021
2022
2027
2035
2043
2049
2054
2064
2077
2095
2116
2135
2153
2175
2199
2226
2256
2282
2305
2331
2358
2389
2422
2446
2466
2485
2505
2533
2567
2590
2605
2606
2598
2600
2608
2617
2625
2615
2593
2567
2538
2498
2452
2366
2256
2124
1977
1847
1727
1625
1533
1455
1386
1345
1322
1314
1317
1317
1314
1309
1304
1308
1318
1342
1376
1424
1482
1540
1599
1654
1707
1768
1832
1896
1960
2006
2039
2061
2075
2089
2103
2113
2121
2125
2125
2126
2129
2134
2141
2147
2152
2157
2164
2172
2181
2188
2195
2199
2202
2207
2212
2219
2226
2231
2235
2238
2241
2245
2250
2254
2256
2253
2247
2239
2231
2222
2212
2202
2192
2186
2183
2184
2187
2189
2189
2189
2189
2190
2192
2188
2180
2160
2133
2100
2062
2024
1986
1944
1900
1849
1795
1739
1682
1630
1582
1538
1497
1466
1442
1439
1449
1472
1503
1526
1544
1553
1556
1567
1583
1622
1676
1748
1830
1911
1991
2064
2133
2204
2277
2344
2408
2453
2485
2508
2524
2538
2551
2553
2547
2534
2516
2500
2486
2467
2446
2422
2396
2374
2355
2331
2305
2269
2228
2185
2142
2101
2063
2034
2011
2001
2000
1996
1990
1971
1944
1921
1901
1886
1876
1864
1851
1840
1832
1830
1833
1840
1849
1867
1890
1922
1960
1994
2026
2056
2084
2117
2152
2189
2227
2267
2308
2350
2392
2426
2454
2474
2488
2497
2502
2497
2487
2468
2443
2415
2385
2351
2315
2275
2234
2194
2155
2120
2087
2064
2046
2035
2029
2016
2000
1978
1952
1936
1928
1926
1929
1921
1907
1888
1865
1851
1843
1840
1842
1845
1848
1853
1858
1860
1860
1855
1848
1843
1838
1838
1841
1845
1850
1858
1867
1876
1886
1896
1908
1924
1944
1968
1996
2028
2063
2103
2147
2190
2233
2270
2303
2339
2377
2413
2449
2469
2477
2477
2471
2472
2479
2490
2503
2522
2545
2567
2588
2579
2550
2506
2453
2445
2468
2519
2590
2609
2596
2528
2424
2311
2191
2068
1943
1820
1698
1606
1532
1479
1441
1403
1365
1328
1291
1254
1217
1181
1145
1129
1125
1146
1183
1232
1289
1352
1418
1488
1559
1631
1704
1781
1862
1943
2024
2100
2171
2240
2308
2371
2430
2474
2507
2527
2540
2546
2546
2535
2516
2491
2461
2430
2397
2354
2303
2239
2167
2096
2025
1963
1905
1856
1812
1779
1753
1731
1712
1688
1660
1632
1604
1586
1573
1571
1576
1584
1594
1603
1611
1621
1631
1654
1685
1732
1788
1855
1929
2009
2094
2179
2265
2334
2393
2430
2453
2461
2460
2455
2447
2443
2440
2440
2440
2435
2425
2412
2396
2379
2363
2342
2319
2296
2273
2262
2257
2258
2261
2260
2257
2251
2244
2234
2221
2200
2173
2147
2122
2105
2092
2081
2071
2060
2050
2042
2037
2033
2030
2026
2023
2019
2016
2012
2009
2009
2012
2015
2019
2015
2007
1996
1983
1983
1991
2015
2049
2089
2133
2172
2207
2232
2252
2269
2284
2304
2327
2347
2365
2375
2380
2386
2393
2402
2412
2412
2404
2383
2353
2323
2292
2265
2240
2211
2180
2150
2119
2093
2070
2045
2020
1990
1957
1927
1899
1874
1851
1829
1808
1790
1775
1763
1751
1737
1721
1707
1695
1688
1685
1680
1674
1667
1659
1659
1663
1672
1685
1698
1713
1729
1746
1761
1776
1787
1797
1809
1824
1840
1858
1870
1879
1889
1901
1919
1942
1960
1975
1981
1979
1980
1982
1988
1996
2000
2001
2000
1998
2002
2009
2015
2021
2025
2027
2034
2046
2062
2080
2094
2106
2115
2123
2132
2140
2146
2149
2151
2151
2151
2151
2147
2139
2128
2114
2106
2102
2104
2110
2113
2115
2112
2105
2096
2086
2076
2066
2056
2047
2039
2031
2023
2016
2012
2009
2010
2013
2013
2013
2008
2000
1993
1988
1989
1992
1998
2006
2013
2021
2028
2034
2037
2037
2039
2042
2049
2059
2064
2066
2060
2050
2042
2035
2033
2034
2033
2031
2029
2026
2024
2024
2020
2014
2008
2003
2006
2015
2027
2040
2049
2054
2058
2063
2070
2078
2083
2086
2084
2079
2071
2062
2053
2045
2039
2035
2035
2037
2039
2042
2046
2049
2051
2053
2053
2052
2053
2055
2060
2067
2072
2076
2077
2077
2074
2070
2064
2056
2051
2046
2045
2046
2044
2041
2036
2029
2027
2027
2026
2026
2022
2017
2016
2017
2019
2022
2019
2014
2009
2006
2005
2007
2006
2003
2001
1998
1999
2003
2008
2014
2018
2021
2021
2021
2021
2021
2022
2025
2027
2028
2028
2028
2031
2038
2046
2055
2059
2059
2061
2064
2072
2084
2087
2084
2069
2048
2026
2004
1983
1963
1943
1924
1912
1904
1901
1901
1902
1905
1911
1918
1922
1925
1922
1917
1918
1921
1931
1945
1958
1971
1984
1997
2011
2024
2032
2035
2036
2034
2035
2038
2041
2044
2048
2053
2060
2070
2079
2087
2092
2095
2096
2096
2093
2090
2088
2087
2090
2095
2099
2102
2100
2095
2087
2078
2071
2064
2059
2054
2051
2048
2044
2040
2036
2032
2030
2028
2024
2019
2014
2009
2006
2005
2003
2001
1995
1987
1983
1983
1987
1995
1996
1993
1986
1976
1971
1968
1967
1967
1966
1965
1964
1964
1962
1959
1964
1974
1999
2034
2065
2093
2097
2087
2072
2055
2050
2053
2053
2053
2048
2040
2042
2050
2059
2070
2072
2068
2066
2064
2070
2080
2086
2091
2093
2095
2106
2124
2149
2178
2202
2222
2234
2242
2246
2248
2247
2244
2242
2241
2241
2243
2242
2239
2231
2221
2206
2190
2172
2154
2139
2127
2119
2113
2107
2100
2093
2086
2078
2070
2058
2044
2028
2012
1999
1987
1977
1969
1961
1953
1944
1936
1927
1917
1909
1901
1897
1894
1893
1893
1891
1888
1882
1874
1868
1861
1861
1866
1874
1885
1892
1897
1903
1911
1931
1958
1985
2011
2027
2037
2044
2049
2053
2056
2052
2044
2036
2028
2026
2027
2028
2030
2032
2035
2041
2049
2052
2052
2049
2046
2048
2055
2062
2069
2073
2075
2079
2086
2092
2099
2098
2093
2086
2078
2073
2070
2066
2061
2054
2045
2039
2036
2035
2036
2037
2037
2037
2036
2037
2040
2045
2053
2059
2065
2069
2072
2075
2078
2083
2089
2093
2095
2095
2094
2093
2093
2093
2093
2094
2097
2099
2101
2100
2097
2095
2093
2093
2095
2094
2091
2085
2077
2073
2071
2072
2075
2075
2074
2072
2069
2066
2063
2062
2061
2062
2064
2065
2065
2064
2061
2058
2056
2056
2056
2055
2055
2054
2052
2049
2045
2045
2048
2056
2069
2077
2084
2086
2084
2087
2092
2099
2107
2103
2093
2079
2063
2053
2046
2041
2037
2034
2032
2037
2045
2053
2061
2066
2069
2071
2074
2075
2075
2073
2071
2072
2075
2080
2085
2085
2082
2077
2072
2069
2066
2062
2057
2048
2037
2026
2016
2009
2004
2004
2006
2010
2017
2021
2024
2026
2026
2029
2033
2038
2044
2049
2054
2056
2057
2057
2055
2054
2052
2051
2050
2049
2048
2047
2046
2045
2044
2044
2044
2044
2044
2044
2042
2038
2032
2026
2021
2019
2018
2017
2016
2014
2011
2012
2014
2018
2023
2025
2025
2021
2016
2011
2006
2005
2005
2007
2010
2014
2018
2021
2024
2022
2018
2011
2003
1999
1999
2001
2006
2007
2005
2007
2010
2021
2036
2049
2060
2065
2067
2071
2076
2079
2080
2072
2058
2046
2034
2031
2033
2036
2039
2044
2049
2057
2067
2073
2077
2078
2078
2078
2079
2079
2077
2075
2072
2072
2074
2075
2075
2071
2063
2054
2042
2031
2019
2007
1995
1985
1975
1968
1962
1958
1956
1959
1964
1971
1981
1990
1998
2007
2015
2023
2031
2037
2043
2049
2054
2060
2065
2067
2067
2066
2066
2067
2069
2071
2074
2077
2080
2083
2086
2088
2088
2086
2084
2083
2081
2078
2073
2066
2056
2049
2042
2037
2033
2029
2024
2019
2014
2007
1999
1988
1976
1966
1957
1951
1947
1943
1939
1933
1925
1916
1906
1897
1887
1883
1881
1883
1886
1889
1891
1899
1911
1931
1957
1980
2001
2021
2040
2062
2087
2103
2113
2109
2096
2087
2079
2084
2097
2114
2132
2146
2156
2160
2160
2161
2163
2168
2176
2176
2171
2158
2138
2128
2123
2127
2137
2138
2133
2121
2103
2087
2072
2056
2039
2022
2004
1994
1989
1987
1987
1984
1980
1976
1971
1970
1971
1976
1984
1993
2003
2012
2019
2025
2030
2036
2043
2047
2049
2047
2044
2043
2043
2045
2048
2048
2047
2046
2044
2042
2039
2035
2028
2022
2017
2016
2016
2015
2015
2012
2008
2003
1998
1996
1994
1998
2006
2012
2017
2016
2011
2007
2003
2004
2007
2008
2007
2005
2003
2007
2015
2028
2043
2065
2093
2130
2174
2208
2234
2236
2222
2210
2198
2204
2220
2233
2243
2243
2236
2237
2242
2251
2261
2259
2249
2238
2225
2217
2213
2203
2188
2171
2151
2142
2139
2137
2134
2121
2102
2083
2063
2043
2022
1995
1965
1942
1924
1915
1912
1906
1896
1886
1876
1874
1878
1883
1888
1890
1892
1899
1909
1918
1928
1932
1932
1935
1942
1953
1967
1975
1980
1982
1982
1986
1992
1998
2003
2006
2008
2010
2013
2015
2017
2019
2022
2025
2028
2025
2020
2014
2009
2010
2013
2017
2021
2023
2023
2026
2029
2031
2031
2028
2023
2025
2030
2037
2045
2041
2031
2024
2019
2027
2043
2056
2066
2067
2062
2064
2070
2075
2080
2074
2061
2052
2047
2053
2066
2074
2079
2081
2083
2091
2103
2114
2125
2131
2134
2138
2143
2146
2149
2149
2147
2149
2154
2158
2163
2158
2148
2135
2120
2110
2102
2096
2091
2083
2073
2064
2054
2046
2039
2035
2032
2032
2032
2033
2035
2039
2044
2051
2058
2064
2069
2075
2080
2082
2082
2079
2074
2069
2066
2065
2067
2066
2064
2060
2055
2053
2053
2053
2053
2052
2049
2049
2049
2050
2050
2047
2041
2037
2035
2037
2042
2043
2042
2040
2037
2040
2045
2049
2051
2048
2042
2039
2037
2038
2040
2041
2041
2043
2045
2043
2040
2033
2023
2019
2017
2017
2019
2016
2011
2013
2019
2033
2051
2061
2065
2065
2062
2065
2072
2072
2069
2055
2035
2024
2017
2020
2029
2035
2039
2043
2048
2054
2062
2067
2070
2074
2079
2086
2096
2101
2103
2100
2095
2095
2097
2098
2100
2095
2087
2076
2063
2051
2041
2034
2028
2024
2021
2019
2017
2014
2009
2004
1999
1997
1997
2000
2007
2017
2029
2042
2056
2067
2075
2079
2081
2081
2079
2076
2072
2065
2057
2048
2039
2033
2028
2026
2026
2026
2026
2023
2020
2015
2009
2005
2002
1999
1997
1994
1991
1989
1989
1991
1994
1997
1999
2000
2002
2006
2011
2011
2009
2004
1996
1995
1997
2002
2009
2012
2014
2013
2011
2011
2011
2012
2013
2014
2014
2015
2015
2018
2024
2037
2055
2070
2084
2090
2091
2094
2099
2106
2115
2114
2106
2093
2077
2068
2064
2066
2071
2075
2078
2082
2086
2090
2094
2095
2095
2095
2096
2097
2097
2095
2091
2088
2085
2082
2079
2071
2061
2049
2036
2024
2014
2006
1998
1991
1985
1980
1975
1970
1965
1960
1957
1958
1961
1968
1976
1984
1992
2001
2009
2019
2029
2036
2042
2045
2045
2045
2045
2044
2044
2043
2041
2041
2041
2043
2046
2050
2053
2055
2057
2058
2059
2060
2062
2063
2065
2064
2061
2056
2051
2047
2044
2041
2039
2036
2032
2027
2022
2015
2007
2000
1992
1988
1985
1981
1976
1964
1947
1930
1912
1902
1897
1892
1889
1884
1879
1884
1895
1913
1936
1953
1966
1978
1988
2003
2021
2034
2042
2039
2027
2019
2012
2018
2032
2051
2074
2094
2112
2126
2136
2145
2153
2162
2172
2179
2185
2182
2173
2163
2152
2149
2152
2152
2150
2138
2118
2099
2080
2069
2062
2055
2047
2037
2025
2017
2011
2008
2008
2006
2004
2002
1999
1998
1998
2000
2005
2012
2022
2029
2035
2036
2033
2030
2028
2027
2027
2023
2018
2015
2015
2018
2024
2025
2022
2015
2005
2002
2002
2002
2003
2000
1995
1992
1992
1993
1996
1996
1994
1995
1998
2005
2014
2018
2018
2016
2012
2012
2015
2017
2017
2010
2000
1993
1988
1996
2012
2044
2087
2129
2172
2191
2195
2182
2159
2148
2145
2157
2177
2190
2199
2205
2208
2221
2241
2260
2279
2287
2288
2286
2283
2278
2273
2259
2240
2221
2203
2192
2187
2180
2172
2160
2144
2127
2111
2091
2068
2042
2013
1989
1969
1955
1945
1935
1924
1913
1903
1896
1891
1886
1882
1881
1881
1887
1897
1910
1925
1939
1951
1958
1961
1963
1963
1964
1966
1965
1962
1958
1952
1951
1954
1958
1963
1965
1965
1964
1964
1964
1964
1961
1956
1954
1956
1962
1972
1977
1980
1980
1980
1982
1987
1992
1997
2004
2012
2020
2027
2028
2025
2026
2029
2040
2058
2069
2076
2073
2065
2062
2063
2063
2063
2053
2037
2027
2022
2026
2037
2045
2052
2059
2067
2080
2095
2105
2111
2112
2109
2110
2113
2113
2113
2111
2108
2111
2118
2124
2130
2129
2122
2113
2101
2093
2087
2082
2078
2072
2065
2058
2050
2043
2037
2033
2031
2031
2031
2033
2036
2044
2055
2066
2078
2084
2087
2089
2090
2093
2098
2100
2100
2099
2096
2094
2092
2091
2089
2087
2084
2082
2080
2077
2073
2066
2058
2053
2050
2051
2055
2056
2056
2051
2043
2037
2032
2031
2031
2034
2038
2041
2044
2045
2045
2043
2040
2038
2038
2039
2042
2042
2041
2035
2027
2021
2017
2023
2036
2049
2063
2069
2069
2068
2066
2067
2070
2067
2059
2046
2031
2021
2014
2013
2015
2019
2026
2034
2043
2050
2055
2059
2062
2066
2070
2072
2072
2071
2069
2071
2076
2077
2077
2070
2059
2051
2044
2041
2040
2036
2031
2025
2018
2013
2008
2002
1994
1987
1982
1984
1990
1998
2006
2013
2018
2025
2033
2046
2062
2076
2088
2092
2091
2086
2079
2075
2073
2073
2073
2071
2068
2064
2061
2059
2058
2055
2052
2049
2047
2047
2048
2046
2042
2035
2025
2019
2015
2015
2017
2017
2017
2015
2012
2013
2016
2022
2029
2034
2037
2036
2033
2030
2027
2026
2028
2029
2029
2029
2029
2033
2040
2050
2062
2068
2071
2068
2062
2057
2054
2049
2044
2030
2011
1987
1959
1933
1908
1895
1888
1892
1904
1915
1926
1932
1934
1938
1943
1952
1963
1970
1973
1976
1978
1988
2003
2018
2033
2042
2045
2046
2046
2046
2047
2047
2046
2046
2046
2049
2054
2060
2067
2072
2076
2080
2083
2086
2089
2093
2096
2101
2106
2111
2115
2116
2115
2111
2104
2097
2089
2084
2079
2077
2076
2072
2066
2057
2045
2037
2032
2031
2033
2034
2034
2033
2030
2027
2023
2017
2009
2004
1999
2001
2006
2010
2014
2015
2015
2014
2012
2005
1995
1982
1966
1957
1952
1950
1949
1944
1937
1946
1965
2004
2056
2092
2117
2112
2087
2065
2045
2040
2045
2048
2048
2044
2036
2038
2046
2057
2072
2080
2084
2085
2085
2087
2090
2090
2088
2083
2075
2074
2078
2089
2104
2109
2107
2093
2072
2055
2040
2032
2028
2020
2010
1998
1985
1976
1969
1963
1958
1955
1952
1953
1957
1961
1966
1973
1981
1997
2017
2040
2065
2086
2104
2119
2132
2146
2160
2178
2198
2220
2243
2265
2285
2299
2311
2320
2328
2335
2343
2347
2349
2345
2337
2323
2306
2285
2261
2236
2211
2187
2164
2139
2113
2083
2050
2025
2005
2001
2006
2008
2008
1989
1957
1919
1878
1851
1833
1824
1821
1815
1808
1800
1792
1789
1790
1795
1803
1813
1825
1837
1849
1858
1866
1873
1880
1889
1900
1914
1929
1945
1960
1974
1987
1997
2007
2012
2015
2015
2013
2013
2013
2015
2018
2020
2021
2021
2021
2022
2024
2027
2030
2032
2033
2034
2034
2037
2044
2055
2068
2079
2088
2091
2090
2089
2089
2092
2097
2102
2107
2110
2113
2115
2116
2117
2119
2119
2119
2116
2111
2106
2100
2097
2095
2094
2094
2091
2088
2084
2080
2077
2074
2073
2073
2072
2071
2067
2062
2061
2063
2073
2088
2098
2105
2101
2090
2084
2081
2086
2096
2098
2095
2085
2072
2062
2054
2049
2046
2048
2051
2058
2067
2070
2070
2069
2068
2073
2083
2087
2088
2083
2075
2075
2080
2086
2093
2091
2083
2078
2075
2077
2082
2080
2074
2064
2051
2042
2034
2028
2022
2019
2017
2018
2021
2020
2017
2016
2016
2023
2036
2048
2060
2065
2067
2068
2068
2069
2069
2066
2061
2059
2058
2058
2058
2055
2051
2048
2045
2047
2050
2052
2053
2053
2051
2051
2051
2048
2044
2037
2028
2022
2018
2019
2024
2028
2032
2034
2035
2036
2037
2038
2038
2037
2035
2033
2031
2031
2033
2041
2054
2069
2086
2095
2099
2097
2092
2091
2093
2093
2091
2078
2058
2037
2016
2001
1991
1985
1982
1980
1980
1979
1978
1974
1969
1963
1958
1954
1951
1946
1941
1940
1940
1945
1954
1960
1965
1965
1963
1966
1971
1979
1989
1995
2000
2004
2009
2017
2027
2040
2053
2067
2082
2093
2102
2108
2111
2117
2124
2132
2141
2145
2145
2142
2136
2130
2125
2121
2116
2111
2105
2098
2090
2082
2073
2064
2054
2046
2038
2033
2028
2026
2025
2023
2020
2014
2007
2002
1997
1996
1996
1997
2000
2002
2005
2004
1999
1993
1985
1981
1980
1976
1970
1956
1938
1938
1951
1989
2043
2083
2114
2115
2095
2075
2055
2046
2045
2042
2039
2034
2029
2031
2038
2048
2061
2070
2075
2074
2070
2068
2067
2069
2073
2071
2064
2056
2048
2050
2058
2065
2070
2063
2047
2032
2017
2011
2011
2006
1998
1989
1977
1969
1964
1959
1954
1951
1948
1949
1953
1958
1964
1972
1981
1994
2009
2023
2037
2049
2060
2071
2081
2089
2096
2102
2109
2117
2125
2134
2143
2154
2166
2178
2191
2203
2214
2229
2246
2265
2285
2302
2315
2325
2333
2336
2334
2323
2307
2293
2280
2271
2264
2251
2233
2223
2216
2227
2250
2260
2263
2235
2187
2134
2078
2034
1996
1959
1922
1887
1854
1831
1815
1804
1796
1789
1781
1774
1766
1762
1760
1765
1775
1787
1800
1813
1826
1843
1862
1883
1906
1922
1934
1942
1947
1954
1962
1967
1970
1968
1961
1954
1946
1943
1943
1948
1957
1966
1974
1980
1983
1988
1993
2000
2008
2016
2024
2030
2037
2044
2052
2059
2066
2071
2075
2077
2077
2077
2075
2077
2080
2084
2089
2091
2091
2090
2089
2089
2090
2089
2086
2085
2085
2088
2093
2097
2099
2097
2093
2089
2085
2082
2080
2081
2084
2087
2090
2088
2081
2079
2079
2090
2108
2118
2124
2119
2107
2102
2102
2105
2111
2107
2095
2083
2071
2067
2069
2068
2066
2064
2061
2066
2076
2082
2085
2083
2076
2077
2082
2089
2097
2098
2093
2090
2087
2092
2100
2104
2105
2100
2091
2085
2080
2076
2073
2066
2057
2049
2041
2034
2029
2024
2020
2019
2021
2025
2030
2033
2036
2041
2046
2052
2059
2063
2066
2068
2070
2071
2073
2073
2072
2070
2068
2067
2067
2066
2064
2061
2058
2057
2057
2060
2063
2065
2065
2063
2059
2055
2050
2048
2047
2046
2044
2043
2043
2044
2046
2048
2051
2052
2051
2049
2046
2045
2044
2043
2041
2038
2033
2028
2022
2020
2020
2026
2036
2044
2051
2051
2046
2042
2037
2037
2039
2034
2024
2006
1982
1961
1942
1931
1924
1920
1918
1918
1919
1921
1924
1927
1930
1934
1941
1949
1959
1965
1970
1975
1982
1995
2013
2028
2042
2049
2051
2054
2057
2064
2074
2079
2082
2082
2079
2078
2078
2079
2081
2081
2081
2081
2082
2085
2088
2093
2098
2102
2107
2109
2109
2107
2102
2098
2093
2090
2088
2085
2081
2076
2071
2065
2058
2050
2040
2033
2028
2030
2035
2039
2042
2038
2030
2021
2013
2008
2005
2002
1999
1997
1997
1998
2001
2003
2003
2000
1995
1989
1982
1976
1970
1963
1955
1949
1942
1946
1957
1986
2026
2065
2104
2119
2119
2103
2078
2062
2052
2048
2050
2048
2043
2040
2037
2042
2050
2057
2062
2064
2062
2062
2063
2063
2062
2055
2043
2033
2025
2026
2034
2043
2053
2051
2042
2028
2010
2000
1995
1993
1994
1991
1985
1975
1962
1951
1942
1939
1941
1945
1950
1954
1957
1963
1971
1984
2002
2021
2042
2061
2079
2094
2107
2120
2132
2144
2157
2170
2183
2196
2208
2220
2232
2247
2265
2283
2301
2318
2333
2351
2369
2385
2400
2404
2401
2392
2379
2365
2350
2332
2312
2286
2257
2227
2197
2171
2149
2135
2125
2115
2103
2076
2039
1990
1932
1882
1836
1803
1779
1758
1740
1724
1709
1702
1700
1703
1708
1714
1719
1728
1740
1758
1781
1803
1823
1839
1851
1866
1882
1903
1927
1949
1969
1983
1995
2003
2010
2013
2014
2016
2018
2021
2026
2028
2030
2030
2029
2032
2039
2046
2054
2057
2059
2059
2058
2059
2061
2065
2070
2076
2084
2090
2093
2092
2087
2082
2075
2069
2064
2060
2056
2054
2053
2050
2046
2039
2030
2026
2026
2030
2038
2042
2042
2039
2032
2031
2033
2039
2048
2055
2060
2063
2065
2064
2061
2056
2051
2050
2050
2052
2055
2053
2048
2047
2049
2060
2078
2092
2104
2108
2106
2109
2114
2118
2121
2114
2101
2091
2084
2088
2098
2104
2107
2105
2101
2104
2112
2118
2122
2120
2114
2115
2122
2131
2141
2142
2136
2130
2125
2126
2130
2129
2125
2118
2108
2103
2100
2097
2092
2083
2071
2060
2048
2037
2027
2019
2014
2014
2019
2025
2032
2036
2039
2043
2047
2052
2058
2062
2064
2065
2065
2065
2067
2068
2068
2066
2063
2060
2058
2057
2055
2053
2050
2050
2051
2053
2056
2056
2054
2050
2045
2041
2037
2031
2023
2016
2008
2005
2005
2008
2013
2013
2010
2006
2001
1999
1998
1995
1992
1985
1975
1966
1958
1953
1950
1953
1961
1968
1975
1974
1967
1961
1954
1953
1956
1954
1949
1935
1917
1904
1895
1896
1903
1913
1926
1942
1958
1976
1995
2016
2039
2061
2084
2098
2107
2107
2102
2104
2111
2123
2139
2146
2146
2139
2126
2117
2109
2101
2094
2085
2074
2064
2056
2049
2043
2038
2034
2035
2038
2044
2051
2057
2062
2065
2068
2070
2071
2071
2070
2072
2076
2079
2081
2076
2068
2058
2047
2040
2035
2031
2027
2023
2018
2017
2018
2017
2015
2011
2006
2006
2009
2011
2013
2007
1997
1990
1985
1986
1989
1988
1985
1980
1974
1969
1965
1961
1956
1964
1980
2015
2062
2097
2125
2125
2105
2083
2059
2048
2046
2044
2042
2035
2023
2017
2014
2017
2024
2028
2031
2028
2021
2013
2004
1996
1989
1983
1977
1975
1977
1985
1998
2011
2024
2028
2028
2024
2017
2016
2018
2024
2032
2038
2043
2046
2048
2058
2073
2097
2125
2153
2180
2204
2226
2250
2275
2302
2330
2358
2386
2411
2434
2448
2458
2460
2458
2453
2445
2436
2424
2408
2389
2362
2330
2294
2254
2218
2185
2152
2119
2077
2028
1973
1915
1862
1813
1772
1736
1711
1691
1677
1667
1657
1648
1649
1657
1680
1712
1739
1763
1777
1784
1792
1802
1810
1818
1822
1822
1829
1840
1855
1873
1883
1890
1896
1903
1914
1928
1941
1954
1968
1982
1995
2008
2017
2024
2034
2047
2066
2089
2107
2120
2126
2126
2127
2128
2127
2124
2118
2110
2103
2097
2092
2087
2083
2079
2076
2073
2068
2061
2055
2049
2050
2055
2061
2069
2074
2077
2079
2082
2084
2084
2081
2076
2073
2071
2074
2079
2082
2085
2088
2090
2093
2097
2098
2097
2094
2091
2089
2088
2086
2084
2082
2079
2079
2080
2082
2085
2087
2088
2088
2087
2084
2081
2076
2071
2068
2065
2067
2072
2081
2093
2101
2106
2105
2099
2096
2094
2098
2105
2103
2096
2081
2060
2045
2034
2031
2033
2038
2045
2053
2061
2066
2069
2069
2067
2072
2081
2090
2098
2099
2096
2094
2093
2095
2100
2098
2092
2084
2075
2072
2073
2072
2069
2058
2043
2031
2021
2016
2013
2012
2012
2014
2018
2024
2032
2038
2044
2051
2059
2065
2071
2074
2075
2075
2073
2072
2071
2071
2071
2070
2069
2065
2060
2053
2046
2044
2044
2044
2046
2044
2039
2034
2029
2024
2019
2011
1999
1988
1978
1973
1971
1969
1966
1962
1957
1952
1948
1943
1937
1929
1921
1913
1905
1899
1892
1891
1893
1902
1915
1928
1940
1950
1959
1969
1979
1984
1986
1981
1973
1972
1975
1988
2007
2028
2051
2074
2097
2116
2131
2142
2150
2161
2173
2180
2184
2179
2169
2164
2163
2166
2173
2167
2154
2135
2112
2098
2091
2085
2080
2071
2058
2049
2041
2037
2034
2030
2026
2026
2029
2032
2037
2038
2036
2036
2037
2042
2050
2056
2060
2062
2063
2065
2068
2066
2061
2054
2044
2039
2036
2035
2035
2032
2027
2023
2020
2016
2013
2007
2000
1997
1995
1995
1995
1988
1977
1966
1956
1953
1956
1956
1956
1951
1943
1939
1936
1936
1938
1952
1975
2012
2059
2092
2116
2112
2089
2067
2046
2037
2035
2029
2020
2011
2001
2005
2018
2031
2045
2050
2050
2046
2041
2034
2025
2015
2003
1999
1999
2010
2026
2043
2059
2068
2071
2065
2052
2036
2018
2007
1999
1996
1997
1996
