1992
1971
1949
1926
1903
1889
1876
1876
1876
1889
1903
1924
1945
1962
1980
1989
1997
1991
1984
1966
1947
1935
1923
1927
1931
1945
1959
1979
1999
2019
2040
2044
2048
2035
2020
2009
1998
2002
2006
2015
2023
2034
2046
2061
2076
2083
2089
2087
2084
2083
2082
2080
2079
2071
2063
2063
2063
2071
2080
2071
2062
2036
2010
2002
1995
2009
2025
2033
2040
2030
2020
2004
1987
1970
1952
1942
1932
1943
1956
1984
2013
2041
2068
2086
2104
2109
2113
2102
2090
2075
2059
2055
2052
2058
2064
2075
2087
2103
2119
2126
2133
2115
2095
2067
2038
2026
2014
2018
2023
2029
2035
2042
2048
2054
2059
2054
2049
2038
2028
2023
2019
2013
2007
2000
1994
2000
2007
2011
2015
1994
1971
1947
1923
1928
1935
1948
1962
1955
1947
1927
1907
1889
1871
1867
1863
1887
1912
1955
1998
2031
2064
2084
2104
2112
2120
2110
2100
2079
2057
2044
2031
2036
2041
2060
2080
2099
2119
2123
2126
2115
2102
2083
2063
2047
2031
2031
2031
2045
2061
2074
2087
2090
2092
2093
2093
2091
2090
2084
2078
2067
2057
2051
2046
2047
2049
2044
2039
2014
1989
1969
1949
1959
1969
1985
2002
1999
1995
1982
1969
1961
1953
1949
1945
1953
1961
1986
2012
2040
2067
2081
2094
2096
2098
2097
2096
2089
2083
2077
2072
2081
2091
2118
2145
2175
2205
2221
2236
2233
2229
2218
2207
2207
2208
2221
2235
2249
2263
2271
2279
2279
2279
2268
2258
2244
2229
2214
2198
2179
2159
2144
2128
2119
2111
2094
2077
2054
2030
2022
2015
2017
2019
2006
1991
1969
1946
1932
1918
1907
1895
1889
1884
1898
1913
1934
1956
1966
1975
1975
1975
1968
1962
1948
1933
1925
1918
1928
1939
1953
1967
1979
1991
2007
2023
2026
2029
2014
1998
1990
1982
1991
2001
2008
2015
2020
2024
2037
2051
2058
2064
2059
2053
2053
2053
2064
2075
2081
2086
2088
2089
2089
2088
2073
2057
2036
2015
2010
2006
2014
2022
2024
2025
2020
2015
2004
1992
1974
1956
1950
1944
1958
1974
1994
2014
2028
2043
2054
2066
2067
2067
2051
2034
2022
2010
2010
2011
2020
2028
2046
2064
2085
2106
2103
2099
2074
2048
2032
2017
2023
2030
2044
2059
2072
2085
2093
2100
2097
2094
2087
2080
2078
2076
2075
2075
2073
2071
2072
2074
2078
2082
2070
2057
2031
2005
1990
1976
1980
1985
1983
1980
1960
1939
1917
1894
1878
1862
1860
1859
1880
1903
1940
1978
2008
2038
2056
2073
2078
2082
2071
2058
2041
2023
2020
2017
2029
2043
2064
2086
2105
2124
2124
2123
2104
2084
2067
2050
2049
2048
2057
2066
2078
2090
2101
2113
2118
2122
2120
2117
2114
2111
2105
2100
2088
2076
2072
2068
2073
2079
2067
2053
2024
1995
1989
1985
2001
2018
2020
2022
2012
2000
1992
1984
1977
1970
1976
1982
2013
2045
2077
2109
2122
2135
2145
2154
2162
2169
2159
2147
2132
2117
2123
2129
2148
2167
2185
2204
2220
2237
2240
2243
2225
2205
2187
2168
2167
2167
2173
2179
2184
2188
2192
2195
2192
2189
2176
2163
2152
2142
2133
2124
2110
2096
2086
2077
2069
2062
2045
2027
2013
1999
1999
1999
1997
1996
1982
1968
1950
1932
1915
1898
1889
1880
1893
1907
1933
1960
1977
1993
1997
2001
2000
1998
1987
1975
1961
1946
1945
1944
1953
1963
1976
1989
2006
2024
2036
2048
2041
2034
2020
2006
2003
2001
2006
2011
2020
2029
2042
2056
2065
2073
2072
2070
2070
2070
2071
2072
2072
2071
2074
2078
2080
2082
2065
2046
2025
2003
2006
2010
2021
2032
2022
2010
1990
1969
1951
1933
1913
1893
1885
1877
1894
1913
1939
1966
1984
2002
2009
2016
2008
1999
1975
1950
1931
1912
1915
1918
1933
1948
1969
1991
2012
2033
2036
2039
2029
2017
2018
2020
2039
2059
2078
2098
2114
2130
2141
2153
2152
2151
2144
2138
2136
2134
2129
2125
2121
2117
2122
2128
2124
2119
2088
2056
2033
2010
2017
2026
2035
2043
2030
2016
1997
1977
1963
1949
1942
1936
1946
1958
1979
2001
2017
2032
2041
2050
2051
2051
2034
2015
1994
1972
1968
1965
1974
1984
2002
2020
2048
2076
2093
2109
2097
2083
2068
2052
2056
2061
2076
2092
2109
2127
2146
2166
2178
2190
2196
2201
2209
2217
2220
2223
2223
2222
2226
2231
2233
2235
2224
2212
2204
2196
2203
2210
2211
2211
2197
2182
2165
2148
2133
2118
2103
2088
2083
2078
2085
2093
2101
2108
2108
2108
2098
2089
2068
2047
2023
1998
1980
1962
1953
1945
1945
1946
1960
1975
1987
1999
1988
1976
1953
1930
1920
1912
1915
1919
1926
1933
1944
1955
1966
1977
1982
1987
1991
1995
1997
1999
1998
1996
2001
2006
2019
2033
2034
2035
2025
2015
2016
2018
2029
2041
2045
2049
2046
2043
2032
2022
2005
1988
1982
1976
1990
2005
2023
2042
2054
2067
2078
2090
2092
2093
2078
2061
2042
2023
2016
2009
2013
2017
2034
2051
2071
2092
2094
2096
2080
2062
2049
2035
2032
2029
2030
2032
2040
2047
2058
2070
2074
2078
2076
2073
2071
2069
2069
2069
2070
2071
2079
2087
2098
2110
2106
2101
2080
2059
2050
2042
2050
2059
2060
2061
2045
2027
2004
1980
1959
1938
1929
1921
1934
1948
1975
2002
2025
2048
2059
2068
2061
2054
2033
2011
1990
1969
1958
1947
1951
1956
1979
2002
2025
2048
2047
2044
2023
2001
1987
1973
1974
1975
1991
2007
2033
2059
2082
2104
2112
2118
2116
2114
2108
2102
2093
2085
2079
2073
2074
2076
2088
2100
2109
2117
2101
2084
2053
2021
2012
2005
2023
2042
2047
2051
2030
2008
1983
1959
1947
1937
1942
1948
1969
1991
2015
2039
2054
2068
2071
2073
2062
2049
2022
1994
1970
1947
1947
1948
1970
1993
2024
2054
2076
2098
2097
2095
2077
2059
2050
2042
2051
2060
2075
2091
2108
2125
2142
2159
2169
2178
2180
2182
2187
2191
2198
2204
2207
2210
2211
2212
2210
2208
2196
2183
2172
2161
2165
2170
2178
2185
2177
2169
2151
2133
2116
2099
2084
2068
2065
2063
2077
2093
2106
2119
2114
2109
2098
2086
2074
2062
2043
2023
2006
1988
1987
1986
1993
2000
2006
2011
2013
2014
2005
1995
1977
1959
1951
1944
1946
1949
1955
1960
1973
1987
2002
2017
2017
2016
2011
2006
2012
2018
2020
2022
2021
2019
2024
2030
2028
2026
2006
1985
1975
1965
1973
1982
1986
1989
1982
1975
1964
1954
1938
1922
1914
1906
1922
1940
1967
1995
2015
2034
2048
2062
2068
2073
2062
2049
2033
2016
2014
2012
2019
2027
2042
2058
2078
2099
2109
2118
2106
2093
2076
2058
2052
2047
2048
2050
2057
2063
2074
2084
2093
2102
2103
2104
2100
2096
2091
2087
2085
2083
2085
2088
2095
2102
2103
2103
2090
2077
2064
2050
2050
2050
2054
2059
2055
2050
2035
2020
1999
1978
1958
1937
1936
1936
1959
1984
2013
2041
2063
2084
2096
2108
2099
2090
2066
2041
2027
2013
2016
2020
2035
2050
2074
2098
2115
2132
2121
2109
2084
2059
2046
2034
2037
2040
2053
2067
2086
2105
2117
2129
2127
2125
2115
2105
2094
2082
2073
2064
2059
2055
2054
2054
2062
2071
2078
2085
2065
2043
2008
1972
1968
1966
1982
2000
1992
1984
1957
1929
1907
1885
1870
1855
1862
1869
1903
1939
1974
2010
2029
2048
2057
2065
2055
2043
2016
1988
1974
1960
1970
1982
2004
2026
2053
2079
2096
2113
2103
2093
2072
2050
2038
2026
2029
2032
2050
2069
2092
2115
2127
2138
2138
2138
2135
2133
2127
2121
2112
2104
2099
2094
2094
2095
2096
2097
2084
2069
2039
2008
1989
1970
1977
1985
1991
1996
1985
1973
1957
1940
1926
1911
1907
1904
1924
1946
1977
2008
2028
2047
2060
2073
2082
2090
2080
2070
2052
2033
2033
2033
2050
2067
2087
2107
2132
2157
2177
2196
2190
2184
2168
2152
2154
2156
2169
2183
2195
2207
2224
2241
2255
2269
2262
2254
2238
2221
2212
2203
2189
2175
2158
2141
2137
2133
2123
2114
2085
2056
2034
2013
2014
2016
2012
2008
1990
1971
1954
1936
1919
1901
1887
1873
1883
1893
1919
1945
1961
1976
1976
1976
1969
1963
1953
1944
1935
1926
1925
1925
1935
1945
1965
1985
2007
2029
2040
2049
2040
2030
2014
1997
1990
1984
1988
1993
2004
2016
2032
2048
2059
2069
2066
2063
2057
2051
2051
2052
2054
2055
2056
2057
2063
2069
2066
2063
2045
2026
2014
2002
2009
2016
2026
2036
2033
2029
2015
2001
1979
1956
1937
1919
1928
1938
1971
2005
2033
2060
2074
2088
2095
2101
2095
2089
2070
2051
2041
2031
2035
2039
2050
2061
2081
2101
2118
2136
2127
2118
2093
2067
2053
2040
2040
2040
2046
2052
2069
2086
2099
2112
2108
2104
2097
2090
2091
2092
2092
2092
2092
2093
2104
2114
2120
2125
2113
2099
2080
2061
2056
2052
2058
2064
2063
2061
2043
2024
2001
1977
1957
1938
1934
1931
1950
1971
2002
2035
2055
2074
2076
2077
2067
2057
2035
2013
1989
1965
1958
1953
1966
1981
2000
2020
2028
2036
2025
2012
1990
1968
1957
1947
1957
1969
1992
2015
2041
2067
2085
2103
2105
2106
2101
2095
2090
2085
2078
2071
2066
2062
2072
2082
2093
2103
2086
2067
2036
2004
1994
1986
1998
2011
2016
2020
2009
1997
1979
1961
1946
1930
1931
1932
1956
1981
2013
2044
2065
2086
2097
2107
2102
2096
2069
2042
2014
1986
1983
1981
1997
2014
2034
2055
2071
2088
2090
2091
2075
2058
2041
2024
2023
2022
2032
2044
2061
2078
2097
2117
2125
2132
2126
2120
2117
2115
2118
2122
2123
2123
2125
2128
2137
2146
2142
2137
2119
2100
2099
2098
2112
2128
2133
2137
2131
2125
2120
2116
2107
2099
2091
2084
2093
2102
2120
2138
2149
2159
2162
2164
2154
2144
2119
2093
2072
2052
2050
2048
2049
2050
2052
2053
2062
2070
2071
2071
2053
2034
2014
1993
1987
1981
1984
1987
1996
2005
2019
2033
2040
2046
2043
2039
2035
2031
2026
2021
2010
1998
1995
1992
1997
2003
1995
1987
1966
1945
1941
1938
1946
1955
1952
1949
1939
1930
1926
1923
1914
1906
1901
1897
1917
1938
1970
2002
2020
2038
2049
2059
2065
2071
2061
2050
2032
2014
2011
2008
2020
2033
2053
2073
2090
2108
2108
2107
2089
2071
2057
2042
2039
2036
2038
2040
2049
2057
2069
2082
2089
2095
2095
2094
2091
2089
2088
2087
2087
2087
2088
2090
2094
2097
2093
2088
2070
2052
2040
2027
2035
2043
2053
2062
2054
2045
2025
2004
1983
1962
1948
1933
1942
1951
1982
2014
2041
2068
2079
2089
2087
2085
2071
2057
2038
2019
2013
2007
2016
2026
2047
2068
2088
2109
2112
2115
2098
2079
2059
2039
2033
2028
2037
2047
2064
2082
2097
2113
2122
2131
2132
2132
2127
2122
2115
2108
2106
2104
2104
2105
2114
2122
2135
2148
2139
2129
2097
2064
2052
2040
2054
2069
2068
2067
2043
2019
1996
1974
1950
1927
1908
1890
1903
1918
1951
1986
2007
2028
2034
2039
2033
2027
2003
1978
1956
1935
1940
1947
1971
1996
2020
2043
2059
2074
2069
2064
2040
2016
1996
1977
1980
1983
2002
2021
2040
2059
2070
2082
2089
2095
2096
2096
2089
2082
2074
2067
2067
2067
2069
2071
2073
2075
2075
2074
2057
2039
2015
1991
1990
1991
2009
2027
2025
2023
1998
1972
1943
1915
1900
1885
1895
1906
1937
1970
1998
2025
2041
2057
2064
2071
2060
2047
2019
1990
1973
1956
1961
1966
1983
2001
2023
2045
2062
2078
2075
2072
2058
2044
2035
2026
2025
2025
2033
2042
2061
2081
2101
2122
2133
2144
2147
2150
2151
2152
2153
2153
2151
2150
2154
2159
2170
2180
2176
2172
2154
2135
2134
2133
2149
2167
2170
2173
2161
2147
2138
2129
2123
2117
2110
2104
2108
2112
2126
2141
2146
2151
2143
2135
2116
2097
2074
2051
2036
2021
2020
2020
2020
2020
2020
2020
2026
2032
2033
2033
2012
1990
1968
1947
1947
1949
1960
1972
1981
1989
2000
2011
2020
2028
2025
2022
2016
2010
2007
2005
2003
2001
2001
2002
2003
2003
1991
1978
1965
1951
1956
1961
1972
1984
1983
1981
1973
1966
1957
1949
1937
1924
1925
1926
1951
1976
2002
2027
2041
2055
2065
2075
2074
2072
2050
2027
2008
1989
1993
1997
2013
2029
2050
2071
2092
2113
2114
2114
2094
2072
2053
2035
2031
2028
2033
2039
2054
2069
2082
2096
2095
2094
2088
2082
2081
2081
2079
2077
2073
2070
2074
2079
2088
2096
2093
2090
2073
2056
2043
2030
2033
2037
2045
2053
2046
2039
2020
2000
1980
1960
1946
1931
1936
1942
1971
2001
2033
2065
2081
2096
2095
2093
2081
2069
2054
2038
2030
2022
2022
2022
2034
2047
2072
2098
2113
2128
2113
2096
2073
2050
2043
2038
2046
2054
2067
2080
2096
2112
2124
2136
2137
2137
2129
2120
2111
2102
2100
2099
2103
2108
2116
2123
2130
2136
2132
2128
2107
2086
2071
2056
2064
2072
2077
2081
2063
2044
2014
1984
1953
1922
1901
1880
1885
1890
1913
1937
1959
1980
1992
2005
2005
2005
1984
1963
1940
1917
1916
1916
1940
1965
2000
2035
2061
2087
2089
2090
2075
2058
2044
2029
2022
2016
2019
2022
2036
2051
2067
2084
2093
2102
2102
2102
2097
2092
2088
2085
2081
2077
2071
2066
2071
2077
2088
2100
2087
2072
2042
2011
2006
2002
2018
2036
2036
2035
2015
1994
1972
1950
1933
1916
1918
1921
1945
1970
1994
2018
2034
2050
2062
2075
2070
2065
2036
2006
1982
1958
1959
1961
1981
2001
2025
2050
2071
2092
2094
2096
2081
2064
2051
2038
2042
2046
2061
2077
2097
2117
2136
2155
2165
2174
2175
2175
2177
2179
2183
2186
2183
2180
2180
2180
2187
2194
2188
2182
2161
2139
2133
2129
2141
2155
2158
2160
2150
2140
2126
2112
2092
2072
2058
2044
2052
2060
2075
2091
2097
2103
2105
2106
2101
2095
2075
2054
2033
2012
1998
1984
1977
1971
1974
1978
1992
2007
2015
2022
2011
1999
1978
1957
1944
1932
1935
1939
1952
1965
1980
1995
2006
2017
2018
2019
2014
2008
2008
2008
2009
2010
2008
2005
2007
2010
2014
2017
2004
1989
1974
1958
1967
1976
1991
2006
2003
2000
1989
1977
1966
1954
1941
1927
1930
1933
1961
1989
2016
2043
2057
2070
2079
2088
2087
2086
2068
2049
2033
2016
2014
2012
2022
2034
2055
2077
2094
2111
2104
2097
2075
2052
2039
2026
2025
2025
2029
2034
2046
2059
2073
2087
2092
2097
2094
2091
2086
2081
2077
2074
2074
2075
2084
2092
2101
2110
2107
2104
2089
2073
2063
2053
2056
2060
2065
2070
2062
2053
2032
2010
1985
1960
1945
1930
1940
1950
1980
2011
2042
2073
2091
2109
2108
2107
2089
2071
2054
2037
2034
2031
2038
2046
2063
2080
2102
2124
2133
2141
2125
2107
2086
2064
2059
2056
2067
2079
2093
2108
2121
2135
2142
2149
2146
2143
2135
2128
2122
2117
2111
2106
2102
2099
2099
2100
2091
2082
2054
2025
2000
1976
1975
1975
1980
1984
1972
1959
1936
1913
1889
1866
1848
1830
1839
1848
1884
1922
1956
1991
2009
2027
2035
2042
2035
2027
2005
1983
1965
1947
1947
1948
1964
1981
2008
2036
2058
2080
2080
2078
2062
2046
2039
2032
2039
2047
2064
2081
2098
2116
2124
2131
2126
2120
2111
2103
2101
2100
2098
2097
2092
2088
2086
2084
2080
2076
2055
2033
2008
1984
1984
1986
2002
2018
2019
2019
2005
1991
1979
1967
1962
1957
1968
1980
2010
2041
2069
2096
2111
2125
2134
2143
2142
2140
2122
2104
2094
2085
2100
2116
2137
2158
2176
2193
2206
2220
2221
2221
2207
2192
2183
2175
2180
2185
2194
2202
2207
2212
2213
2214
2206
2197
2182
2166
2152
2138
2127
2117
2108
2099
2089
2080
2061
2042
2018
1993
1981
1969
1970
1971
1966
1961
1945
1929
1911
1893
1876
1858
1849
1840
1854
1869
1898
1927
1947
1967
1975
1983
1984
1984
1972
1959
1946
1933
1936
1939
1952
1965
1980
1996
2017
2038
2051
2063
2051
2037
2020
2002
2002
2002
2012
2021
2032
2043
2057
2072
2082
2092
2092
2091
2091
2091
2095
2100
2101
2101
2102
2103
2107
2110
2100
2090
2067
2044
2034
2026
2033
2041
2040
2039
2026
2012
1996
1980
1960
1940
1930
1921
1939
1958
1987
2016
2037
2058
2071
2085
2085
2084
2062
2040
2017
1994
1986
1979
1985
1991
2011
2032
2052
2072
2067
2061
2035
2009
1990
1971
1969
1968
1977
1986
1999
2013
2022
2031
2035
2039
2043
2047
2050
2053
2056
2059
2069
2079
2092
2105
2105
2104
2083
2062
2042
2022
2020
2019
2023
2028
2023
2017
2001
1985
1966
1947
1930
1913
1913
1914
1942
1971
2007
2043
2064
2084
2086
2088
2079
2070
2050
2029
2010
1990
1987
1984
1999
2016
2039
2062
2075
2088
2080
2072
2053
2033
2024
2015
2019
2024
2032
2039
2048
2056
2067
2077
2083
2089
2089
2089
2088
2088
2086
2084
2083
2082
2087
2092
2091
2089
2073
2057
2055
2053
2074
2096
2112
2127
2125
2123
2120
2117
2115
2113
2112
2112
2125
2140
2162
2185
2199
2213
2221
2228
2228
2227
2206
2185
2160
2135
2124
2115
2115
2115
2122
2129
2144
2160
2166
2171
2154
2136
2112
2087
2072
2058
2056
2055
2061
2067
2072
2077
2073
2068
2059
2050
2041
2033
2022
2011
2004
1997
1996
1995
1984
1974
1954
1934
1926
1919
1925
1931
1933
1934
1927
1919
1909
1899
1886
1872
1862
1853
1863
1875
1898
1922
1941
1960
1976
1992
2004
2017
2010
2003
1985
1967
1965
1963
1974
1987
2005
2024
2049
2074
2092
2110
2102
2093
2076
2058
2054
2050
2054
2058
2066
2073
2084
2094
2102
2109
2110
2111
2110
2108
2100
2093
2086
2080
2085
2091
2104
2118
2119
2119
2102
2084
2067
2049
2048
2048
2054
2061
2053
2045
2023
2001
1982
1963
1953
1944
1946
1948
1971
1995
2026
2057
2069
2080
2070
2058
2042
2026
2014
2001
1992
1984
1986
1988
2005
2023
2044
2066
2072
2077
2057
2036
2008
1981
1970
1960
1962
1965
1973
1980
1996
2012
2029
2046
2052
2057
2056
2055
2054
2054
2053
2053
2059
2065
2075
2085
2078
2071
2056
2040
2044
2048
2059
2069
2057
2043
2017
1991
1969
1948
1932
1916
1921
1926
1958
1992
2022
2051
2062
2071
2076
2081
2075
2068
2040
2012
1995
1979
1990
2002
2017
2032
2043
2053
2062
2070
2063
2056
2037
2018
2014
2010
2019
2029
2039
2049
2063
2077
2090
2103
2108
2112
2115
2118
2119
2120
2120
2120
2126
2132
2134
2136
2124
2111
2111
2111
2131
2153
2165
2176
2169
2161
2158
2156
2158
2161
2166
2171
2186
2201
2216
2231
2235
2238
2242
2246
2245
2244
2222
2199
2174
2149
2139
2130
2124
2119
2116
2114
2121
2129
2125
2121
2095
2068
2044
2020
2009
2000
1995
1991
1991
1991
1994
1997
2000
2002
2003
2003
1999
1995
1984
1972
1966
1961
1961
1961
1950
1939
1923
1906
1905
1904
1911
1918
1918
1918
1911
1904
1894
1885
1872
1859
1859
1859
1884
1910
1942
1974
1993
2012
2024
2037
2046
2054
2045
2035
2018
2001
2000
1999
2010
2023
2039
2055
2072
2089
2093
2097
2083
2067
2053
2039
2037
2035
2039
2043
2057
2071
2086
2101
2101
2101
2096
2092
2100
2109
2113
2116
2114
2111
2118
2126
2127
2127
2105
2082
2068
2054
2063
2073
2072
2071
2052
2033
2018
2002
1985
1967
1949
1930
1935
1940
1963
1987
2004
2021
2028
2035
2033
2031
2011
1991
1966
1941
1931
1922
1928
1934
1952
1971
1994
2018
2027
2035
2024
2011
2002
1993
1994
1996
2002
2007
2019
2032
2049
2067
2077
2086
2093
2099
2107
2114
2113
2111
2106
2101
2108
2116
2120
2124
2104
2083
2059
2034
2033
2033
2044
2054
2048
2041
2020
1999
1981
1962
1951
1940
1941
1943
1964
1985
2008
2032
2043
2053
2053
2053
2044
2036
2017
1998
1980
1962
1961
1961
1977
1994
2017
2041
2057
2072
2066
2060
2045
2029
2027
2026
2039
2053
2075
2097
2125
2152
2173
2194
2200
2206
2214
2222
2234
2247
2250
2253
2254
2255
2262
2269
2264
2259
2242
2225
2221
2218
2222
2227
2218
2209
2193
2176
2161
2146
2129
2112
2101
2091
2097
2103
2110
2116
2113
2110
2103
2097
2081
2064
2037
2009
1991
1974
1971
1968
1966
1964
1967
1971
1980
1989
1982
1974
1957
1940
1936
1932
1935
1939
1944
1948
1961
1975
1987
1999
2000
2000
2003
2005
2012
2018
2018
2018
2017
2016
2014
2012
1997
1981
1969
1957
1965
1973
1979
1985
1976
1966
1955
1945
1934
1922
1906
1890
1894
1899
1927
1956
1980
2003
2018
2033
2050
2067
2068
2068
2048
2027
2018
2009
2018
2027
2038
2048
2063
2078
2094
2111
2105
2098
2076
2054
2041
2029
2027
2026
2032
2039
2058
2077
2091
2106
2105
2103
2102
2102
2105
2108
2106
2103
2104
2105
2115
2124
2121
2118
2099
2079
2068
2057
2058
2060
2060
2060
2048
2035
2016
1996
1977
1958
1950
1943
1953
1964
1990
2017
2044
2071
2086
2100
2099
2098
2084
2070
2054
2038
2031
2024
2032
2040
2061
2082
2103
2124
2124
2123
2102
2080
2062
2044
2044
2045
2054
2063
2075
2087
2102
2118
2124
2129
2122
2114
2106
2099
2095
2092
2084
2076
2073
2070
2073
2076
2062
2047
2016
1983
1970
1958
1971
1985
1987
1988
1970
1950
1929
1908
1893
1877
1877
1877
1902
1929
1963
1997
2016
2034
2041
2048
2044
2040
2019
1998
1980
1963
1967
1971
1986
2002
2023
2045
2069
2093
2095
2096
2075
2052
2038
2024
2029
2035
2044
2053
2062
2071
2083
2096
2102
2107
2105
2102
2098
2095
2088
2082
2075
2069
2067
2065
2053
2041
2016
1990
1980
1972
1988
2005
2011
2016
2002
1986
1975
1963
1960
1958
1958
1958
1976
1994
2022
2051
2071
2090
2104
2119
2130
2142
2134
2126
2114
2101
2111
2122
2142
2162
2178
2194
2217
2240
2254
2268
2255
2240
2225
2209
2211
2213
2220
2226
2233
2239
2247
2255
2253
2250
2237
2224
2210
2195
2181
2166
2154
2142
2132
2122
2098
2074
2043
2012
2000
1988
1985
1983
1964
1945
1922
1899
1884
1870
1857
1844
1840
1837
1856
1876
1898
1921
1931
1940
1949
1957
1962
1966
1951
1935
1919
1902
1907
1913
1929
1946
1965
1985
2005
2025
2027
2028
2012
1994
1982
1970
1971
1972
1982
1991
2009
2027
2042
2058
2061
2063
2064
2064
2069
2073
2072
2070
2070
2070
2074
2079
2072
2064
2049
2033
2031
2030
2036
2042
2039
2035
2024
2012
1995
1978
1958
1938
1933
1928
1947
1967
1996
2026
2050
2074
2087
2100
2097
2093
2076
2059
2046
2032
2031
2030
2039
2048
2068
2088
2107
2127
2126
2125
2106
2086
2073
2060
2059
2059
2065
2072
2087
2102
2116
2131
2131
2131
2127
2123
2124
2125
2126
2127
2131
2134
2141
2148
2140
2132
2109
2085
2076
2068
2073
2079
2070
2061
2036
2011
1985
1960
1937
1914
1901
1888
1897
1906
1925
1944
1959
1974
1986
1998
1999
1999
1981
1961
1943
1924
1929
1934
1953
1973
1994
2016
2033
2049
2045
2041
2022
2002
1995
1988
1997
2006
2015
2023
2034
2045
2060
2075
2082
2088
2093
2097
2105
2113
2113
2112
2110
2108
2115
2123
2113
2102
2070
2037
2026
2017
2028
2041
2033
2025
2003
1980
1965
1950
1934
1917
1914
1912
1937
1964
1988
2011
2017
2021
2033
2046
2054
2062
2042
2020
1997
1974
1976
1979
1995
2011
2032
2053
2075
2096
2097
2097
2085
2071
2067
2064
2072
2080
2100
2120
2148
2177
2194
2210
2213
2215
2226
2238
2249
2261
2257
2252
2248
2244
2243
2242
2227
2211
2195
2179
2180
2182
2182
2182
2167
2152
2137
2121
2106
2091
2076
2061
2062
2063
2076
2090
2096
2102
2098
2094
2082
2070
2048
2026
2004
1982
1969
1956
1954
1953
1963
1975
1992
2010
2009
2007
1987
1967
1953
1939
1935
1931
1931
1931
1941
1952
1969
1986
1994
2002
2008
2014
2022
2030
2029
2028
2021
2015
2012
2010
2001
1992
1978
1964
1964
1964
1972
1980
1981
1981
1973
1965
1949
1933
1913
1892
1892
1893
1922
1952
1980
2008
2021
2034
2042
2050
2050
2049
2036
2023
2016
2009
2015
2021
2031
2041
2056
2071
2088
2106
2108
2109
2092
2074
2057
2040
2039
2039
2050
2062
2073
2085
2092
2098
2100
2102
2103
2103
2103
2104
2108
2111
2114
2116
2115
2113
2105
2098
2089
2080
2078
2076
2077
2078
2069
2059
2039
2018
2000
1982
1967
1951
1944
1938
1955
1974
2007
2041
2063
2085
2092
2097
2093
2088
2074
2060
2049
2037
2039
2041
2055
2070
2089
2109
2122
2136
2126
2116
2092
2068
2054
2041
2044
2047
2057
2066
2078
2091
2102
2112
2111
2109
2100
2091
2083
2075
2064
2053
2044
2036
2041
2047
2051
2054
2036
2017
1996
1975
1979
1984
1993
2002
1986
1968
1943
1917
1901
1886
1879
1872
1882
1892
1926
1961
1992
2023
2030
2036
2031
2025
2015
2006
1991
1976
1971
1966
1980
1995
2017
2040
2060
2079
2086
2093
2082
2070
2052
2034
2032
2030
2043
2057
2072
2087
2099
2111
2116
2121
2116
2110
2101
2092
2086
2080
2073
2067
2067
2067
2073
2079
2066
2051
2020
1988
1979
1971
1988
2006
2010
2013
2001
1988
1981
1974
1968
1963
1964
1966
1995
2024
2062
2101
2122
2142
2152
2162
2169
2176
2165
2152
2136
2120
2128
2136
2160
2184
2207
2229
2246
2262
2262
2261
2243
2225
2213
2200
2200
2200
2202
2203
2206
2208
2209
2209
2199
2188
2174
2160
2150
2141
2127
2113
2099
2085
2076
2067
2048
2028
2002
1976
1968
1961
1963
1965
1950
1933
1911
1889
1877
1867
1859
1851
1848
1845
1861
1878
1904
1930
1949
1967
1976
1985
1984
1982
1967
1951
1941
1931
1937
1943
1958
1973
1992
2012
2032
2053
2054
2055
2038
2019
2008
1996
1996
1996
1996
1996
2007
2018
2038
2058
2066
2073
2072
2071
2075
2079
2080
2081
2076
2070
2072
2075
2080
2084
2072
2058
2046
2033
2038
2044
2047
2050
2037
2023
2008
1992
1974
1955
1935
1914
1917
1921
1954
1989
2020
2050
2064
2078
2082
2086
2078
2069
2053
2036
2030
2025
2028
2031
2041
2050
2073
2096
2117
2137
2124
2110
2081
2051
2038
2026
2031
2036
2051
2066
2086
2106
2115
2123
2120
2117
2116
2115
2112
2110
2101
2093
2094
2096
2110
2125
2127
2129
2113
2095
2084
2072
2075
2079
2083
2086
2078
2070
2052
2034
2012
1990
1968
1947
1947
1947
1973
2000
2032
2063
2081
2098
2101
2103
2093
2082
2064
2045
2034
2022
2021
2021
2029
2037
2055
2073
2082
2090
2070
2049
2015
1981
1963
1946
1947
1949
1965
1981
2003
2026
2041
2056
2057
2057
2054
2050
2044
2039
2032
2025
2026
2027
2037
2047
2050
2052
2037
2020
2001
1982
1980
1979
1988
1997
1996
1995
1981
1967
1951
1934
1922
1910
1914
1919
1945
1972
2003
2033
2053
2073
2084
2094
2088
2082
2056
2029
2007
1986
1988
1992
2009
2026
2047
2068
2084
2101
2094
2086
2060
2034
2020
2007
2013
2020
2031
2042
2053
2064
2075
2087
2088
2089
2084
2078
2076
2075
2073
2072
2068
2065
2069
2073
2074
2074
2055
2036
2025
2013
2030
2048
2069
2090
2094
2096
2094
2091
2087
2084
2080
2077
2089
2102
2130
2158
2179
2200
2209
2218
2221
2224
2211
2197
2173
2148
2136
2125
2129
2134
2143
2152
2161
2169
2169
2169
2152
2135
2115
2095
2086
2078
2078
2078
2084
2090
2102
2114
2116
2118
2107
2095
2084
2073
2060
2046
2029
2011
2005
2000
2004
2009
1997
1983
1957
1931
1923
1917
1921
1926
1919
1912
1900
1887
1876
1865
1853
1840
1840
1840
1864
1888
1917
1945
1963
1981
1995
2009
2013
2016
2002
1987
1969
1951
1952
1953
1970
1988
2013
2038
2060
2082
2085
2087
2072
2055
2043
2030
2030
2031
2035
2039
2049
2058
2072
2087
2093
2098
2095
2092
2092
2092
2094
2096
2094
2091
2092
2094
2099
2103
2093
2082
2063
2044
2040
2036
2041
2047
2044
2041
2026
2010
1989
1968
1952
1935
1939
1943
1968
1994
2021
2048
2063
2078
2081
2083
2077
2071
2058
2044
2033
2022
2021
2021
2033
2046
2066
2087
2098
2108
2099
2090
2071
2052
2041
2031
2036
2042
2056
2071
2085
2100
2111
2122
2125
2128
2124
2119
2113
2108
2107
2107
2111
2116
2126
2135
2138
2141
2125
2108
2091
2074
2077
2081
2089
2096
2086
2075
2056
2036
2015
1994
1972
1949
1944
1940
1963
1987
2014
2040
2053
2066
2067
2068
2053
2036
2008
1979
1959
1939
1941
1944
1965
1986
2010
2034
2043
2050
2032
2012
1985
1957
1948
1940
1955
1972
1994
2016
2033
2050
2064
2078
2083
2088
2076
2063
2052
2042
2048
2054
2061
2067
2072
2077
2087
2096
2086
2076
2045
2014
2007
2002
2020
2040
2040
2040
2022
2004
1989
1974
1958
1942
1941
1940
1969
2000
2031
2062
2072
2081
2086
2090
2086
2081
2057
2032
2012
1993
1995
1997
2009
2021
2040
2059
2075
2091
2086
2080
2059
2038
2024
2010
2010
2010
2019
2028
2043
2059
2071
2083
2086
2088
2086
2084
2082
2081
2083
2086
2092
2097
2099
2100
2097
2093
2085
2078
2073
2068
2077
2086
2104
2123
2130
2137
2131
2125
2121
2117
2118
2120
2129
2138
2155
2173
2188
2204
2210
2216
2215
2214
2200
2185
2156
2127
2105
2083
2078
2075
2083
2091
2104
2118
2121
2123
2101
2077
2048
2020
2009
2000
1999
1998
1999
2001
2015
2029
2041
2054
2049
2044
2035
2027
2021
2015
2004
1993
1987
1982
1984
1987
1978
1969
1952
1934
1932
1930
1939
1949
1950
1950
1938
1926
1911
1895
1882
1869
1869
1869
1886
1905
1932
1959
1985
2010
2028
2046
2047
2048
2034
2018
2003
1987
1985
1983
1991
2000
2018
2037
2062
2088
2099
2109
2094
2077
2059
2040
2037
2035
2038
2041
2046
2051
2065
2079
2090
2101
2099
2097
2095
2093
2093
2093
2088
2083
2082
2082
2088
2094
2092
2089
2074
2059
2052
2046
2051
2056
2056
2056
2045
2034
2017
1999
1979
1959
1949
1940
1954
1969
1997
2025
2053
2080
2102
2123
2128
2132
2113
2093
2073
2052
2049
2047
2056
2065
2082
2099
2118
2138
2139
2139
2116
2091
2065
2040
2029
2020
2018
2017
2021
2026
2036
2047
2048
2048
2036
2022
2010
1998
1992
1986
1976
1967
1964
1962
1979
1998
2012
2026
2013
1999
1985
1971
1980
1990
2002
2014
2007
1999
1982
1964
1947
1929
1922
1915
1931
1949
1979
2011
2033
2054
2065
2076
2080
2084
2073
2061
2038
2015
1999
1983
1984
1986
2006
2026
2053
2081
2095
2109
2098
2085
2065
2045
2037
2029
2032
2035
2045
2055
2069
2084
2096
2108
2113
2117
2119
2120
2120
2119
2112
2105
2101
2097
2098
2100
2091
2082
2062
2042
2040
2038
2051
2065
2070
2074
2070
2066
2066
2066
2063
2060
2059
2059
2078
2099
2130
2160
2180
2200
2209
2217
2215
2213
2198
2182
2171
2160
2160
2161
2163
2165
2173
2180
2195
2211
2212
2212
2192
2171
2155
2138
2133
2129
2127
2126
2127
2128
2127
2126
2113
2100
2083
2066
2053
2040
2027
2013
2004
1995
1995
1995
1987
1978
1955
1931
1918
1906
1912
1918
1918
1917
1902
1887
1874
1861
1852
1844
1839
1835
1847
1860
1888
1917
1943
1968
1986
2004
2013
2021
2015
2008
1997
1985
1986
1988
1999
2010
2023
2037
2058
2080
2096
2111
2100
2088
2069
2050
2041
2033
2027
2021
2018
2016
2027
2039
2048
2057
2053
2048
2045
2043
2043
2043
2036
2028
2021
2015
2011
2007
1989
1970
1950
1929
1929
1929
1939
1948
1944
1940
1922
1903
1880
1856
1840
1824
1838
1854
1899
1945
1991
2036
2062
2086
2096
2105
2099
2093
2072
2050
2032
2015
2019
2023
2041
2060
2083
2106
2125
2144
2140
2136
2111
2085
2067
2050
2052
2055
2066
2078
2096
2114
2132
2150
2149
2147
2134
2121
2117
2113
2112
2112
2107
2103
2100
2098
2086
2074
2052
2030
2025
2022
2037
2054
2057
2060
2050
2039
2034
2030
2028
2026
2029
2032
2053
2074
2101
2128
2148
2168
2186
2204
2208
2211
2189
2165
2145
2125
2134
2145
2160
2176
2183
2190
2202
2214
2219
2223
2206
2188
2171
2154
2150
2146
2145
2145
2148
2151
2157
2162
2156
2150
2137
2124
2114
2105
2086
2067
2046
2025
2021
2018
2016
2015
1997
1978
1965
1951
1953
1955
1953
1951
1938
1925
1914
1902
1890
1877
1867
1857
1866
1877
1907
1937
1965
1992
2006
2019
2022
2024
2018
2011
1997
1983
1977
1971
1980
1991
2011
2031
2051
2072
2082
2093
2084
2075
2056
2036
2026
2017
2019
2021
2029
2036
2046
2055
2059
2063
2061
2058
2058
2059
2061
2063
2060
2056
2058
2061
2070
2078
2069
2059
2039
2018
2016
2015
2024
2035
2033
2030
2017
2004
1988
1971
1952
1932
1926
1921
1940
1961
1992
2025
2052
2078
2091
2103
2099
2094
2083
2071
2063
2056
2051
2046
2050
2055
2075
2095
2112
2129
2126
2123
2107
2091
2077
2062
2058
2055
2066
2079
2096
2114
2122
2129
2129
2128
2127
2126
2122
2119
2115
2111
2111
2111
2117
2124
2131
2138
2128
2116
2086
2056
2037
2018
2019
2021
2015
2008
1983
1958
1930
1902
1875
1848
1834
1821
1842
1864
1903
1943
1969
1995
2008
2020
2019
2018
1998
1977
1961
1944
1947
1950
1963
1976
1997
2018
2045
2072
2077
2081
2061
2039
2024
2010
2015
2020
2032
2045
2061
2077
2090
2104
2109
2113
2114
2114
2114
2113
2108
2104
2099
2094
2094
2094
2095
2095
2080
2065
2038
2011
1999
1988
1999
2012
2016
2019
2002
1984
1969
1953
1946
1939
1939
1939
1956
1974
2002
2031
2050
2068
2075
2081
2078
2075
2055
2034
2015
1997
2002
2008
2025
2043
2061
2080
2103
2127
2138
2147
2133
2118
2108
2099
2113
2128
2150
2172
2191
2210
2227
2244
2253
2262
2261
2260
2255
2250
2242
2234
2224
2215
2212
2210
2205
2200
2178
2156
2128
2101
2091
2082
2080
2078
2064
2050
2032
2013
1999
1984
1970
1955
1948
1942
1954
1967
1985
2003
2008
2013
2011
2008
1999
1991
1974
1956
1941
1925
1928
1931
1949
1967
1986
2005
2015
2026
2021
2016
1998
1979
1966
1952
1951
1951
1960
1969
1985
2002
2014
2027
2027
2026
2025
2025
2030
2036
2034
2031
2022
2014
2018
2023
2026
2029
2015
2000
1989
1978
1986
1994
2001
2008
2002
1996
1984
1971
1955
1939
1926
1913
1922
1931
1960
1989
2017
2044
2060
2076
2080
2083
2074
2064
2045
2025
2013
2000
2004
2008
2026
2045
2071
2097
2113
2129
2118
2106
2082
2058
2051
2046
2056
2067
2077
2086
2096
2107
2121
2136
2139
2141
2134
2126
2123
2121
2120
2119
2117
2115
2122
2130
2137
2144
2132
2119
2100
2080
2077
2075
2076
2077
2067
2055
2035
2014
1988
1962
1938
1914
1912
1912
1933
1956
1979
2001
2010
2017
2014
2011
1997
1982
1961
1940
1924
1908
1908
1909
1928
1947
1975
2003
2022
2041
2039
2036
2021
2005
1995
1986
1992
1999
2018
2037
2057
2078
2093
2108
2115
2122
2117
2112
2102
2092
2087
2083
2082
2082
2084
2086
2091
2095
2085
2073
2046
2019
2011
2004
2019
2036
2037
2038
2018
1996
1974
1953
1936
1919
1916
1913
1934
1956
1984
2012
2025
2037
2045
2053
2053
2052
2027
2002
1977
1953
1957
1962
1986
2010
2037
2063
2086
2108
2113
2117
2107
2096
2094
2093
2104
2117
2131
2145
2165
2186
2212
2239
2253
2267
2266
2265
2265
2265
2267
2269
2270
2270
2270
2270
2262
2254
2232
2209
2191
2173
2176
2179
2181
2182
2163
2143
2116
2089
2069
2049
2037
2024
2020
2017
2025
2034
2044
2054
2052
2049
2034
2019
1999
1979
1959
1938
1925
1911
1912
1913
1928
1944
1963
1982
1991
1999
1989
1978
1960
1942
1938
1934
1941
1949
1958
1967
1980
1994
2007
2021
2022
2022
2018
2014
2017
2020
2025
2029
2031
2032
2035
2038
2030
2021
2001
1980
1974
1969
1981
1995
2000
2005
1995
1984
1967
1950
1934
1917
1913
1910
1925
1942
1966
1990
2014
2037
2055
2072
2069
2066
2045
2024
2010
1996
1998
2000
2009
2018
2036
2054
2075
2097
2101
2104
2087
2068
2054
2039
2037
2036
2039
2043
2054
2065
2084
2103
2114
2125
2122
2119
2117
2115
2117
2120
2117
2113
2112
2112
2127
2144
2150
2156
2134
2110
2090
2071
2076
2082
2082
2082
2066
2049
2034
2019
2003
1987
1971
1955
1963
1972
2003
2035
2063
2091
2105
2118
2115
2112
2092
2071
2046
2022
2007
1993
1991
1989
1998
2009
2026
2043
2045
2046
2026
2004
1977
1950
1940
1932
1942
1953
1971
1990
2009
2029
2046
2064
2071
2078
2072
2066
2056
2047
2042
2038
2041
2044
2056
2068
2074
2080
2064
2047
2026
2004
2005
2007
2022
2037
2037
2036
2018
1999
1977
1954
1938
1923
1930
1938
1962
1987
2010
2032
2047
2062
2067
2071
2055
2037
2009
1980
1966
1953
1958
1963
1976
1989
2007
2026
2041
2056
2050
2043
2020
1997
1983
1969
1974
1980
1992
2004
2014
2023
2033
2042
2050
2057
2058
2059
2055
2051
2049
2047
2053
2060
2069
2077
2074
2070
2060
2051
2059
2067
2093
2120
2142
2164
2171
2177
2176
2175
2171
2168
2171
2174
2195
2216
2245
2273
2293
2312
2322
2331
2327
2322
2299
2275
2253
2231
2225
2220
2214
2209
2202
2196
2202
2208
2209
2209
2182
2154
2124
2095
2085
2076
2072
2068
2061
2054
2053
2052
2049
2047
2036
2025
2008
1990
1972
1954
1943
1931
1929
1928
1926
1924
1912
1899
1889
1880
1881
1882
1882
1882
1872
1863
1850
1837
1825
1813
1812
1811
1828
1847
1874
1902
1922
1942
1955
1968
1979
1990
1989
1987
1976
1965
1964
1963
1973
1985
2001
2018
2039
2060
2075
2090
2083
2075
2056
2036
2030
2024
2030
2036
2045
2054
2064
2074
2082
2090
2093
2095
2097
2098
2101
2104
2104
2104
2102
2101
2102
2104
2098
2092
2076
2060
2054
2049
2056
2063
2060
2057
2037
2016
1995
1974
1959
1945
1943
1942
1961
1982
2013
2044
2066
2087
2097
2105
2100
2095
2078
2060
2046
2031
2031
2031
2040
2050
2069
2089
2107
2125
2119
2113
2092
2070
2059
2048
2050
2052
2062
2073
2093
2113
2127
2141
2140
2138
2137
2136
2141
2146
2146
2146
2147
2148
2156
2164
2160
2156
2138
2119
2110
2102
2103
2104
2094
2083
2061
2038
2015
1993
1971
1949
1933
1917
1922
1928
1948
1969
1985
2001
2005
2009
2002
1995
1976
1956
1940
1923
1925
1927
1941
1955
1973
1991
2009
2028
2032
2036
2020
2003
1988
1973
1975
1978
1991
2005
2021
2037
2051
2066
2072
2077
2079
2081
2084
2087
2087
2086
2087
2089
2099
2110
2108
2106
2084
2061
2045
2030
2034
2038
2040
2042
2030
2016
1993
1970
1947
1924
1921
1920
1942
1965
1989
2013
2027
2041
2054
2068
2072
2076
2054
2031
2000
1970
1962
1956
1968
1982
2003
2024
2047
2070
2080
2089
2079
2067
2056
2044
2044
2044
2053
2062
2082
2103
2128
2153
2168
2182
2193
2205
2218
2231
2232
2232
2228
2223
2229
2235
2233
2231
2213
2194
2191
2188
2197
2207
2198
2188
2169
2149
2139
2129
2118
2106
2094
2082
2085
2088
2096
2103
2105
2107
2106
2104
2088
2072
2044
2015
1996
1978
1976
1975
1976
1977
1983
1989
1994
1999
1992
1984
1971
1957
1951
1945
1942
1940
1943
1947
1964
1981
1994
2007
2008
2008
2009
2010
2016
2021
2020
2018
2016
2015
2016
2017
2007
1996
1980
1963
1965
1967
1977
1988
1985
1982
1968
1954
1941
1927
1917
1907
1910
1914
1934
1955
1977
2000
2018
2036
2047
2059
2056
2053
2036
2019
2008
1997
2000
2003
2016
2029
2049
2069
2085
2101
2095
2089
2069
2048
2037
2027
2031
2036
2046
2055
2065
2075
2084
2093
2097
2101
2105
2108
2111
2113
2111
2108
2108
2108
2115
2122
2122
2121
2104
2087
2074
2061
2065
2069
2071
2073
2056
2037
2013
1988
1969
1950
1940
1929
1932
1936
1958
1981
2007
2033
2041
2047
2035
2022
2003
1984
1966
1947
1937
1926
1931
1937
1959
1981
2005
2029
2034
2038
2021
2002
1985
1968
1970
1972
1987
2002
2022
2042
2062
2082
2089
2096
2094
2092
2097
2102
2105
2108
2100
2092
2092
2092
2099
2106
2091
2075
2050
2025
2027
2031
2046
2062
2057
2051
2031
2010
1990
1970
1958
1945
1953
1962
1988
2015
2038
2061
2074
2086
2089
2092
2078
2062
2037
2011
1999
1987
1996
2005
2023
2042
2065
2089
2110
2130
2130
2129
2115
2101
2099
2098
2109
2121
2135
2150
2169
2189
2208
2227
2233
2239
2240
2240
2244
2248
2247
2246
2240
2234
2228
2222
2203
2183
2158
2133
2130
2128
2137
2146
2133
2118
2087
2055
2033
2011
2004
1999
2008
2018
2033
2049
2055
2061
2058
2055
2046
2038
2020
2001
1983
1964
1961
1959
1965
1971
1980
1988
2003
2018
2024
2029
2012
1994
1977
1960
1960
1960
1964
1969
1976
1982
1996
2010
2017
2023
2020
2016
2017
2019
2025
2030
2029
2028
2026
2025
2024
2023
2009
1995
1982
1969
1973
1977
1984
1991
1984
1976
1962
1947
1932
1917
1906
1895
1903
1911
1938
1965
1993
2021
2041
2061
2069
2076
2066
2054
2035
2016
2009
2002
2006
2010
2022
2034
2055
2076
2091
2105
2098
2090
2073
2056
2047
2038
2037
2036
2046
2057
2077
2098
2111
2123
2120
2116
2114
2112
2114
2117
2115
2113
2109
2106
2107
2108
2102
2095
2077
2059
2051
2043
2046
2049
2042
2035
2016
1996
1976
1955
1934
1913
1903
1894
1906
1919
1935
1952
1962
1973
2003
2033
2083
2133
2157
2179
2161
2140
2105
2068
2037
2005
1992
1979
1990
2003
2017
2031
2034
2036
2041
2046
2053
2059
2057
2055
2053
2051
2045
2040
2022
2004
1995
1987
1992
1998
1989
1979
1968
1957
1988
2021
2070
2120
2136
2151
2142
2132
2121
2109
2087
2065
2035
2006
1983
1961
1940
1919
1907
1895
1907
1920
1943
1967
1987
2007
2022
2037
2038
2039
2021
2002
1990
1978
1984
1990
2001
2012
2027
2042
2066
2090
2106
2122
2117
2111
2092
2073
2056
2039
2047
2055
2087
2121
2126
2130
2080
2027
1979
1931
1934
1939
1969
2000
2040
2081
2136
2192
2233
2274
2285
2296
2314
2332
2357
2383
2381
2378
2356
2334
2317
2301
2281
2260
2235
2211
2201
2193
2185
2178
2153
2128
2099
2070
2043
2017
1991
1966
1955
1946
1950
1955
1956
1957
1961
1964
1982
2000
2008
2016
2003
1988
1975
1962
1957
1953
1949
1945
1946
1947
1954
1960
1963
1965
1970
1974
1983
1992
1996
2000
2001
2002
2005
2007
1998
1987
1967
1946
1944
1942
1955
1970
1972
1974
1961
1947
1931
1914
1903
1891
1892
1893
1911
1930
1953
1976
1997
2018
2037
2056
2062
2068
2057
2045
2035
2026
2028
2030
2036
2042
2057
2072
2092
2113
2111
2108
2080
2051
2035
2020
2021
2023
2022
2021
2025
2030
2049
2069
2082
2095
2099
2102
2106
2110
2111
2111
2111
2110
2117
2125
2126
2126
2110
2093
2083
2072
2072
2072
2064
2057
2042
2027
2012
1996
1979
1962
1952
1943
1955
1968
1995
2022
2047
2072
2089
2106
2108
2110
2098
2084
2069
2054
2050
2047
2050
2054
2067
2080
2100
2121
2128
2134
2117
2099
2080
2061
2057
2054
2059
2064
2074
2085
2097
2109
2112
2115
2111
2106
2100
2095
2086
2078
2069
2061
2058
2056
2046
2037
2017
1997
1988
1979
1982
1985
1981
1977
1965
1953
1939
1925
1906
1887
1877
1868
1886
1905
1940
1977
2008
2039
2054
2069
2064
2059
2040
2021
2006
1991
1987
1983
1992
2002
2026
2050
2073
2096
2098
2099
2083
2066
2053
2040
2041
2042
2054
2067
2081
2096
2106
2117
2120
2122
2120
2117
2112
2108
2101
2095
2089
2083
2082
2081
2078
2075
2055
2035
2014
1992
1992
1993
2002
2011
2004
1996
1979
1962
1949
1935
1928
1922
1932
1943
1970
1998
2023
2047
2063
2079
2088
2096
2091
2085
2070
2054
2050
2046
2055
2066
2084
2102
2129
2157
2181
2205
2205
2203
2187
2171
2169
2168
2179
2191
2205
2220
2238
2256
2269
2283
2279
2274
2261
2247
2237
2227
2211
2194
2175
2155
2150
2146
2138
2131
2101
2070
2045
2021
2021
2023
2021
2019
1995
1970
1945
1921
1907
1893
1889
1885
1896
1909
1931
1954
1970
1985
1989
1992
1985
1978
1960
1941
1927
1913
1917
1922
1937
1952
1968
1984
2000
2017
2021
2025
2011
1995
1980
1965
1966
1967
1978
1990
2002
2014
2025
2037
2043
2049
2050
2051
2052
2052
2051
2051
2051
2051
2054
2057
2057
2056
2043
2030
2018
2005
2009
2013
2024
2035
2031
2026
2006
1986
1968
1949
1939
1929
1932
1936
1960
1985
2018
2051
2071
2090
2093
2095
2088
2081
2063
2045
2031
2016
2020
2025
2041
2057
2072
2087
2097
2108
2103
2097
2077
2056
2043
2031
2037
2043
2053
2064
2075
2087
2099
2112
2116
2119
2114
2108
2105
2102
2100
2098
2096
2094
2104
2116
2129
2142
2129
2115
2092
2068
2067
2067
2076
2085
2076
2066
2048
2030
2015
2000
1980
1960
1952
1945
1966
1989
2020
2052
2072
2092
2100
2108
2099
2090
2067
2044
2030
2017
2020
2023
2038
2053
2076
2100
2113
2126
2112
2096
2076
2055
2047
2041
2042
2044
2054
2065
2085
2105
2117
2130
2129
2127
2118
2109
2096
2083
2069
2055
2045
2036
2036
2037
2045
2053
2049
2045
2019
1992
1974
1956
1969
1983
1996
2010
1996
1981
1952
1922
1896
1871
1858
1846
1862
1879
1916
1954
1986
2019
2036
2053
2054
2054
2034
2012
1981
1949
1938
1929
1948
1969
1998
2028
2051
2074
2083
2090
2077
2063
2042
2021
2018
2016
2033
2051
2067
2084
2095
2106
2116
2127
2128
2129
2119
2107
2098
2089
2087
2085
2085
2086
2090
2094
2091
2087
2064
2040
2017
1995
1997
2001
2015
2030
2027
2023
2007
1991
1977
1962
1956
1950
1961
1974
2003
2032
2056
2080
2093
2106
2115
2124
2124
2123
2110
2096
2090
2084
2093
2104
2121
2138
2161
2184
2206
2228
2228
2226
2207
2187
2181
2175
2182
2190
2195
2199
2204
2208
2213
2218
2209
2200
2181
2162
2149
2136
2126
2115
2104
2093
2086
2079
2063
2047
2020
1993
1978
1963
1965
1968
1965
1962
1948
1933
1919
1904
1888
1871
1859
1846
1856
1868
1894
1920
1937
1954
1964
1975
1982
1989
1981
1972
1957
1941
1943
1946
1958
1971
1984
1997
2019
2041
2058
2075
2061
2045
2023
2000
2000
2001
2010
2018
2024
2029
2044
2059
2069
2080
2074
2067
2064
2062
2071
2080
2082
2083
2082
2080
2083
2087
2081
2074
2054
2033
2024
2016
2023
2031
2034
2036
2029
2021
2006
1991
1971
1950
1937
1923
1933
1945
1973
2002
2028
2053
2068
2083
2086
2088
2077
2065
2048
2031
2023
2016
2020
2025
2040
2055
2075
2096
2106
2116
2103
2089
2066
2043
2033
2025
2034
2044
2060
2076
2090
2105
2114
2123
2122
2120
2113
2106
2103
2100
2101
2102
2107
2111
2121
2130
2135
2139
2125
2109
2091
2073
2074
2076
2084
2091
2083
2075
2058
2040
2018
1995
1966
1938
1930
1924
1948
1973
2000
2027
2039
2050
2051
2051
2036
2021
1996
1970
1953
1937
1938
1940
1955
1970
1990
2010
2022
2035
2031
2027
2012
1997
1985
1973
1976
1980
1997
2014
2030
2047
2059
2071
2075
2079
2072
2064
2056
2049
2052
2055
2059
2062
2065
2068
2078
2087
2080
2072
2043
2013
2005
1998
2017
2037
2037
2037
2015
1992
1973
1955
1941
1927
1923
1919
1938
1958
1983
2009
2025
2040
2049
2058
2052
2046
2018
1989
1967
1945
1945
1946
1959
1973
1992
2011
2030
2049
2049
2049
2032
2014
2006
1998
2002
2007
2018
2030
2051
2073
2100
2127
2140
2152
2155
2157
2165
2173
2183
2192
2199
2206
2217
2229
2235
2241
2230
2218
2209
2201
2212
2224
2238
2253
2252
2250
2240
2230
2216
2201
2182
2163
2154
2145
2151
2158
2165
2171
2166
2160
2142
2124
2101
2078
2058
2039
2029
2019
2011
2003
1999
1995
2002
2010
2013
2016
1999
1980
1960
1939
1935
1932
1936
1940
1948
1955
1966
1978
1982
1985
1980
1975
1975
1975
1980
1985
1985
1984
1984
1985
1987
1989
1979
1968
1952
1935
1934
1933
1942
1951
1953
1955
1948
1940
1930
1920
1911
1903
1905
1907
1929
1951
1982
2013
2034
2054
2059
2064
2058
2052
2037
2022
2010
1998
1999
2000
2012
2025
2044
2064
2084
2105
2108
2111
2094
2076
2062
2047
2046
2046
2051
2056
2067
2079
2092
2106
2107
2107
2102
2096
2097
2099
2102
2104
2105
2106
2113
2120
2120
2119
2100
2081
2068
2055
2058
2062
2063
2064
2051
2036
2013
1990
1964
1939
1923
1908
1911
1915
1930
1946
1964
1982
1996
2011
2011
2010
1992
1974
1958
1942
1941
1941
1950
1959
1976
1994
2018
2042
2058
2073
2069
2065
2053
2041
2038
2035
2044
2054
2070
2087
2099
2112
2118
2123
2126
2128
2126
2124
2113
2101
2093
2086
2093
2100
2102
2104
2085
2064
2041
2018
2015
2014
2021
2028
2024
2020
2002
1984
1965
1945
1940
1935
1946
1959
1978
1998
2015
2033
2046
2060
2060
2060
2041
2022
1999
1976
1965
1955
1958
1961
1974
1987
2007
2028
2042
2055
2049
2042
2030
2017
2017
2018
2031
2045
2062
2079
2096
2113
2125
2137
2144
2151
2160
2169
2179
2189
2197
2204
2210
2216
2214
2211
2199
2186
2184
2183
2197
2212
2221
2229
2224
2218
2211
2204
2195
2187
2174
2161
2157
2154
2163
2172
2177
2182
2176
2169
2151
2132
2105
2077
2056
2035
2030
2026
2022
2019
2014
2009
2014
2019
2020
2020
2002
1983
1966
1949
1946
1943
1946
1950
1960
1969
1980
1991
1992
1993
1993
1992
1995
1999
1998
1996
1994
1992
1998
2004
1999
1993
1973
1953
1950
1947
1958
1971
1971
1970
1957
1943
1929
1914
1900
1886
1888
1891
1916
1942
1971
1999
2022
2044
2066
2087
2095
2102
2086
2069
2052
2035
2031
2027
2029
2031
2043
2055
2073
2091
2093
2094
2078
2060
2045
2029
2022
2016
2017
2018
2032
2046
2061
2076
2080
2083
2088
2092
2100
2107
2105
2102
2102
2102
2116
2131
2133
2135
2114
2092
2078
2065
2068
2072
2068
2063
2045
2027
2009
1990
1971
1951
1939
1926
1932
1938
1957
1977
1997
2018
2032
2046
2041
2036
2010
1984
1956
1928
1915
1903
1908
1914
1929
1945
1959
1974
1976
1978
1970
1961
1955
1949
1961
1974
2002
2030
2060
2089
2110
2130
2140
2149
2150
2150
2151
2151
2154
2157
2162
2166
2168
2170
2160
2149
2121
2093
2071
2049
2049
2051
2052
2052
2031
2009
1982
1956
1946
1938
1939
1941
1950
1958
1977
1996
2016
2036
2045
2053
2048
2042
2022
2001
1979
1957
1952
1948
1961
1976
1995
2015
2033
2052
2061
2070
2062
2053
2043
2032
2037
2042
2055
2068
2078
2088
2101
2114
2128
2143
2153
2164
2174
2183
2193
2204
2213
2222
2227
2232
2225
2217
2202
2187
2189
2191
2208
2226
2226
2226
2210
2193
2184
2176
2166
2157
2141
2124
2124
2124
2135
2147
2144
2141
2130
2119
2110
2101
2082
2062
2042
2021
2015
2010
2009
2008
2007
2007
2015
2024
2024
2024
2003
1981
1965
1950
1953
1956
1963
1969
1979
1990
2004
2019
2021
2023
2018
2012
2012
2012
2012
2012
2004
1997
1987
1978
1962
1946
1932
1918
1922
1926
1936
1946
1941
1935
1925
1915
1912
1910
1908
1907
1915
1924
1952
1981
2013
2045
2067
2088
2102
2116
2113
2110
2091
2072
2062
2051
2055
2060
2067
2073
2083
2094
2107
2120
2118
2116
2100
2083
2069
2054
2044
2034
2033
2032
2045
2059
2069
2080
2078
2075
2077
2079
2085
2091
2088
2085
2082
2080
2080
2081
2066
2049
2026
2003
2001
2001
2008
2016
2004
1990
1966
1941
1917
1894
1871
1848
1842
1837
1859
1882
1907
1932
1941
1949
1955
1961
1965
1968
1960
1951
1947
1943
1962
1983
2015
2047
2072
2097
2108
2118
2108
2097
2077
2057
2048
2040
2046
2052
2067
2082
2100
2118
2128
2137
2132
2126
2118
2110
2107
2105
2104
2104
2103
2102
2094
2087
2067
2047
2033
2019
2024
2029
2031
2032
2016
1999
1981
1962
1952
1943
1942
1942
1955
1970
1995
2021
2045
2069
2085
2100
2104
2108
2096
2083
2067
2051
2052
2054
2070
2087
2106
2125
2146
2168
2183
2198
2194
2189
2181
2173
2177
2182
2196
2211
2230
2249
2267
2286
2294
2301
2300
2298
2295
2292
2285
2278
2268
2257
2247
2238
2217
2196
2165
2135
2122
2109
2108
2107
2089
2070
2043
2015
1994
1974
1954
1934
1922
1909
1919
1931
1946
1962
1964
1966
1967
1967
1962
1958
1940
1921
1910
1899
1903
1908
1917
1926
1943
1961
1981
2002
2003
2002
1987
1972
1972
1972
1980
1989
1994
1999
2009
2020
2032
2045
2049
2052
2055
2057
2061
2065
2062
2058
2054
2051
2049
2047
2031
2015
1995
1974
1973
1973
1983
1993
1989
1985
1971
1956
1944
1931
1921
1911
1914
1918
1945
1972
2004
2036
2056
2076
2084
2091
2087
2083
2067
2050
2037
2023
2024
2025
2039
2053
2076
2099
2118
2137
2132
2127
2109
2090
2081
2073
2074
2075
2082
2089
2102
2115
2120
2125
2121
2117
2117
2117
2117
2117
2111
2104
2105
2106
2114
2121
2109
2095
2068
2041
2029
2017
2017
2017
2005
1992
1969
1946
1923
1900
1880
1861
1855
1850
1866
1883
1909
1936
1956
1976
1987
1998
2000
2002
1993
1983
1974
1966
1971
1977
1996
2015
2038
2062
2076
2090
2082
2073
2059
2045
2047
2049
2056
2062
2067
2072
2085
2098
2108
2119
2117
2114
2114
2115
2123
2130
2130
2129
2128
2128
2124
2121
2095
2068
2043
2018
2023
2029
2039
2048
2032
2014
1990
1966
1951
1936
1932
1928
1941
1955
1980
2005
2026
2046
2059
2071
2069
2067
2045
2023
2001
1979
1975
1972
1976
1980
1991
2002
2023
2044
2054
2063
2049
2034
2025
2016
2025
2035
2051
2068
2088
2108
2130
2152
2164
2175
2184
2192
2207
2222
2230
2238
2242
2245
2253
2260
2256
2251
2234
2216
2214
2212
2220
2229
2221
2213
2195
2176
2162
2148
2132
2116
2106
2095
2099
2103
2107
2110
2108
2105
2100
2096
2076
2056
2022
1987
1967
1948
1945
1943
1941
1939
1949
1960
1983
2007
2010
2012
1994
1975
1968
1961
1967
1974
1977
1979
1981
1983
1989
1995
2000
2005
2009
2012
2014
2015
2013
2011
2010
2009
2007
2006
1993
1980
1968
1955
1958
1962
1970
1977
1970
1962
1944
1926
1911
1895
1889
1883
1892
1902
1926
1950
1973
1995
2010
2024
2032
2039
2036
2033
2020
2006
1999
1992
1997
2003
2018
2034
2057
2080
2102
2124
2123
2121
2100
2079
2065
2051
2053
2055
2064
2073
2085
2098
2105
2112
2108
2104
2102
2100
2106
2112
2113
2113
2110
2107
2108
2110
2104
2097
2081
2065
2063
2061
2065
2070
2060
2049
2031
2012
1999
1986
1974
1961
1961
1961
1983
2007
2034
2060
2077
2093
2102
2111
2104
2097
2074
2050
2037
2025
2031
2037
2048
2060
2075
2090
2100
2111
2102
2092
2073
2053
2045
2037
2040
2044
2053
2062
2074
2087
2095
2103
2103
2103
2099
2095
2090
2086
2082
2078
2076
2074
2071
2069
2058
2047
2034
2020
2020
2021
2030
2039
2031
2023
2000
1976
1957
1939
1929
1919
1914
1909
1921
1934
1960
1986
2003
2019
2015
2011
1986
1961
1920
1879
1847
1816
1822
1830
1868
1908
1950
1993
2019
2043
2044
2043
2031
2019
2017
2016
2026
2038
2057
2076
2100
2124
2143
2161
2166
2171
2170
2168
2161
2154
2144
2134
2128
2123
2116
2110
2097
2084
2083
2083
2096
2110
2111
2112
2100
2087
2080
2074
2075
2076
2082
2087
2106
2126
2150
2174
2187
2199
2204
2208
2209
2209
2199
2188
2174
2160
2156
2152
2157
2163
2173
2183
2189
2194
2186
2177
2157
2136
2115
2094
2081
2068
2067
2067
2071
2076
2076
2076
2069
2063
2053
2042
2029
2016
2011
2007
2009
2011
2001
1989
1970
1950
1947
1945
1953
1961
1959
1957
1945
1932
1917
1901
1889
1877
1878
1880
1900
1920
1946
1973
1994
2014
2022
2029
2026
2023
2024
2025
2034
2043
2047
2050
2049
2048
2051
2055
2059
2062
2055
2047
2030
2012
1999
1986
1986
1986
1994
2002
2007
2012
2017
2021
2031
2042
2053
2064
2071
2077
2084
2091
2097
2103
2095
2087
2066
2045
2031
2017
2021
2026
2031
2036
2024
2011
1990
1968
1951
1935
1928
1922
1930
1938
1964
1990
2021
2051
2069
2086
2087
2087
2076
2065
2052
2038
2032
2027
2031
2036
2049
2063
2077
2092
2096
2099
2087
2074
2061
2047
2043
2040
2045
2051
2065
2080
2095
2110
2118
2125
2128
2130
2131
2132
2130
2128
2131
2135
2142
2148
2138
2126
2106
2085
2079
2075
2076
2077
2065
2051
2032
2012
1992
1972
1951
1931
1932
1934
1963
1993
2016
2039
2046
2051
2047
2043
2023
2003
1978
1953
1944
1936
1941
1946
1957
1968
1988
2009
2022
2034
2022
2009
1995
1980
1977
1975
1978
1981
1998
2016
2042
2068
2078
2086
2086
2085
2091
2097
2098
2098
2097
2095
2104
2115
2110
2105
2077
2049
2039
2030
2040
2052
2044
2035
2011
1987
1971
1955
1946
1938
1941
1945
1967
1989
2011
2032
2045
2057
2066
2074
2066
2058
2034
2009
1992
1975
1974
1973
1983
1995
2017
2040
2054
2067
2058
2048
2039
2030
2027
2025
2019
2013
2019
2025
2046
2067
2078
2088
2094
2099
2112
2126
2128
2129
2122
2114
2121
2128
2130
2132
2120
2107
2112
2117
2137
2157
2152
2147
2129
2111
2109
2107
2111
2116
2123
2130
2146
2162
2177
2193
2200
2207
2203
2199
2179
2158
2133
2108
2097
2087
2088
2090
2097
2104
2113
2121
2115
2109
2084
2059
2037
2016
2007
1999
1994
1990
1995
2000
2014
2029
2035
2041
2038
2034
2032
2031
2029
2028
2021
2015
2005
1996
1983
1969
1959
1949
1951
1953
1955
1957
1946
1934
1915
1895
1881
1866
1863
1861
1876
1892
1918
1945
1966
1986
1996
2007
2011
2014
2009
2004
1994
1984
1982
1981
1988
1996
2011
2026
2046
2067
2079
2091
2081
2069
2050
2031
2026
2021
2028
2035
2045
2056
2065
2074
2080
2086
2093
2099
2107
2114
2114
2113
2107
2102
2104
2106
2107
2107
2094
2080
2071
2062
2064
2067
2065
2062
2046
2029
2008
1986
1965
1945
1940
1936
1951
1968
1991
2014
2037
2059
2077
2094
2090
2086
2066
2045
2033
2021
2023
2026
2034
2042
2060
2079
2098
2118
2117
2115
2097
2078
2068
2058
2057
2056
2056
2057
2065
2073
2088
2103
2110
2116
2113
2110
2106
2103
2101
2099
2096
2093
2097
2102
2110
2117
2102
2086
2057
2028
2018
2010
2014
2018
2004
1989
1960
1931
1909
1887
1876
1865
1869
1874
1900
1926
1958
1990
2009
2027
2027
2027
2013
1998
1982
1966
1960
1955
1964
1974
1996
2019
2044
2068
2077
2085
2073
2060
2043
2026
2021
2017
2027
2039
2056
2073
2086
2099
2107
2114
2118
2122
2123
2124
2119
2113
2101
2089
2082
2076
2078
2080
2074
2067
2043
2018
2001
1985
1990
1995
1999
2002
1993
1984
1970
1956
1943
1929
1925
1922
1941
1961
1991
2020
2044
2068
2089
2109
2117
2124
2110
2095
2083
2071
2079
2088
2106
2125
2148
2171
2200
2228
2241
2254
2246
2238
2228
2217
2218
2219
2227
2234
2243
2252
2258
2263
2259
2254
2241
2227
2215
2202
2189
2176
2160
2143
2128
2113
2101
2089
2068
2047
2020
1994
1983
1974
1970
1967
1946
1925
1898
1872
1856
1840
1830
1819
1819
1820
1844
1868
1896
1923
1937
1950
1952
1954
1945
1935
1922
1909
1915
1922
1946
1970
1994
2017
2041
2065
2083
2100
2094
2088
2069
2050
2043
2037
2043
2049
2059
2069
2079
2090
2095
2100
2097
2094
2086
2079
2075
2071
2067
2064
2062
2061
2065
2070
2071
2072
2056
2039
2023
2006
2010
2015
2023
2031
2021
2010
1993
1975
1959
1942
1926
1909
1915
1922
1956
1991
2020
2048
2057
2065
2068
2071
2064
2057
2038
2019
2011
2004
2013
2023
2039
2055
2075
2096
2111
2126
2114
2100
2073
2046
2033
2020
2026
2033
2048
2063
2079
2095
2105
2115
2115
2114
2108
2103
2100
2097
2096
2095
2095
2095
2103
2111
2120
2129
2122
2115
2095
2075
2071
2068
2076
2084
2078
2072
2052
2031
2010
1990
1969
1948
1939
1932
1952
1973
2005
2037
2059
2080
2092
2103
2097
2090
2067
2043
2028
2013
2014
2016
2027
2038
2062
2087
2110
2133
2126
2118
2091
2064
2047
2031
2031
2031
2041
2053
2071
2090
2100
2111
2110
2109
2098
2087
2068
2048
2030
2012
2006
2001
2004
2007
2017
2026
2031
2035
2020
2004
1988
1972
1981
1990
2001
2013
2001
1987
1965
1943
1922
1902
1888
1875
1887
1901
1933
1967
1994
2020
2038
2055
2064
2072
2059
2045
2022
1999
1992
1986
1995
2004
2023
2043
2067
2092
2106
2119
2110
2100
2083
2065
2054
2043
2042
2042
2051
2061
2073
2085
2092
2098
2099
2099
2095
2090
2081
2073
2064
2056
2052
2048
2050
2053
2056
2058
2041
2022
1994
1966
1963
1961
1978
1996
1997
1997
1984
1969
1958
1947
1937
1927
1928
1929
1957
1986
2023
2060
2079
2098
2106
2113
2115
2116
2105
2093
2084
2076
2088
2102
2126
2150
2173
2195
2216
2236
2243
2250
2238
2225
2210
2195
2193
2192
2199
2207
2219
2232
2241
2249
2245
2240
2226
2211
2195
2179
2160
2140
2124
2108
2103
2098
2087
2076
2050
2024
1999
1975
1963
1952
1947
1943
1937
1931
1921
1910
1893
1875
1856
1836
1827
1818
1828
1839
1865
1891
1916
1940
1953
1966
1967
1967
1957
1945
1933
1921
1922
1923
1937
1951
1971
1991
2017
2043
2060
2077
2068
2057
2039
2020
2018
2017
2027
2038
2053
2068
2086
2104
2114
2123
2120
2116
2112
2108
2103
2099
2089
2079
2076
2073
2080
2087
2087
2087
2070
2053
2039
2025
2028
2032
2042
2052
2048
2044
2024
2004
1980
1957
1943
1930
1939
1949
1980
2012
2043
2074
2085
2096
2091
2085
2074
2063
2050
2037
2027
2017
2019
2021
2039
2058
2081
2104
2113
2120
2105
2088
2066
2044
2032
2020
2019
2018
2027
2038
2055
2073
2084
2096
2096
2095
2089
2083
2078
2073
2069
2066
2066
2066
2071
2076
2088
2101
2111
2121
2111
2100
2080
2059
2061
2065
2084
2103
2100
2096
2069
2042
2015
1989
1970
1951
1951
1952
1981
2010
2042
2075
2087
2099
2100
2100
2092
2084
2063
2042
2024
2007
2012
2017
2036
2056
2076
2096
2107
2117
2102
2085
2053
2019
1998
1978
1975
1973
1981
1989
2003
2018
2028
2037
2036
2034
2028
2023
2018
2014
2008
2003
2002
2001
2010
2020
2032
2045
2047
2048
2036
2022
2012
2002
2011
2020
2030
2039
2026
2011
1986
1960
1941
1922
1916
1910
1926
1943
1977
2012
2039
2066
2077
2087
2088
2088
2074
2059
2034
2008
1994
1980
1987
1994
2014
2034
2058
2081
2091
2099
2085
2069
2047
2025
2016
2009
2012
2015
2025
2034
2049
2064
2075
2086
2085
2084
2078
2073
2072
2071
2067
2064
2061
2059
2063
2067
2063
2059
2042
2024
2024
2024
2048
2074
2090
2106
2102
2097
2095
2094
2094
2095
2096
2097
2116
2135
2168
2202
2223
2243
2247
2250
2246
2242
2223
2204
2181
2158
2150
2143
2146
2150
2155
2160
2169
2177
2177
2177
2154
2130
2102
2075
2065
2056
2055
2055
2054
2053
2056
2059
2063
2066
2060
2053
2040
2027
2017
2006
1998
1990
1986
1982
1978
1975
1963
1950
1936
1922
1923
1924
1934
1944
1943
1942
1929
1916
1901
1885
1875
1865
1871
1878
1903
1929
1958
1987
2008
2028
2037
2046
2039
2032
2012
1991
1976
1962
1966
1971
1988
2005
2023
2042
2056
2070
2070
2069
2053
2036
2022
2007
2004
2001
2006
2011
2021
2032
2048
2064
2072
2080
2077
2073
2069
2065
2066
2067
2067
2067
2069
2072
2082
2091
2088
2085
2068
2050
2046
2043
2056
2070
2074
2077
2066
2053
2037
2020
2002
1984
1974
1964
1977
1992
2021
2052
2076
2100
2114
2127
2127
2127
2106
2085
2058
2031
2023
2016
2027
2039
2059
2079
2099
2120
2127
2132
2115
2097
2077
2057
2051
2047
2052
2058
2068
2078
2091
2105
2114
2123
2122
2121
2111
2102
2092
2081
2075
2069
2071
2073
2083
2092
2097
2101
2088
2073
2049
2025
2020
2016
2026
2037
2033
2028
2005
1982
1956
1931
1905
1880
1869
1859
1879
1901
1932
1963
1980
1996
2007
2019
2023
2027
2007
1986
1964
1942
1946
1951
1971
1991
2011
2031
2048
2066
2066
2066
2046
2025
2010
1995
2001
2007
2023
2040
2057
2074
2086
2099
2101
2103
2100
2096
2093
2090
2088
2086
2084
2083
2086
2090
2093
2096
2082
2066
2037
2006
1990
1975
1985
1997
2004
2010
1997
1983
1965
1946
1932
1917
1913
1910
1927
1946
1974
2002
2022
2041
2053
2066
2067
2067
2048
2028
2009
1991
1997
2003
2022
2041
2067
2094
2130
2166
2187
2207
2201
2193
2183
2172
2177
2182
2197
2212
2232
2252
2273
2293
2301
2308
2304
2300
2289
2277
2260
2242
2226
2210
2205
2200
2197
2194
2175
2155
2122
2088
2067
2046
2047
2050
2053
2055
2038
2020
1997
1973
1955
1938
1928
1919
1923
1927
1945
1964
1977
1990
1985
1979
1967
1955
1947
1940
1933
1926
1921
1917
1924
1931
1950
1970
1989
2008
2015
2021
2010
1998
1983
1967
1967
1967
1980
1994
2007
2020
2033
2046
2055
2063
2060
2056
2049
2042
2042
2042
2042
2042
2043
2043
2049
2055
2054
2053
2034
2015
2001
1987
1995
2003
2014
2025
2023
2021
2009
1996
1977
1957
1940
1923
1931
1940
1974
2010
2042
2074
2087
2099
2096
2093
2079
2064
2044
2024
2012
2001
2007
2013
2032
2052
2075
2099
2111
2123
2112
2100
2077
2054
2039
2025
2029
2033
2049
2065
2079
2093
2099
2105
2106
2106
2102
2098
2092
2086
2082
2078
2079
2081
2088
2095
2103
2111
2108
2105
2088
2071
2061
2051
2058
2066
2073
2079
2069
2058
2038
2017
1994
1972
1958
1945
1955
1967
1996
2026
2053
2080
2096
2111
2110
2108
2087
2066
2044
2022
2018
2016
2026
2037
2054
2072
2089
2107
2104
2101
2078
2055
2035
2015
2007
2000
1999
1999
2009
2020
2032
2045
2048
2051
2049
2047
2039
2031
2018
2004
2002
2001
2013
2027
2041
2055
2065
2075
2072
2069
2046
2023
2009
1996
2012
2030
2042
2055
2037
2018
1990
1961
1939
1918
1912
1907
1928
1951
1987
2023
2047
2070
2079
2087
2082
2077
2056
2034
2011
1989
1980
1972
1979
1987
2010
2034
2062
2090
2096
2100
2080
2059
2037
2016
2010
2006
2014
2022
2036
2050
2066
2082
2093
2104
2105
2105
2097
2090
2086
2083
2086
2089
2091
2092
2093
2094
2098
2101
2094
2087
2074
2060
2069
2078
2102
2127
2134
2140
2132
2124
2118
2113
2108
2103
2106
2109
2133
2158
2183
2207
2214
2220
2219
2218
2205
2192
2163
2134
2113
2093
2092
2093
2101
2108
2118
2127
2137
2147
2137
2126
2096
2065
2043
2022
2017
2013
2015
2017
2029
2042
2060
2078
2079
2080
2064
2047
2036
2024
2020
2016
2007
1998
1992
1986
1987
1988
1979
1970
1950
1930
1925
1920
1929
1938
1936
1934
1921
1907
1896
1885
1875
1864
1860
1857
1876
1896
1930
1964
1988
2012
2024
2035
2035
2034
2017
2000
1980
1960
1958
1957
1973
1991
2013
2036
2056
2076
2083
2090
2079
2067
2051
2034
2031
2028
2037
2046
2058
2070
2085
2100
2115
2131
2134
2136
2127
2116
2110
2104
2106
2109
2111
2112
2117
2121
2127
2132
2121
2109
2085
2060
2052
2046
2055
2066
2065
2063
2047
2031
2012
1993
1973
1953
1941
1929
1941
1954
1982
2010
2039
2068
2088
2108
2103
2098
2070
2042
2021
2001
2001
2002
2014
2026
2046
2066
2089
2112
2116
2118
2097
2074
2054
2035
2031
2027
2034
2041
2057
2073
2088
2103
2106
2108
2102
2096
2083
2069
2053
2037
2030
2024
2024
2024
2024
2025
2030
2035
2035
2035
2017
1998
1989
1981
1997
2014
2023
2031
2015
1998
1975
1952
1930
1909
1897
1885
1902
1921
1955
1990
2014
2037
2052
2066
2071
2075
2057
2037
2011
1985
1979
1974
1986
2000
2020
2041
2070
2098
2112
2125
2106
2085
2059
2033
2030
2029
2038
2047
2057
2066
2082
2099
2113
2128
2125
2122
2112
2102
2096
2091
2082
2074
2066
2058
2062
2066
2071
2076
2059
2041
2014
1986
1982
1980
1999
2020
2030
2039
2028
2016
2006
1996
1992
1989
1992
1995
2016
2038
2072
2107
2132
2156
2169
2181
2183
2184
2168
2151
2133
2114
2119
2124
2143
2162
2177
2193
2206
2219
2220
2221
2202
2182
2161
2141
2137
2135
2136
2137
2138
2139
2149
2158
2161
2163
2146
2128
2108
2088
2077
2068
2059
2050
2042
2035
2031
2028
2014
2000
1979
1958
1953
1950
1957
1964
1956
1948
1927
1905
1887
1869
1860
1852
1854
1856
1876
1896
1920
1945
1966
1986
2000
2014
2014
2014
1996
1977
1961
1945
1947
1949
1966
1983
2007
2031
2054
2076
2079
2081
2064
2046
2031
2015
2013
2011
2016
2022
2034
2046
2058
2070
2075
2079
2080
2080
2079
2078
2074
2071
2069
2067
2072
2078
2084
2089
2084
2079
2064
2049
2038
2026
2026
2027
2037
2047
2047
2047
2028
2009
1983
1957
1943
1930
1942
1955
1983
2011
2036
2061
2078
2094
2099
2104
2092
2079
2056
2032
2019
2006
2012
2018
2036
2055
2076
2098
2111
2123
2112
2100
2073
2046
2031
2016
2024
2033
2050
2067
2080
2093
2104
2116
2122
2127
2122
2116
2109
2102
2101
2100
2098
2097
2100
2103
2116
2130
2131
2131
2106
2081
2066
2051
2063
2076
2084
2091
2077
2061
2039
2017
1994
1971
1955
1939
1951
1964
1998
2033
2057
2081
2086
2089
2081
2072
2050
2028
1998
1969
1950
1931
1931
1931
1949
1967
1990
2014
2021
2026
2007
1987
1965
1943
1938
1935
1949
1964
1988
2013
2035
2057
2063
2068
2063
2058
2057
2056
2058
2061
2060
2059
2059
2059
2068
2078
2085
2092
2077
2060
2035
2009
2004
2001
2016
2032
2038
2043
2033
2022
2003
1984
1962
1940
1931
1924
1944
1966
1997
2029
2048
2067
2074
2080
2070
2059
2031
2003
1980
1957
1955
1954
1965
1978
1999
2021
2047
2072
2078
2082
2061
2039
2021
2003
2007
2012
2026
2041
2054
2068
2084
2100
2111
2123
2126
2128
2131
2133
2137
2141
2142
2142
2147
2152
2163
2175
2171
2167
2149
2130
2133
2136
2156
2177
2180
2181
2170
2157
2154
2151
2146
2141
2133
2125
2135
2146
2164
2182
2181
2179
2167
2155
2141
2127
2103
2079
2058
2037
2034
2033
2031
2030
2025
2021
2030
2041
2044
2046
2018
1988
1961
1934
1939
1945
1965
1985
1998
2011
2021
2031
2034
2036
2029
2022
2016
2011
2010
2009
2007
2005
2006
2008
2008
2007
1988
1969
1949
1928
1931
1936
1953
1970
1970
1969
1956
1942
1932
1921
1913
1906
1909
1912
1934
1957
1984
2010
2026
2041
2047
2053
2046
2039
2019
1999
1991
1983
1991
2000
2012
2024
2042
2060
2079
2098
2094
2090
2067
2044
2031
2018
2020
2022
2032
2042
2060
2079
2092
2106
2103
2100
2093
2087
2087
2087
2085
2084
2085
2086
2096
2105
2106
2107
2094
2080
2069
2057
2059
2061
2065
2069
2064
2058
2044
2029
2006
1983
1960
1938
1937
1938
1963
1989
2017
2044
2068
2091
2112
2132
2127
2121
2086
2050
2020
1989
1984
1980
1997
2016
2055
2095
2134
2173
2173
2172
2140
2106
2076
2047
2035
2024
2031
2039
2063
2088
2114
2139
2151
2163
2160
2156
2136
2115
2088
2061
2049
2038
2045
2053
2058
2063
2050
2036
2013
1989
1979
1971
1978
1986
1982
1977
1953
1928
1907
1887
1883
1879
1885
1891
1908
1925
1948
1971
1992
2012
2027
2042
2048
2054
2045
2034
2017
2000
1993
1987
1995
2003
2023
2043
2059
2075
2070
2065
2051
2036
2037
2039
2047
2055
2053
2050
2051
2053
2069
2086
2100
2115
2125
2136
2154
2173
2185
2197
2201
2204
2212
2220
2217
2214
2190
2166
2159
2153
2181
2210
2237
2263
2268
2272
2268
2264
2259
2254
2258
2262
2282
2302
2332
2364
2399
2434
2429
2422
2295
2161
1919
1672
1453
1235
1131
1032
1018
1008
1054
1102
1199
1299
1404
1510
1599
1686
1782
1878
1981
2085
2154
2221
2249
2275
2298
2320
2353
2387
2421
2455
2480
2505
2517
2529
2532
2534
2526
2518
2481
2443
2376
2308
2247
2187
2155
2126
2108
2091
2080
2069
2073
2077
2082
2087
2081
2074
2066
2058
2050
2042
2028
2013
1999
1984
1971
1957
1939
1920
1911
1902
1915
1930
1950
1970
1988
2005
2024
2044
2048
2052
2032
2011
1990
1970
1969
1969
1975
1982
1992
2002
2015
2029
2034
2039
2033
2027
2018
2009
2000
1991
1989
1987
1996
2005
2006
2006
1989
1971
1964
1958
1967
1977
1974
1971
1951
1931
1913
1895
1880
1864
1857
1850
1870
1891
1932
1973
2008
2042
2066
2090
2105
2120
2114
2107
2095
2082
2084
2086
2092
2097
2101
2104
2121
2139
2154
2169
2156
2141
2118
2094
2090
2087
2094
2102
2106
2110
2113
2115
2120
2124
2133
2142
2149
2156
2153
2150
2146
2143
2146
2150
2144
2138
2119
2100
2094
2089
2093
2098
2089
2079
2057
2035
2010
1985
1959
1934
1920
1906
1916
1928
1948
1969
1979
1988
1985
1981
1967
1952
1930
1908
1897
1886
1894
1902
1919
1936
1959
1982
2008
2033
2039
2043
2029
2013
2006
1999
2006
2013
2026
2039
2060
2081
2102
2122
2124
2124
2115
2105
2102
2099
2100
2102
2106
2109
2108
2106
2087
2068
2048
2028
2030
2033
2038
2043
2025
2005
1978
1950
1934
1919
1916
1914
1924
1936
1957
1979
1997
2014
2025
2036
2042
2048
2037
2024
2001
1978
1972
1968
1984
2002
2023
2044
2063
2082
2089
2096
2088
2080
2074
2068
2076
2084
2097
2110
2126
2142
2161
2181
2190
2198
2199
2200
2208
2216
2220
2224
2221
2218
2218
2219
2211
2203
2178
2152
2143
2136
2149
2163
2157
2150
2122
2094
2080
2066
2060
2055
2046
2038
2042
2046
2056
2066
2064
2062
2052
2043
2029
2015
1993
1971
1954
1938
1939
1940
1952
1964
1982
2001
2017
2033
2031
2028
2017
2005
2003
2001
2006
2012
2022
2032
2046
2061
2071
2082
2083
2084
2080
2076
2067
2059
2054
2049
2051
2053
2046
2038
2016
1993
1984
1976
1985
1996
1992
1987
1964
1940
1920
1901
1891
1882
1878
1874
1887
1901
1927
1954
1976
1997
2011
2024
2029
2033
2022
2009
1992
1974
1973
1973
1988
2004
2026
2049
2076
2102
2115
2128
2114
2099
2082
2065
2066
2068
2078
2087
2095
2103
2114
2126
2132
2137
2137
2137
2141
2145
2149
2152
2150
2148
2149
2150
2148
2145
2126
2107
2093
2078
2080
2082
2077
2072
2046
2020
1986
1951
1921
1892
1877
1863
1872
1881
1904
1928
1947
1965
1971
1976
1968
1960
1943
1925
1913
1901
1905
1909
1930
1951
1984
2017
2046
2074
2077
2079
2061
2042
2033
2025
2034
2043
2058
2073
2090
2107
2118
2129
2127
2124
2119
2115
2116
2117
2114
2110
2107
2104
2107
2111
2099
2086
2060
2034
2030
2027
2035
2043
2027
2009
1982
1954
1941
1929
1926
1923
1933
1944
1971
1999
2019
2039
2045
2050
2055
2059
2050
2040
2017
1994
1988
1983
1997
2012
2026
2041
2060
2079
2097
2115
2108
2100
2085
2070
2079
2089
2110
2131
2149
2166
2186
2206
2224
2242
2247
2252
2253
2254
2254
2253
2247
2242
2242
2242
2237
2233
2206
2178
2151
2124
2121
2120
2118
2117
2094
2071
2046
2021
2005
1990
1982
1974
1980
1987
2004
2022
2029
2035
2032
2028
2018
2008
1989
1969
1951
1932
1932
1932
1942
1953
1965
1978
1996
2014
2024
2033
2022
2010
1996
1982
1979
1976
1976
1976
1983
1990
2005
2020
2029
2037
2038
2039
2042
2044
2044
2044
2044
2044
2051
2058
2054
2049
2026
2003
1991
1979
1988
1998
2000
2001
1988
1973
1959
1944
1934
1924
1921
1918
1932
1947
1974
2001
2026
2050
2065
2080
2081
2082
2068
2052
2034
2015
2013
2011
2022
2035
2054
2073
2093
2114
2122
2128
2113
2096
2078
2059
2056
2054
2060
2067
2077
2088
2100
2112
2118
2124
2123
2122
2121
2120
2120
2120
2121
2121
2126
2131
2132
2133
2120
2106
2089
2071
2070
2070
2074
2079
2070
2061
2039
2017
1990
1963
1935
1907
1897
1889
1909
1931
1958
1984
1993
2000
2000
2000
1991
1983
1960
1936
1919
1903
1916
1930
1958
1987
2015
2042
2064
2085
2086
2085
2065
2044
2035
2027
2036
2047
2061
2075
2090
2106
2118
2130
2128
2126
2119
2113
2111
2109
2105
2101
2105
2110
2120
2129
2113
2096
2069
2042
2043
2045
2055
2065
2047
2027
2003
1979
1970
1963
1956
1949
1951
1954
1977
2000
2019
2037
2041
2045
2050
2055
2048
2040
2013
1986
1971
1956
1966
1977
1992
2008
2020
2033
2040
2046
2037
2028
2013
1997
1998
2000
2016
2033
2049
2066
2082
2099
2112
2126
2132
2137
2138
2138
2140
2141
2146
2151
2160
2169
2168
2166
2147
2128
2118
2107
2118
2130
2139
2147
2139
2130
2117
2104
2093
2081
2072
2064
2071
2078
2092
2106
2110
2114
2115
2116
2115
2114
2095
2076
2054
2032
2028
2025
2031
2038
2044
2049
2062
2076
2083
2089
2074
2058
2041
2023
2023
2023
2032
2043
2056
2069
2078
2086
2086
2085
2082
2079
2076
2073
2063
2053
2045
2038
2037
2037
2025
2012
1990
1967
1961
1957
1966
1976
1971
1966
1949
1931
1920
1908
1898
1889
1884
1880
1897
1916
1945
1974
1994
2013
2024
2036
2038
2039
2023
2005
1991
1976
1981
1986
1998
2011
2027
2044
2069
2095
2105
2114
2099
2082
2068
2054
2055
2056
2063
2069
2082
2095
2108
2121
2122
2122
2117
2112
2112
2112
2111
2109
2107
2105
2109
2114
2111
2108
2088
2067
2049
2031
2031
2031
2028
2026
2006
1985
1954
1923
1894
1865
1846
1827
1830
1833
1857
1881
1908
1935
1951
1966
1968
1969
1964
1959
1954
1949
1954
1959
1979
1999
2028
2056
2077
2098
2100
2100
2085
2070
2059
2048
2049
2051
2060
2069
2081
2094
2104
2115
2118
2120
2118
2116
2114
2113
2110
2107
2103
2100
2106
2113
2117
2120
2096
2070
2035
2000
1996
1994
2007
2021
2012
2003
1979
1955
1939
1923
1915
1908
1914
1920
1947
1974
1998
2022
2029
2035
2038
2040
2036
2032
2015
1997
1990
1984
2000
2018
2038
2059
2074
2089
2102
2115
2116
2117
2109
2100
2105
2110
2132
2155
2175
2195
2211
2228
2246
2264
2272
2280
2281
2281
2284
2286
2286
2286
2280
2274
2265
2257
2236
2215
2187
2159
2149
2141
2141
2141
2124
2106
2083
2060
2047
2034
2023
2012
2006
2000
2010
2021
2035
2049
2048
2047
2033
2019
2001
1982
1965
1948
1941
1935
1937
1940
1945
1950
1959
1968
1974
1980
1971
1962
1945
1928
1916
1904
1902
1900
1910
1921
1940
1960
1974
1988
1992
1996
2001
2006
2014
2021
2024
2027
2029
2031
2033
2035
2027
2019
2006
1993
1997
2002
2016
2031
2029
2027
2008
1988
1972
1956
1948
1940
1945
1950
1974
1998
2026
2054
2070
2086
2094
2102
2101
2100
2081
2062
2047
2032
2035
2039
2048
2056
2068
2080
2098
2116
2117
2117
2093
2069
2055
2042
2047
2053
2056
2059
2064
2069
2082
2095
2098
2100
2094
2087
2086
2086
2084
2082
2077
2072
2075
2079
2077
2075
2050
2025
2005
1986
1988
1991
1991
1990
1974
1957
1936
1915
1891
1867
1854
1842
1864
1887
1930
1974
2008
2041
2058
2075
2077
2078
2063
2047
2031
2014
2014
2014
2024
2035
2054
2073
2091
2110
2109
2107
2086
2064
2048
2033
2036
2039
2049
2060
2072
2084
2097
2110
2116
2122
2122
2121
2119
2117
2111
2105
2097
2090
2086
2083
2072
2061
2035
2009
1993
1978
1988
2000
2005
2010
1994
1976
1960
1943
1934
1926
1920
1914
1924
1935
1961
1988
2007
2026
2034
2041
2041
2041
2025
2009
1992
1974
1977
1980
1996
2012
2030
2049
2074
2099
2116
2132
2130
2127
2127
2127
2140
2154
2171
2188
2209
2231
2259
2286
2303
2320
2323
2326
2325
2324
2320
2316
2312
2308
2308
2308
2298
2288
2258
2227
2195
2163
2149
2135
2129
2123
2110
2096
2077
2057
2036
2015
1995
1976
1972
1968
1975
1982
1982
1982
1976
1971
1970
1970
1961
1953
1934
1915
1909
1903
1908
1913
1918
1923
1935
1948
1961
1975
1965
1954
1935
1915
1914
1914
1922
1931
1938
1944
1959
1974
1987
2000
2001
2001
2003
2005
2011
2017
2015
2013
2013
2014
2024
2033
2031
2028
2016
2004
2004
2004
2013
2022
2024
2026
2022
2017
2003
1988
1969
1949
1948
1948
1970
1993
2020
2046
2067
2088
2102
2116
2113
2109
2090
2071
2058
2045
2040
2035
2035
2036
2052
2069
2091
2114
2117
2119
2104
2088
2076
2064
2062
2060
2064
2068
2082
2096
2106
2117
2116
2114
2110
2107
2106
2106
2100
2094
2091
2089
2099
2111
2119
2127
2110
2092
2067
2041
2033
2026
2029
2032
2022
2010
1987
1963
1938
1913
1889
1865
1856
1848
1869
1891
1921
1951
1962
1971
1972
1972
1971
1971
1962
1954
1952
1950
1967
1986
2012
2039
2061
2083
2095
2106
2096
2085
2065
2044
2041
2040
2055
2072
2086
2100
2110
2121
2127
2133
2130
2126
2121
2117
2114
2112
2106
2100
2101
2103
2111
2119
2102
2084
2052
2018
2014
2011
2026
2042
2033
2024
2003
1981
1970
1959
1950
1942
1942
1943
1966
1990
2012
2034
2040
2045
2052
2059
2057
2054
2026
1997
1977
1958
1972
1988
2010
2032
2047
2061
2074
2087
2087
2086
2072
2058
2056
2054
2065
2077
2091
2105
2123
2142
2161
2180
2189
2198
2206
2213
2220
2226
2226
2226
2228
2230
2236
2241
2232
2221
2206
2191
2191
2192
2192
2191
2174
2156
2139
2121
2104
2087
2066
2044
2035
2028
2039
2052
2058
2064
2061
2057
2051
2045
2031
2016
1998
1979
1972
1966
1969
1972
1982
1991
2007
2023
2029
2035
2023
2010
1993
1976
1967
1958
1953
1949
1954
1960
1973
1986
1992
1998
1997
1996
1997
1999
2001
2002
2003
2003
2005
2008
2004
1999
1981
1962
1947
1931
1931
1931
1935
1939
1939
1939
1937
1935
1931
1928
1932
1936
1957
1978
2008
2037
2059
2080
2096
2111
2117
2122
2111
2099
2079
2058
2045
2033
2032
2032
2043
2055
2074
2094
2102
2110
2096
2081
2062
2043
2035
2028
2032
2036
2050
2064
2079
2094
2100
2106
2111
2115
2122
2129
2128
2126
2119
2113
2115
2118
2119
2119
2103
2087
2071
2054
2054
2054
2059
2064
2056
2048
2028
2008
1987
1967
1952
1937
1932
1928
1936
1944
1960
1977
1987
1998
1996
1994
1978
1962
1942
1922
1913
1906
1920
1936
1963
1991
2013
2035
2039
2042
2027
2010
2000
1989
2000
2012
2031
2051
2070
2090
2111
2133
2142
2149
2139
2127
2119
2112
2110
2108
2101
2095
2096
2097
2099
2101
2083
2064
2050
2035
2045
2057
2060
2063
2042
2019
2001
1983
1977
1972
1967
1963
1971
1980
2001
2022
2037
2051
2058
2064
2064
2064
2046
2027
2003
1979
1975
1972
1986
2001
2019
2038
2057
2076
2084
2092
2083
2072
2061
2049
2049
2050
2059
2068
2081
2095
2111
2127
2139
2151
2156
2161
2163
2165
2166
2166
2170
2174
2177
2180
2173
2166
2154
2142
2143
2144
2154
2165
2166
2167
2157
2146
2132
2118
2108
2097
2097
2097
2103
2109
2109
2109
2103
2098
2093
2088
2076
2063
2041
2019
2006
1993
1998
2003
2013
2024
2034
2045
2054
2062
2057
2052
2036
2020
2014
2008
2013
2018
2024
2030
2037
2043
2048
2053
2049
2045
2037
2030
2024
2019
2015
2011
2010
2010
2005
2001
1985
1968
1956
1944
1952
1960
1966
1972
1962
1951
1937
1922
1913
1904
1901
1898
1910
1924
1946
1968
1983
1997
2006
2015
2023
2031
2024
2017
2001
1984
1982
1981
1994
2009
2029
2049
2071
2092
2099
2105
2091
2075
2062
2049
2049
2050
2057
2063
2075
2088
2105
2123
2128
2132
2126
2119
2118
2118
2118
2119
2114
2109
2108
2107
2111
2115
2111
2106
2093
2080
2076
2072
2074
2077
2076
2074
2061
2047
2024
2000
1977
1955
1952
1951
1969
1989
2013
2036
2055
2074
2084
2094
2088
2082
2061
2040
2020
2000
1989
1979
1981
1984
2001
2019
2030
2041
2026
2009
1983
1956
1945
1934
1936
1938
1944
1950
1963
1977
1992
2007
2017
2027
2041
2056
2067
2079
2075
2071
2071
2071
2083
2097
2091
2085
2058
2031
2026
2022
2035
2049
2042
2035
2010
1984
1960
1937
1917
1897
1896
1896
1925
1957
1996
2035
2057
2078
2083
2087
2077
2065
2043
2020
2008
1996
2002
2009
2020
2032
2046
2060
2072
2085
2082
2078
2065
2051
2048
2045
2049
2054
2060
2066
2079
2093
2107
2121
2123
2125
2126
2126
2131
2135
2136
2136
2137
2139
2144
2148
2138
2126
2114
2102
2115
2130
2149
2169
2170
2169
2164
2159
2158
2157
2154
2151
2158
2166
2185
2204
2211
2218
2214
2209
2201
2194
2172
2150
2118
2085
2064
2043
2038
2034
2041
2049
2060
2072
2069
2066
2047
2027
2012
1997
1994
1992
1994
1997
2006
2015
2025
2034
2035
2035
2033
2031
2028
2025
2015
2006
1997
1988
1985
1983
1973
1963
1949
1934
1934
1935
1945
1956
1954
1952
1940
1927
1922
1918
1920
1922
1929
1935
1952
1969
1991
2013
2027
2041
2045
2048
2046
2043
2030
2017
2004
1990
1988
1987
1995
2004
2017
2031
2048
2065
2071
2076
2066
2054
2044
2033
2033
2033
2038
2043
2054
2066
2077
2089
2093
2097
2098
2099
2102
2104
2105
2105
2106
2108
2112
2115
2105
2094
2075
2055
2052
2049
2058
2068
2066
2064
2047
2030
2011
1991
1975
1959
1954
1949
1961
1974
1997
2021
2043
2065
2078
2091
2087
2083
2064
2044
2026
2008
2006
2005
2014
2023
2037
2051
2062
2073
2067
2060
2036
2012
1995
1979
1979
1979
1982
1986
1997
2008
2023
2038
2039
2039
2032
2025
2029
2034
2038
2041
2041
2041
2057
2074
2086
2099
2079
2058
2038
2019
2035
2052
2063
2074
2053
2030
2004
1979
1967
1955
1949
1943
1952
1963
1992
2022
2045
2067
2072
2075
2069
2063
2048
2033
2014
1994
1987
1981
1992
2004
2022
2041
2059
2077
2085
2092
2080
2067
2050
2033
2031
2030
2038
2046
2057
2068
2082
2096
2104
2111
2111
2111
2112
2113
2112
2111
2107
2103
2105
2108
2099
2089
2057
2024
2013
2004
2030
2058
2074
2089
2080
2069
2069
2069
2077
2084
2085
2086
2101
2117
2144
2172
2189
2205
2211
2217
2218
2218
2202
2185
2165
2144
2137
2132
2132
2133
2136
2139
2148
2156
2154
2152
2133
2113
2098
2083
2082
2081
2082
2084
2091
2097
2103
2109
2103
2096
2087
2078
2074
2071
2059
2047
2035
2022
2020
2019
2005
1991
1964
1937
1930
1925
1933
1942
1930
1917
1896
1875
1865
1856
1851
1846
1850
1855
1882
1910
1936
1962
1975
1987
1999
2012
2014
2016
1998
1978
1963
1949
1957
1965
1980
1996
2017
2038
2060
2082
2080
2077
2058
2038
2032
2028
2034
2041
2046
2050
2060
2071
2082
2094
2094
2093
2091
2089
2097
2105
2112
2119
2125
2130
2140
2149
2143
2137
2113
2088
2075
2063
2068
2073
2070
2066
2053
2039
2025
2011
1990
1969
1953
1938
1952
1968
1996
2025
2043
2060
2070
2081
2083
2084
2069
2053
2040
2026
2026
2026
2027
2029
2040
2052
2076
2101
2105
2107
2081
2054
2034
2014
2014
2014
2019
2025
2036
2048
2057
2066
2062
2058
2056
2055
2058
2062
2056
2050
2044
2039
2045
2051
2045
2039
2019
1998
1994
1991
1999
2008
1998
1987
1965
1943
1930
1918
1914
1911
1918
1925
1949
1973
2001
2029
2049
2069
2083
2097
2096
2094
2070
2046
2023
2000
1997
1996
2007
2020
2039
2058
2075
2092
2091
2089
2072
2055
2045
2036
2038
2040
2047
2054
2065
2077
2087
2096
2098
2099
2098
2097
2090
2084
2072
2060
2055
2050
2046
2043
2023
2003
1983
1964
1970
1977
1986
1995
1986
1976
1962
1947
1938
1929
1925
1922
1938
1955
1987
2021
2046
2071
2086
2101
2112
2124
2122
2119
2108
2096
2099
2102
2121
2140
2161
2182
2206
2229
2246
2262
2258
2253
2242
2231
2230
2230
2235
2240
2245
2250
2255
2259
2255
2250
2235
2219
2203
2187
2172
2157
2143
2129
2117
2104
2085
2066
2045
2023
2018
2014
2017
2020
2008
1995
1976
1957
1949
1942
1935
1929
1924
1920
1930
1942
1954
1966
1966
1966
1964
1963
1956
1950
1931
1911
1900
1888
1898
1909
1928
1948
1969
1989
2004
2019
2016
2013
1999
1984
1977
1970
1970
1971
1977
1982
1991
2000
2009
2018
2025
2032
2037
2042
2043
2043
2047
2051
2062
2074
2074
2074
2057
2039
2033
2028
2039
2052
2058
2063
2054
2045
2031
2016
2000
1984
1973
1961
1969
1977
2001
2026
2049
2072
2087
2101
2104
2107
2098
2087
2073
2058
2048
2039
2038
2038
2052
2067
2092
2117
2128
2137
2119
2100
2079
2058
2052
2047
2049
2052
2056
2059
2066
2072
2079
2086
2091
2096
2098
2099
2096
2093
2092
2091
2098
2105
2107
2108
2097
2084
2074
2064
2064
2064
2060
2055
2037
2019
1998
1976
1956
1937
1930
1923
1933
1944
1965
1986
2005
2023
2031
2038
2032
2025
2002
1978
1953
1929
1923
1919
1930
1942
1954
1967
1975
1982
1979
1975
1960
1945
1937
1929
1942
1957
1985
2014
2040
2066
2082
2098
2108
2118
2128
2138
2143
2148
2146
2143
2143
2144
2152
2159
2149
2138
2108
2077
2063
2049
2062
2077
2079
2081
2060
2037
2014
1992
1980
1968
1967
1966
1982
1999
2023
2047
2061
2075
2080
2085
2081
2077
2049
2021
1992
1964
1963
1963
1974
1987
1999
2011
2029
2048
2055
2062
2044
2024
2006
1989
1995
2001
2015
2030
2046
2062
2077
2093
2098
2102
2103
2104
2112
2119
2121
2123
2120
2116
2119
2123
2125
2126
2120
2113
2119
2125
2141
2158
2161
2163
2157
2151
2151
2151
2152
2153
2155
2157
2167
2177
2185
2192
2187
2182
2166
2149
2125
2101
2075
2049
2034
2020
2016
2013
2013
2013
2016
2020
2025
2030
2024
2018
2006
1993
1989
1985
1990
1996
2009
2022
2038
2054
2064
2073
2074
2074
2070
2066
2060
2054
2046
2039
2034
2029
2021
2013
2000
1987
1982
1978
1984
1990
1988
1986
1968
1950
1931
1912
1902
1891
1892
1894
1912
1930
1953
1976
1994
2011
2022
2033
2035
2037
2024
2010
1996
1982
1985
1988
2001
2014
2032
2050
2072
2095
2104
2112
2097
2080
2064
2047
2043
2040
2040
2041
2050
2059
2071
2083
2084
2084
2085
2085
2092
2100
2100
2099
2093
2087
2090
2093
2090
2086
2067
2048
2042
2036
2044
2053
2053
2052
2042
2031
2017
2002
1977
1952
1935
1918
1932
1948
1979
2012
2038
2064
2079
2094
2094
2093
2079
2064
2051
2038
2036
2035
2039
2043
2054
2065
2081
2098
2105
2112
2101
2089
2073
2056
2049
2043
2047
2052
2063
2075
2089
2104
2113
2121
2121
2121
2120
2120
2120
2120
2117
2115
2119
2123
2132
2141
2132
2123
2102
2080
2076
2073
2080
2087
2075
2061
2037
2013
1994
1975
1956
1937
1926
1914
1928
1943
1967
1992
2003
2012
2010
2008
1997
1985
1961
1937
1918
1900
1909
1918
1945
1973
1999
2025
2039
2053
2048
2042
2026
2009
2002
1996
2005
2014
2031
2048
2067
2086
2100
2114
2118
2121
2120
2118
2113
2108
2101
2095
2098
2102
2113
2124
2113
2100
2068
2035
2024
2013
2026
2040
2041
2041
2021
2001
1981
1962
1948
1934
1932
1931
1950
1970
1999
2027
2047
2067
2081
2096
2097
2097
2072
2047
2021
1996
1995
1995
2008
2022
2035
2049
2061
2074
2074
2074
2058
2042
2029
2016
2015
2014
2020
2027
2041
2055
2068
2081
2083
2084
2082
2080
2081
2082
2079
2075
2070
2065
2065
2066
2061
2056
2043
2030
2032
2034
2048
2063
2067
2071
2070
2068
2070
2072
2075
2078
2086
2094
2114
2134
2152
2170
2179
2188
2195
2202
2199
2196
2179
2162
2151
2139
2139
2139
2138
2137
2136
2136
2138
2141
2135
2128
2112
2096
2085
2073
2069
2066
2070
2074
2084
2094
2096
2098
2092
2085
2078
2071
2061
2051
2039
2026
2017
2008
1997
1985
1966
1946
1936
1925
1931
1938
1939
1939
1920
1900
1881
1861
1854
1849
1851
1854
1865
1876
1899
1923
1949
1975
1989
2003
2004
2005
2000
1995
1986
1977
1973
1969
1976
1983
2000
2018
2041
2065
2079
2093
2084
2075
2059
2042
2038
2034
2036
2039
2046
2052
2062
2072
2078
2083
2084
2084
2088
2093
2096
2099
2097
2095
2098
2102
2104
2106
2093
2079
2067
2055
2059
2063
2064
2065
2052
2038
2020
2002
1983
1963
1949
1934
1941
1948
1975
2003
2030
2057
2072
2086
2087
2087
2077
2065
2054
2042
2039
2037
2039
2042
2052
2062
2082
2103
2115
2127
2114
2100
2081
2061
2054
2049
2052
2056
2069
2083
2101
2119
2125
2131
2129
2126
2130
2134
2136
2137
2132
2127
2131
2136
2139
2142
2123
2102
2084
2066
2070
2075
2070
2064
2035
2004
1972
1940
1912
1884
1863
1842
1847
1854
1881
1908
1929
1949
1960
1971
1974
1976
1964
1950
1938
1926
1935
1944
1965
1986
2009
2031
2053
2074
2080
2085
2072
2058
2049
2040
2045
2051
2061
2070
2080
2090
2099
2107
2110
2113
2116
2118
2121
2123
2118
2113
2113
2113
2124
2136
2125
2112
2074
2034
2017
2002
2018
2035
2035
2034
2011
1988
1971
1954
1944
1933
1931
1930
1953
1977
2005
2032
2041
2049
2055
2061
2063
2065
2044
2022
1999
1977
1979
1983
2000
2017
2034
2052
2067
2083
2082
2080
2065
2049
2043
2038
2044
2050
2063
2077
2098
2120
2137
2154
2159
2163
2172
2181
2193
2205
2206
2206
2203
2200
2195
2190
2177
2163
2157
2151
2159
2168
2167
2165
2146
2127
2112
2096
2085
2074
2065
2056
2060
2064
2075
2087
2089
2091
2089
2086
2078
2071
2051
2031
2011
1991
1988
1986
1994
2003
2016
2030
2044
2059
2056
2053
2034
2014
2001
1987
1984
1981
1981
1981
1986
1990
1996
2001
2004
2006
2013
2019
2026
2032
2028
2023
2016
2009
2005
2001
1990
1979
1968
1957
1961
1966
1971
1975
1963
1950
1932
1913
1903
1892
1891
1891
1905
1921
1949
1979
2006
2033
2049
2064
2065
2066
2057
2046
2034
2021
2017
2013
2018
2024
2040
2056
2076
2096
2103
2109
2097
2084
2072
2060
2055
2050
2046
2042
2046
2050
2065
2080
2085
2089
2086
2082
2090
2098
2110
2123
2125
2126
2127
2128
2128
2127
2111
2095
2084
2072
2079
2087
2088
2088
2067
2044
2018
1993
1975
1957
1948
1940
1948
1957
1981
2005
2029
2053
2070
2086
2085
2083
2061
2039
2015
1992
1984
1977
1980
1983
1994
2005
2018
2032
2027
2022
1997
1971
1951
1931
1930
1931
1944
1958
1977
1997
2017
2037
2052
2066
2078
2090
2097
2104
2100
2095
2091
2088
2092
2097
2088
2079
2055
2031
2025
2020
2033
2048
2041
2034
2002
1968
1943
1918
1917
1917
1934
1951
1971
1991
2012
2033
2055
2077
2088
2099
2082
2063
2033
2002
1990
1979
1986
1993
2003
2014
2027
2041
2053
2066
2063
2059
2047
2035
2032
2030
2033
2037
2047
2058
2076
2095
2107
2119
2118
2116
2117
2118
2126
2134
2139
2143
2145
2147
2143
2138
2129
2120
2128
2136
2161
2187
2200
2213
2206
2199
2191
2184
2179
2175
2174
2173
2182
2191
2197
2203
2199
2195
2188
2182
2164
2145
2111
2075
2050
2026
2024
2024
2027
2030
2035
2039
2049
2059
2057
2054
2039
2023
2017
2012
2012
2013
2013
2013
2020
2028
2038
2048
2049
2049
2047
2045
2042
2039
2027
2014
2003
1992
1988
1985
1977
1969
1960
1951
1950
1949
1946
1943
1934
1926
1918
1910
1896
1882
1871
1859
1872
1887
1918
1950
1972
1993
2004
2015
2020
2025
2016
2006
1991
1976
1975
1974
1983
1992
2007
2023
2047
2072
2092
2111
2108
2104
2088
2072
2062
2052
2049
2047
2051
2055
2065
2076
2084
2091
2094
2097
2104
2110
2115
2120
2120
2119
2121
2123
2125
2127
2117
2106
2093
2080
2079
2079
2076
2074
2057
2039
2016
1992
1970
1948
1932
1917
1920
1923
1944
1966
1989
2011
2021
2030
2025
2020
2001
1982
1958
1934
1923
1912
1921
1931
1950
1969
1981
1993
1993
1993
1985
1977
1970
1963
1968
1974
1994
2014
2039
2064
2084
2103
2114
2125
2129
2133
2131
2128
2118
2107
2100
2094
2101
2108
2115
2121
2105
2087
2063
2038
2037
2037
2046
2057
2044
2029
2000
1969
1952
1936
1936
1937
1950
1964
1987
2011
2031
2051
2059
2065
2064
2062
2049
2035
2010
1984
1971
1959
1971
1985
2006
2027
2048
2068
2082
2095
2088
2081
2066
2051
2053
2055
2071
2088
2105
2122
2139
2156
2166
2177
2181
2184
2194
2204
2213
2221
2221
2221
2222
2223
2224
2225
2215
2204
2198
2193
2201
2209
2208
2206
2191
2175
2160
2145
2126
2107
2094
2081
2088
2096
2104
2111
2102
2093
2085
2077
2067
2056
2032
2007
1992
1977
1985
1993
2003
2014
2021
2028
2037
2045
2040
2035
2017
1999
1991
1984
1985
1987
1990
1993
1998
2003
2006
2008
2006
2003
2002
2001
2000
2000
1994
1988
1984
1981
1980
1979
1971
1964
1957
1951
1953
1956
1958
1960
1955
1949
1938
1926
1910
1894
1885
1876
1889
1904
1932
1961
1985
2008
2023
2037
2043
2049
2044
2038
2028
2017
2016
2015
2023
2032
2051
2070
2096
2123
2139
2155
2148
2141
2125
2109
2100
2092
2088
2085
2086
2088
2096
2104
2106
2108
2103
2098
2096
2095
2096
2097
2093
2089
2084
2080
2076
2072
2055
2038
2017
1995
1985
1977
1970
1964
1943
1922
1897
1873
1856
1840
1828
1815
1813
1812
1835
1859
1898
1937
1968
2000
2016
2032
2033
2033
2021
2009
2000
1992
2003
2016
2042
2069
2086
2103
2100
2096
2085
2073
2066
2059
2054
2050
2048
2046
2052
2059
2073
2088
2099
2110
2117
2123
2126
2129
2125
2120
2114
2109
2112
2116
2113
2109
2087
2064
2048
2033
2040
2047
2046
2045
2025
2005
1990
1975
1972
1969
1970
1972
1988
2004
2030
2056
2072
2088
2092
2096
2097
2097
2091
2085
2078
2071
2076
2081
2096
2111
2132
2153
2180
2207
2222
2237
2229
2221
2213
2205
2209
2214
2221
2228
2239
2251
2266
2281
2282
2283
2269
2254
2238
2221
2203
2185
2166
2146
2131
2117
2098
2079
2056
2032
2027
2023
2028
2033
2021
2007
1987
1966
1955
1944
1933
1921
1914
1908
1921
1935
1948
1961
1960
1959
1958
1957
1949
1941
1919
1896
1884
1873
1881
1889
1895
1900
1910
1921
1942
1964
1974
1983
1974
1965
1964
1963
1972
1983
1995
2007
2024
2042
2061
2081
2087
2092
2092
2092
2098
2104
2110
2116
2119
2121
2129
2136
2139
2142
2132
2121
2114
2107
2110
2113
2108
2103
2081
2059
2030
2001
1973
1946
1929
1913
1919
1925
1949
1973
2000
2027
2044
2061
2061
2060
2044
2028
2009
1989
1978
1966
1968
1970
1989
2008
2026
2045
2042
2039
2019
1999
1980
1961
1948
1934
1925
1916
1917
1919
1929
1938
1947
1955
1961
1967
1971
1974
1975
1976
1989
2002
2034
2067
2095
2123
2126
2127
2122
2116
2124
2133
2139
2145
2128
2109
2076
2041
2010
1979
1965
1952
1962
1974
2000
2027
2052
2077
2099
2121
2134
2146
2128
2109
2069
2027
1999
1973
1976
1981
1998
2015
2031
2048
2057
2066
2058
2049
2034
2019
2019
2019
2033
2048
2065
2083
2099
2116
2122
2128
2119
2110
2101
2092
2090
2089
2088
2087
2086
2086
2083
2080
2062
2043
2028
2012
2020
2029
2039
2049
2042
2034
2030
2027
2034
2041
2048
2054
2065
2076
2093
2110
2120
2130
2140
2150
2163
2177
2176
2174
2163
2152
2159
2166
2184
2202
2217
2232
2245
2259
2260
2260
2241
2221
2201
2182
2170
2158
2146
2133
2132
2131
2135
2140
2128
2114
2095
2076
2071
2066
2055
2043
2023
2003
1998
1994
1992
1991
1980
1968
1969
1970
1977
1984
1966
1947
1922
1896
1886
1878
1869
1860
1853
1847
1863
1881
1902
1924
1930
1934
1936
1938
1943
1948
1945
1941
1941
1941
1953
1967
1986
2006
2032
2057
2078
2099
2096
2092
2073
2053
2046
2041
2046
2051
2053
2054
2060
2065
2073
2081
2081
2080
2080
2080
2088
2096
2102
2108
2109
2109
2107
2105
2094
2082
2068
2053
2053
2054
2058
2061
2049
2036
2017
1998
1986
1974
1962
1949
1943
1938
1954
1971
2001
2032
2054
2076
2085
2092
2088
2084
2072
2060
2051
2043
2043
2044
2056
2068
2087
2107
2120
2133
2123
2112
2089
2066
2052
2039
2039
2039
2044
2049
2059
2070
2075
2080
2073
2066
2057
2049
2043
2038
2028
2017
2012
2008
2016
2025
2023
2020
2001
1982
1978
1975
1984
1995
1986
1975
1951
1926
1909
1892
1882
1872
1872
1873
1899
1925
1960
1996
2018
2040
2054
2068
2071
2074
2056
2037
2014
1991
1993
1997
2020
2043
2066
2088
2101
2114
2109
2104
2085
2066
2058
2052
2066
2082
2094
2106
2109
2111
2117
2122
2127
2131
2132
2132
2133
2135
2133
2131
2121
2112
2110
2109
2106
2103
2079
2054
2033
2012
2018
2025
2033
2040
2028
2015
1999
1982
1967
1951
1940
1929
1939
1950
1976
2002
2017
2031
2029
2027
2019
2012
2000
1987
1974
1961
1961
1961
1974
1988
2011
2034
2061
2087
2099
2110
2101
2091
2083
2076
2089
2103
2127
2151
2175
2199
2223
2246
2263
2279
2281
2282
2282
2281
2283
2286
2289
2291
2291
2290
2280
2271
2248
2225
2201
2178
2165
2152
2137
2121
2097
2073
2050
2027
2007
1988
1971
1955
1953
1951
1957
1963
1967
1971
1973
1975
1970
1964
1945
1926
1913
1899
1904
1909
1921
1934
1948
1962
1978
1994
1997
2000
1988
1975
1965
1956
1952
1949
1949
1950
1962
1975
1987
2000
2004
2007
2012
2017
2024
2031
2031
2031
2032
2033
2042
2050
2045
2040
2025
2009
2006
2003
2011
2020
2024
2027
2021
2015
2001
1986
1971
1955
1952
1949
1961
1974
1995
2017
2037
2056
2067
2077
2077
2077
2069
2061
2048
2034
2024
2014
2016
2019
2035
2052
2073
2094
2105
2115
2105
2093
2077
2060
2056
2052
2055
2058
2065
2072
2084
2097
2105
2113
2114
2114
2115
2116
2116
2116
2112
2108
2112
2117
2123
2129
2118
2106
2089
2072
2068
2064
2061
2059
2047
2035
2019
2003
1979
1955
1926
1898
1891
1885
1907
1930
1957
1983
1995
2007
2007
2007
1993
1979
1955
1931
1918
1905
1917
1931
1955
1979
1999
2019
2030
2040
2039
2038
2032
2026
2028
2030
2043
2056
2072
2088
2102
2116
2122
2127
2124
2121
2120
2119
2121
2124
2125
2126
2129
2132
2131
2129
2105
2081
2057
2033
2036
2041
2051
2060
2046
2030
2009
1987
1975
1964
1958
1952
1958
1965
1986
2008
2025
2041
2044
2047
2048
2048
2040
2031
2010
1988
1972
1957
1961
1965
1981
1998
2017
2036
2046
2057
2055
2053
2046
2040
2040
2040
2048
2056
2074
2092
2116
2141
2162
2182
2192
2201
2205
2208
2215
2221
2229
2236
2245
2253
2260
2267
2262
2256
2238
2220
2213
2207
2213
2219
2217
2214
2194
2174
2149
2125
2103
2082
2071
2062
2068
2074
2079
2084
2078
2071
2063
2055
2045
2034
2014
1994
1978
1963
1963
1963
1969
1975
1986
1998
2013
2028
2024
2020
1999
1978
1965
1953
1950
1948
1948
1948
1957
1967
1979
1992
1993
1993
1994
1994
1998
2003
1999
1994
1989
1984
1989
1994
1993
1991
1979
1966
1966
1966
1978
1991
1992
1992
1980
1967
1955
1942
1932
1921
1922
1924
1946
1969
1998
2027
2046
2065
2073
2081
2079
2076
2063
2050
2040
2029
2029
2029
2040
2051
2070
2089
2109
2129
2130
2129
2108
2087
2069
2052
2050
2048
2052
2057
2067
2076
2087
2098
2102
2105
2104
2102
2102
2102
2102
2102
2100
2099
2105
2112
2116
2119
2105
2089
2070
2051
2051
2051
2059
2068
2064
2060
2043
2025
2003
1981
1960
1940
1935
1932
1950
1970
1999
2027
2049
2070
2081
2091
2086
2080
2062
2043
2029
2015
2011
2008
2013
2019
2036
2053
2073
2094
2096
2096
2069
2041
2013
1985
1982
1981
1996
2012
2024
2037
2046
2055
2059
2063
2054
2045
2030
2015
2010
2006
2005
2004
2004
2004
2014
2024
2028
2031
2014
1996
1990
1984
2004
2026
2040
2053
2037
2019
1994
1968
1950
1932
1927
1922
1937
1953
1981
2011
2035
2059
2069
2077
2071
2064
2045
2025
2001
1977
1967
1959
1974
1991
2019
2048
2069
2090
2096
2101
2089
2075
2055
2034
2031
2030
2047
2066
2077
2089
2092
2094
2099
2103
2102
2101
2094
2088
2087
2087
2086
2086
2085
2084
2087
2091
2079
2065
2037
2007
2006
2007
2032
2058
2061
2063
2051
2037
2034
2032
2027
2022
2020
2019
2043
2069
2100
2131
2143
2154
2162
2170
2175
2180
2171
2160
2152
2145
2154
2164
2177
2190
2204
2219
2230
2241
2231
2219
2195
2171
2158
2145
2141
2137
2137
2138
2148
2157
2160
2163
2149
2133
2119
2104
2097
2091
2078
2065
2055
2046
2046
2046
2033
2019
1997
1974
1969
1965
1968
1971
1954
1936
1914
1892
1881
1872
1861
1850
1840
1831
1844
1858
1883
1909
1927
1944
1954
1965
1967
1968
1953
1937
1925
1913
1923
1934
1950
1967
1983
2000
2020
2040
2048
2054
2041
2026
2015
2004
2005
2007
2013
2018
2032
2046
2064
2083
2089
2095
2096
2096
2102
2109
2113
2117
2117
2117
2120
2123
2118
2112
2091
2070
2058
2047
2054
2061
2064
2066
2053
2038
2019
1999
1980
1962
1950
1937
1942
1947
1972
1997
2026
2054
2072
2089
2092
2094
2084
2073
2054
2035
2025
2015
2018
2022
2036
2051
2070
2090
2100
2109
2096
2081
2061
2040
2030
2022
2024
2027
2039
2052
2072
2092
2105
2117
2115
2113
2111
2109
2108
2107
2100
2093
2096
2099
2119
2140
2147
2153
2131
2108
2088
2069
2074
2079
2085
2091
2079
2065
2039
2013
1987
1961
1944
1927
1934
1942
1969
1996
2020
2043
2051
2058
2052
2046
2028
2010
1986
1961
1946
1931
1937
1943
1964
1986
2006
2026
2028
2028
2011
1993
1979
1964
1966
1968
1981
1995
2014
2033
2053
2073
2086
2098
2098
2097
2095
2093
2094
2095
2093
2091
2092
2093
2102
2110
2101
2090
2061
2030
2021
2013
2030
2049
2054
2058
2041
2022
2002
1982
1965
1949
1945
1941
1959
1979
2006
2033
2046
2058
2060
2061
2055
2048
2025
2001
1975
1950
1944
1939
1952
1967
1987
2007
2025
2043
2047
2051
2040
2027
2016
2004
2009
2014
2028
2043
2058
2073
2092
2111
2127
2143
2146
2148
2148
2147
2152
2157
2165
2173
2182
2190
2192
2193
2182
2170
2161
2153
2163
2174
2185
2196
2194
2191
2186
2182
2176
2170
2159
2148
2146
2144
2152
2160
2164
2167
2161
2155
2139
2122
2097
2071
2051
2031
2026
2022
2023
2024
2030
2035
2046
2057
2058
2058
2043
2026
2012
1998
1995
1992
1992
1993
1999
2005
2013
2021
2019
2016
2006
1997
1990
1984
1978
1972
1969
1967
1973
1979
1978
1977
1957
1937
1925
1913
1924
1937
1944
1950
1939
1927
1915
1903
1896
1889
1886
1883
1896
1911
1939
1967
1988
2008
2019
2030
2036
2041
2034
2026
2012
1998
1996
1995
2005
2016
2032
2048
2068
2089
2100
2110
2098
2084
2068
2052
2051
2051
2058
2065
2074
2082
2092
2102
2105
2108
2108
2108
2110
2113
2114
2114
2111
2109
2117
2126
2132
2138
2122
2104
2085
2066
2066
2067
2069
2071
2058
2043
2023
2003
1981
1960
1939
1919
1918
1918
1946
1976
2011
2046
2066
2085
2085
2085
2071
2057
2040
2022
2014
2007
2013
2020
2038
2057
2079
2101
2113
2125
2115
2103
2080
2057
2046
2036
2045
2056
2073
2090
2104
2118
2125
2131
2130
2129
2128
2127
2129
2132
2130
2127
2126
2126
2133
2140
2131
2120
2088
2055
2040
2026
2031
2036
2023
2009
1981
1952
1930
1909
1884
1859
1840
1822
1840
1859
1894
1931
1951
1971
1982
1993
1995
1997
1981
1964
1946
1928
1934
1941
1963
1986
2011
2036
2056
2075
2075
2073
2054
2035
2025
2017
2026
2035
2047
2059
2069
2080
2091
2102
2109
2116
2119
2122
2123
2123
2120
2116
2118
2120
2126
2132
2114
2095
2058
2020
2010
2001
2015
2030
2025
2020
1999
1977
1963
1950
1941
1932
1928
1925
1943
1962
1985
2009
2017
2024
2027
2029
2029
2028
2011
1993
1977
1960
1966
1972
1989
2006
2021
2036
2054
2072
2082
2093
2086
2079
2072
2066
2079
2093
2116
2139
2159
2178
2196
2213
2225
2237
2246
2254
2262
2269
2270
2270
2269
2267
2272
2277
2273
2268
2240
2210
2188
2166
2168
2171
2169
2166
2144
2121
2097
2074
2056
2038
2028
2018
2026
2034
2045
2057
2053
2048
2038
2028
2016
2004
1980
1955
1935
1916
1922
1929
1944
1960
1972
1984
1996
2009
2005
2001
1975
1949
1930
1912
1912
1913
1921
1928
1942
1957
1973
1990
1994
1998
1995
1992
1992
1993
1998
2002
2011
2019
2028
2036
2025
2013
1992
1971
1971
1972
1987
2003
2003
2002
1989
1976
1964
1951
1939
1926
1928
1931
1955
1979
2007
2035
2056
2076
2091
2106
2104
2102
2083
2064
2049
2034
2032
2030
2036
2042
2058
2074
2092
2111
2109
2107
2084
2060
2040
2021
2016
2013
2020
2028
2044
2060
2076
2093
2101
2108
2110
2111
2110
2108
2101
2095
2092
2090
2099
2109
2111
2113
2094
2073
2059
2046
2060
2075
2088
2102
2091
2078
2056
2034
2011
1988
1967
1946
1944
1943
1969
1996
2027
2058
2075
2091
2093
2094
2083
2071
2052
2033
2022
2012
2018
2024
2040
2056
2076
2097
2109
2121
2108
2093
2066
2039
2032
2026
2043
2061
2078
2095
2105
2115
2119
2123
2120
2116
2111
2107
2107
2107
2104
2101
2101
2101
2109
2116
2105
2093
2062
2029
2015
2001
2008
2015
2008
2001
1979
1957
1934
1911
1885
1860
1849
1840
1866
1893
1928
1964
1982
1999
2010
2021
2023
2025
2006
1985
1968
1952
1961
1972
1988
2005
2019
2033
2053
2074
2083
2090
2073
2054
2040
2026
2034
2043
2057
2072
2083
2095
2106
2118
2121
2123
2119
2114
2110
2107
2104
2101
2100
2099
2101
2104
2093
2081
2053
2024
2011
1999
2007
2015
2011
2007
1989
1971
1960
1949
1942
1935
1933
1932
1947
1963
1982
2002
2013
2022
2031
2039
2043
2046
2031
2014
1996
1978
1982
1986
2004
2022
2041
2061
2082
2102
2112
2120
2111
2102
2096
2090
2101
2114
2136
2158
2178
2198
2215
2232
2244
2257
2264
2270
2270
2270
2269
2268
2271
2274
2271
2267
2245
2223
2198
2173
2162
2153
2146
2139
2120
2101
2081
2061
2046
2031
2013
1994
1983
1971
1981
1992
2009
2026
2026
2025
2014
2002
1990
1978
1965
1952
1945
1938
1941
1944
1952
1960
1968
1975
1979
1982
1974
1966
1951
1936
1932
1928
1934
1941
1951
1960
1971
1983
1994
2005
2009
2013
2011
2009
2008
2008
2015
2023
2029
2034
2021
2007
1986
1965
1960
1957
1967
1979
1983
1986
1977
1966
1950
1933
1919
1904
1904
1904
1928
1952
1987
2022
2048
2073
2086
2098
2099
2099
2089
2078
2065
2052
2046
2041
2043
2046
2059
2073
2093
2113
2121
2128
2111
2093
2075
2057
2061
2066
2078
2090
2094
2098
2100
2102
2102
2102
2099
2096
2105
2114
2133
2152
2162
2171
2167
2162
2147
2131
2104
2076
2055
2034
2035
2037
2041
2044
2033
2020
2005
1990
1980
1969
1964
1959
1971
1984
2009
2034
2052
2070
2078
2085
2084
2082
2063
2044
2022
2000
1996
1994
2007
2022
2042
2063
2079
2094
2085
2076
2049
2022
2004
1986
1983
1981
1987
1994
2008
2022
2028
2033
2027
2021
2021
2021
2026
2030
2023
2016
2016
2016
2034
2053
2055
2057
2039
2019
2012
2006
2018
2032
2035
2037
2020
2001
1976
1951
1932
1913
1914
1916
1941
1967
1997
2028
2048
2067
2076
2084
2079
2074
2052
2030
2007
1985
1983
1983
2001
2020
2043
2066
2079
2092
2086
2079
2060
2041
2029
2017
2019
2022
2032
2041
2055
2069
2079
2090
2089
2087
2082
2078
2079
2080
2080
2080
2078
2077
2077
2077
2065
2052
2033
2013
2013
2014
2030
2046
2049
2052
2047
2041
2040
2039
2040
2042
2054
2066
2093
2121
2148
2174
2187
2199
2204
2208
2208
2208
2198
2187
2180
2173
2179
2185
2195
2205
2210
2214
2211
2208
2193
2178
2158
2137
2121
2106
2101
2096
2098
2100
2105
2109
2108
2106
2098
2090
2085
2081
2076
2071
2061
2050
2044
2038
2033
2028
2014
2000
1991
1983
1984
1985
1974
1961
1935
1909
1890
1872
1860
1848
1839
1831
1843
1856
1881
1906
1921
1935
1944
1953
1958
1962
1951
1939
1927
1914
1921
1929
1948
1967
1991
2015
2041
2067
2075
2082
2068
2053
2046
2039
2046
2053
2061
2068
2077
2085
2096
2108
2112
2115
2115
2115
2119
2124
2129
2133
2134
2134
2132
2129
2113
2097
2072
2046
2035
2024
2032
2040
2041
2042
2027
2011
1992
1973
1953
1934
1926
1918
1935
1954
1987
2022
2048
2074
2085
2096
2092
2087
2068
2049
2031
2014
2013
2012
2021
2031
2050
2070
2090
2109
2107
2103
2081
2058
2045
2032
2035
2038
2048
2057
2071
2086
2097
2109
2109
2108
2107
2106
2110
2115
2114
2113
2111
2109
2116
2123
2123
2122
2103
2083
2070
2057
2063
2069
2069
2068
2049
2030
2009
1989
1972
1955
1943
1931
1940
1951
1980
2010
2032
2053
2059
2063
2056
2048
2025
2002
1977
1953
1950
1949
1961
1974
1986
1999
2014
2029
2033
2036
2017
1997
1979
1961
1968
1976
1993
2011
2026
2041
2056
2071
2080
2088
2091
2094
2096
2098
2093
2088
2081
2074
2081
2089
2096
2102
2081
2058
2032
2006
2009
2013
2027
2041
2033
2025
2005
1985
1969
1953
1946
1940
1949
1959
1986
2013
2037
2061
2071
2080
2078
2076
2061
2046
2020
1994
1978
1962
1970
1979
1998
2017
2034
2050
2060
2069
2063
2057
2038
2019
2011
2003
2014
2026
2041
2056
2066
2076
2088
2100
2111
2122
2129
2136
2142
2148
2150
2151
2155
2159
2169
2180
2181
2181
2168
2153
2154
2155
2175
2195
2203
2209
2201
2192
2186
2180
2171
2163
2155
2147
2156
2165
2175
2184
2175
2166
2154
2141
2130
2119
2097
2074
2051
2029
2025
2022
2027
2033
2042
2051
2062
2074
2068
2062
2042
2021
2010
2001
2003
2006
2009
2012
2020
2027
2035
2043
2037
2030
2018
2005
1999
1993
1985
1977
1970
1963
1966
1969
1967
1964
1949
1933
1929
1926
1935
1946
1947
1947
1937
1926
1917
1909
1896
1882
1872
1862
1878
1895
1926
1958
1979
2000
2010
2019
2019
2019
2005
1991
1982
1974
1983
1992
2006
2021
2040
2059
2085
2111
2123
2135
2121
2106
2087
2067
2058
2050
2051
2053
2065
2077
2091
2105
2106
2107
2102
2096
2094
2093
2093
2093
2092
2092
2099
2106
2118
2130
2128
2125
2106
2087
2074
2062
2065
2069
2069
2068
2052
2035
2016
1997
1981
1964
1949
1934
1938
1943
1972
2003
2035
2067
2082
2096
2095
2094
2082
2070
2053
2035
2025
2015
2020
2026
2046
2066
2086
2105
2110
2114
2100
2085
2063
2041
2030
2019
2028
2037
2055
2074
2086
2099
2105
2111
2110
2109
2097
2084
2071
2057
2052
2048
2050
2053
2060
2066
2063
2060
2039
2018
1997
1976
1974
1974
1976
1979
1970
1960
1944
1927
1911
1894
1884
1873
1884
1896
1925
1956
1982
2007
2025
2042
2052
2061
2052
2041
2016
1991
1980
1971
1986
2002
2021
2040
2050
2058
2062
2065
2066
2067
2060
2053
2046
2040
2049
2058
2077
2096
2109
2121
2122
2122
2118
2114
2113
2113
2115
2117
2114
2111
2105
2100
2101
2102
2092
2080
2050
2019
2005
1991
2005
2020
2025
2029
2015
2000
1988
1976
1971
1967
1972
1977
2000
2023
2050
2076
2093
2109
2125
2142
2152
2163
2155
2147
2137
2126
2132
2139
2152
2166
2183
2201
2222
2243
2248
2252
2236
2218
2204
2190
2188
2187
2187
2187
2187
2187
2188
2189
2184
2179
2168
2157
2147
2136
2122
2108
2093
2078
2072
2066
2060
2055
2038
2020
2003
1985
1981
1977
1973
1969
1953
1937
1918
1899
1882
1864
1851
1838
1838
1839
1856
1873
1891
1910
1923
1936
1941
1945
1940
1934
1926
1918
1922
1927
1940
1953
1968
1984
2006
2029
2044
2058
2047
2034
2018
2001
2002
2003
2011
2018
2024
2029
2041
2053
2064
2075
2076
2076
2075
2075
2078
2082
2085
2088
2091
2094
2097
2100
2092
2084
2070
2055
2052
2049
2052
2055
2047
2039
2021
2002
1987
1971
1960
1949
1948
1947
1965
1984
2013
2044
2066
2088
2096
2103
2096
2089
2070
2051
2037
2023
2023
2023
2031
2040
2058
2077
2095
2114
2108
2102
2078
2054
2042
2031
2035
2039
2048
2056
2072
2088
2105
2123
2127
2130
2129
2128
2129
2131
2129
2126
2124
2122
2132
2143
2148
2153
2135
2115
2094
2073
2073
2074
2078
2081
2066
2050
2022
1993
1963
1932
1908
1885
1882
1880
1901
1924
1946
1967
1973
1978
1978
1977
1969
1961
1940
1919
1903
1888
1899
1912
1937
1963
1985
2007
2020
2032
2028
2023
2008
1993
1991
1989
2004
2021
2040
2060
2074
2088
2094
2100
2100
2099
2099
2099
2100
2102
2096
2090
2081
2073
2075
2077
2072
2067
2036
2004
1982
1961
1975
1991
2001
2012
1995
1977
1960
1943
1937
1931
1928
1926
1950
1975
2023
2072
2102
2132
2145
2157
2170
2184
2177
2170
2145
2119
2114
2110
2125
2141
2151
2162
2173
2184
2193
2202
2187
2170
2140
2109
2089
2070
2067
2064
2066
2069
2068
2066
2052
2037
2026
2015
2019
2024
2033
2041
2047
2053
2067
2081
2094
2108
2103
2097
2086
2075
2083
2092
2108
2125
2127
2129
2120
2111
2096
2081
2064
2046
2043
2041
2059
2078
2096
2115
2119
2123
2120
2116
2103
2090
2071
2052
2042
2033
2033
2034
2042
2049
2064
2080
2089
2098
2083
2067
2047
2027
2019
2013
2009
2005
2002
1999
2007
2016
2023
2030
2022
2013
2004
1995
1993
1992
1988
1985
1983
1982
1982
1982
1972
1961
1945
1929
1928
1928
1935
1943
1940
1937
1924
1910
1895
1879
1871
1863
1873
1885
1911
1938
1963
1988
2008
2027
2043
2058
2059
2059
2048
2037
2029
2022
2023
2024
2041
2058
2091
2126
2145
2163
2145
2126
2104
2082
2083
2086
2091
2096
2093
2089
2091
2093
2100
2107
2108
2109
2114
2118
2125
2132
2128
2124
2116
2108
2106
2105
2097
2090
2075
2059
2056
2054
2065
2078
2082
2086
2071
2055
2026
1995
1963
1931
1916
1901
1918
1937
1975
2014
2046
2078
2088
2096
2087
2076
2061
2045
2033
2020
2013
2007
2013
2019
2038
2057
2076
2094
2093
2091
2069
2046
2022
1998
1990
1983
1988
1994
1999
2003
2003
2002
2000
1998
2000
2003
2013
2023
2035
2047
2052
2057
2061
2064
2065
2066
2051
2034
2012
1990
1991
1994
2010
2026
2018
2009
1986
1962
1947
1932
1926
1920
1925
1931
1957
1984
2016
2048
2069
2089
2101
2112
2104
2095
2064
2032
2011
1990
1998
2007
2023
2040
2051
2063
2073
2083
2079
2074
2055
2036
2029
2022
2029
2036
2045
2054
2068
2082
2095
2108
2109
2109
2107
2106
2111
2116
2114
2111
2109
2107
2116
2126
2121
2116
2095
2074
2079
2086
2111
2137
2139
2139
2130
2121
2127
2133
2135
2137
2137
2137
2157
2179
2204
2229
2232
2234
2229
2224
2213
2201
2176
2151
2131
2111
2109
2108
2109
2111
2115
2119
2125
2131
2120
2108
2084
2059
2047
2036
2038
2041
2044
2047
2052
2057
2059
2061
2055
2049
2042
2036
2028
2021
2008
1994
1985
1977
1975
1973
1960
1946
1930
1914
1914
1915
1919
1922
1913
1902
1893
1884
1882
1881
1877
1874
1878
1882
1904
1927
1952
1976
1992
2007
2014
2021
2015
2009
1993
1976
1971
1966
1976
1987
2001
2015
2034
2054
2074
2093
2091
2087
2067
2046
2036
2028
2031
2035
2040
2044
2053
2061
2072
2083
2088
2092
2095
2097
2101
2105
2104
2102
2101
2100
2106
2112
2111
2109
2095
2080
2075
2071
2079
2087
2087
2086
2068
2050
2029
2007
1988
1969
1961
1953
1966
1980
2009
2039
2064
2089
2097
2104
2096
2088
2073
2058
2046
2033
2027
2022
2024
2026
2041
2057
2076
2095
2098
2100
2081
2060
2035
2010
1997
1984
1984
1984
1993
2003
2014
2025
2024
2022
2010
1998
1989
1981
1980
1979
1985
1992
2009
2026
2040
2054
2047
2039
2027
2015
2024
2034
2048
2062
2052
2040
2012
1984
1963
1942
1935
1930
1942
1956
1984
2014
2042
2069
2081
2092
2092
2091
2078
2065
2044
2022
2010
1998
2007
2016
2035
2054
2072
2090
2102
2115
2110
2104
2080
2056
2040
2024
2024
2024
2024
2023
2023
2024
2040
2057
2071
2086
2085
2084
2079
2074
2073
2073
2073
2074
2077
2079
2069
2058
2034
2010
2005
2002
2021
2042
2049
2054
2042
2029
2025
2021
2020
2020
2022
2024
2049
2074
2109
2145
2164
2182
2191
2200
2206
2212
2201
2189
2176
2162
2171
2180
2197
2215
2227
2240
2251
2262
2257
2251
2223
2195
2173
2152
2149
2147
2148
2149
2153
2156
2162
2168
2163
2158
2143
2127
2114
2100
2084
2067
2052
2036
2031
2027
2017
2008
1987
1966
1954
1942
1940
1938
1920
1902
1878
1854
1842
1831
1825
1819
1815
1812
1827
1843
1870
1897
1916
1935
1947
1959
1963
1967
1956
1943
1933
1924
1933
1942
1953
1965
1978
1992
2016
2040
2053
2066
2053
2038
2027
2015
2018
2022
2027
2032
2043
2055
2072
2090
2093
2096
2092
2088
2093
2099
2101
2103
2099
2094
2100
2106
2113
2119
2105
2089
2074
2059
2064
2070
2077
2084
2075
2066
2047
2027
2003
1979
1959
1940
1939
1940
1963
1987
2014
2041
2057
2073
2076
2079
2074
2069
2054
2039
2025
2010
2009
2009
2023
2039
2061
2083
2098
2113
2106
2098
2077
2055
2044
2034
2042
2051
2063
2075
2086
2098
2110
2122
2126
2129
2127
2125
2124
2123
2121
2120
2121
2123
2136
2150
2151
2151
2126
2101
2087
2074
2084
2095
2093
2091
2069
2046
2024
2003
1980
1957
1937
1918
1923
1930
1954
1979
1995
2010
2014
2017
2009
2000
1972
1943
1914
1886
1881
1877
1891
1907
1932
1957
1981
2005
2013
2019
2006
1991
1976
1961
1963
1966
1989
2013
2044
2075
2095
2115
2122
2127
2124
2121
2115
2109
2105
2102
2103
2104
2112
2119
2125
2130
2115
2098
2069
2038
2031
2025
2041
2058
2056
2053
2028
2002
1981
1961
1949
1938
1939
1940
1961
1982
2008
2034
2046
2058
2061
2063
2054
2044
2018
1991
1971
1951
1954
1958
1976
1995
2014
2034
2049
2063
2059
2055
2039
2023
2019
2016
2027
2039
2055
2071
2091
2111
2133
2154
2163
2170
2169
2168
2173
2179
2189
2198
2200
2201
2201
2201
2198
2196
2185
2174
2168
2162
2168
2174
2175
2176
2166
2155
2143
2130
2117
2103
2091
2078
2077
2077
2081
2086
2087
2087
2085
2083
2076
2069
2050
2031
2014
1997
1996
1996
2001
2007
2016
2025
2042
2059
2065
2071
2058
2043
2031
2019
2017
2016
2013
2010
2009
2009
2016
2023
2023
2022
2013
2004
2002
2001
1999
1997
1992
1987
1989
1992
1993
1994
1980
1964
1953
1941
1946
1952
1954
1956
1946
1935
1925
1916
1908
1900
1891
1882
1890
1899
1926
1954
1980
2005
2019
2033
2039
2044
2040
2035
2024
2013
2007
2002
2007
2012
2026
2041
2063
2085
2104
2122
2117
2112
2091
2069
2055
2041
2043
2046
2057
2068
2080
2093
2102
2111
2112
2112
2109
2106
2106
2106
2107
2108
2114
2119
2129
2140
2138
2136
2116
2096
2083
2071
2076
2081
2079
2076
2059
2041
2023
2005
1985
1965
1946
1927
1934
1941
1972
2004
2031
2058
2069
2080
2082
2083
2074
2064
2048
2031
2024
2018
2024
2031
2048
2065
2083
2102
2105
2107
2093
2077
2061
2044
2039
2034
2038
2043
2054
2066
2079
2092
2094
2096
2088
2079
2069
2058
2048
2037
2027
2018
2020
2022
2027
2031
2016
1999
1975
1950
1949
1950
1963
1977
1972
1967
1950
1932
1920
1907
1898
1889
1894
1899
1932
1967
2006
2045
2064
2081
2084
2087
2079
2071
2045
2019
1996
1974
1980
1987
2012
2037
2060
2082
2101
2120
2124
2128
2110
2090
2070
2050
2052
2056
2071
2087
2097
2106
2113
2119
2123
2127
2125
2123
2114
2106
2096
2086
2081
2076
2078
2080
2074
2067
2041
2014
1996
1979
1990
2002
2014
2027
2020
2012
2002
1991
1990
1989
1994
2000
2017
2035
2062
2089
2110
2131
2143
2155
2161
2166
2163
2159
2150
2141
2140
2140
2148
2157
2171
2186
2203
2221
2226
2230
2215
2198
2181
2163
2157
2151
2145
2140
2138
2136
2141
2147
2145
2143
2130
2116
2106
2096
2085
2073
2059
2045
2042
2039
2035
2032
2013
1993
1982
1971
1980
1990
1987
1984
1962
1940
1923
1906
1894
1882
1872
1862
1872
1884
1907
1930
1945
1959
1968
1976
1979
1981
1971
1959
1950
1942
1950
1959
1972
1985
2000
2016
2035
2055
2059
2061
2045
2027
2018
2009
2012
2015
2017
2018
2024
2029
2039
2050
2050
2049
2045
2041
2046
2052
2057
2061
2061
2061
2066
2072
2075
2078
2067
2054
2046
2039
2048
2059
2067
2074
2064
2052
2034
2015
2000
1984
1973
1961
1962
1963
1983
2003
2031
2058
2078
2097
2103
2108
2100
2091
2075
2059
2049
2039
2038
2038
2048
2059
2081
2103
2119
2134
2124
2112
2088
2064
2051
2038
2038
2039
2048
2056
2068
2081
2087
2093
2089
2084
2079
2075
2072
2070
2065
2060
2061
2063
2070
2076
2064
2050
2022
1993
1979
1966
1968
1971
1966
1961
1945
1928
1905
1882
1859
1837
1839
1843
1876
1910
1943
1976
1997
2017
2034
2051
2054
2056
2041
2024
2008
1992
1992
1992
2006
2021
2045
2070
2088
2106
2103
2100
2088
2076
2069
2063
2061
2059
2064
2070
2088
2107
2123
2140
2141
2142
2136
2130
2126
2122
2115
2109
2096
2083
2077
2072
2069
2067
2048
2029
2005
1982
1983
1985
1997
2010
2004
1997
1982
1967
1960
1954
1950
1947
1952
1957
1982
2008
2035
2062
2073
2083
2084
2084
2082
2079
2069
2059
2053
2047
2056
2066
2089
2112
2141
2170
2191
2211
2210
2207
2191
2175
2174
2173
2189
2206
2223
2240
2248
2256
2256
2256
2245
2233
2217
2201
2186
2170
2152
2134
2120
2105
2098
2091
2076
2060
2040
2019
2017
2017
2027
2039
2035
2031
2017
2003
1995
1987
1978
1969
1965
1962
1973
1985
1994
2003
2001
1998
1996
1995
1985
1975
1948
1921
1903
1886
1889
1892
1897
1901
1911
1921
1942
1964
1967
1969
1952
1933
1929
1927
1943
1960
1971
1983
1993
2003
2018
2034
2045
2056
2064
2072
2084
2097
2109
2121
2131
2141
2149
2157
2150
2142
2120
2098
2085
2073
2077
2081
2082
2083
2074
2063
2046
2028
2004
1979
1957
1935
1937
1941
1970
2001
2026
2051
2060
2068
2070
2072
2064
2054
2025
1995
1973
1951
1958
1968
1996
2026
2056
2086
2101
2115
2102
2088
2065
2042
2037
2034
2042
2052
2058
2064
2071
2078
2086
2093
2092
2090
2087
2084
2087
2091
2096
2101
2110
2119
2129
2140
2132
2123
2098
2072
2060
2048
2051
2054
2051
2048
2035
2021
2001
1981
1952
1923
1906
1889
1899
1911
1934
1958
1978
1998
2010
2022
2017
2012
1992
1971
1952
1934
1934
1934
1950
1968
1991
2014
2031
2047
2051
2055
2048
2040
2025
2009
2007
2006
2023
2042
2059
2075
2080
2084
2093
2102
2110
2117
2115
2112
2109
2107
2107
2108
2109
2110
2107
2103
2083
2062
2034
2006
2004
2004
2020
2037
2032
2027
2008
1988
1975
1962
1951
1939
1938
1937
1958
1981
2005
2029
2040
2050
2059
2069
2070
2070
2049
2028
2009
1990
1996
2002
2024
2047
2073
2098
2116
2133
2132
2130
2120
2110
2114
2118
2136
2155
2176
2196
2217
2238
2257
2276
2281
2285
2283
2280
2280
2280
2272
2265
2248
2230
2221
2213
2202
2191
2159
2125
2096
2067
2066
2067
2068
2068
2051
2032
2016
2000
1992
1984
1976
1968
1973
1979
1995
2011
2017
2022
2018
2014
2004
1993
1972
1951
1936
1921
1926
1932
1940
1947
1955
1963
1981
2000
2004
2007
1987
1966
1954
1943
1951
1961
1968
1974
1984
1995
2018
2042
2054
2066
2062
2057
2059
2061
2067
2073
2069
2065
2064
2064
2067
2070
2059
2046
2027
2007
2005
2005
2013
2022
2021
2019
2007
1994
1978
1962
1945
1927
1924
1922
1944
1968
2000
2032
2051
2070
2077
2083
2080
2076
2059
2042
2027
2011
2011
2011
2022
2034
2052
2071
2091
2112
2115
2117
2097
2076
2057
2038
2038
2039
2049
2060
2071
2082
2091
2100
2101
2101
2096
2090
2086
2083
2080
2078
2074
2071
2075
2079
2087
2094
2084
2073
2050
2027
2019
2012
2017
2023
2015
2007
1985
1963
1939
1915
1888
1861
1850
1840
1864
1889
1925
1961
1981
2001
2011
2020
2019
2017
2000
1982
1968
1954
1959
1965
1985
2006
2034
2061
2081
2100
2100
2099
2083
2066
2052
2037
2034
2032
2047
2063
2082
2102
2111
2118
2121
2123
2125
2127
2121
2115
2107
2099
2098
2097
2098
2100
2102
2103
2094
2083
2054
2024
2005
1987
2003
2020
2032
2045
2026
2006
1983
1960
1945
1931
1922
1913
1926
1940
1974
2009
2031
2053
2060
2066
2067
2067
2053
2039
2022
2004
2004
2004
2016
2030
2049
2069
2095
2121
2137
2152
2147
2141
2134
2127
2135
2143
2161
2180
2202
2224
2243
2262
2273
2283
2285
2287
2282
2277
2266
2255
2243
2230
2219
2208
2201
2194
2184
2173
2149
2124
2099
2074
2073
2073
2081
2089
2079
2067
2047
2027
2013
2000
1987
1973
1966
1960
1969
1980
1991
2002
2002
2001
1994
1988
1976
1963
1944
1924
1913
1902
1907
1912
1924
1936
1951
1967
1982
1997
1996
1995
1980
1964
1955
1947
1952
1957
1967
1978
1991
2004
2016
2028
2029
2029
2025
2020
2023
2027
2033
2038
2037
2036
2038
2041
2048
2054
2047
2039
2026
2013
2017
2022
2034
2046
2046
2045
2035
2025
2009
1992
1969
1945
1932
1920
1936
1954
1986
2019
2046
2073
2085
2097
2090
2082
2064
2045
2030
2015
2012
2010
2018
2028
2048
2069
2089
2109
2112
2114
2102
2088
2072
2056
2049
2042
2047
2052
2062
2072
2080
2087
2096
2104
2110
2115
2110
2104
2097
2091
2095
2099
2105
2111
2119
2126
2139
2152
2149
2146
2122
2097
2084
2071
2079
2089
2091
2093
2079
2063
2042
2020
1993
1966
1946
1927
1934
1944
1971
1999
2020
2041
2050
2057
2052
2046
2023
1999
1971
1944
1932
1920
1928
1936
1957
1978
1998
2018
2022
2024
2011
1996
1984
1972
1972
1972
1985
1998
2019
2041
2060
2079
2092
2104
2110
2116
2111
2106
2091
2076
2069
2062
2066
2071
2078
2084
2088
2091
2083
2073
2047
2020
2008
1996
2014
2033
2045
2057
2040
2022
2000
1978
1963
1948
1940
1933
1948
1964
1994
2026
2046
2065
2074
2081
2078
2075
2048
2019
1989
1958
1957
1957
1974
1993
2009
2026
2042
2058
2065
2072
2059
2045
2029
2013
2015
2017
2033
2049
2064
2080
2093
2106
2117
2128
2133
2137
2133
2129
2127
2126
2135
2146
2157
2169
2173
2177
2174
2171
2161
2150
2141
2133
2142
2152
2168
2185
2185
2185
2174
2162
2154
2146
2137
2128
2122
2117
2125
2133
2142
2150
2147
2144
2132
2120
2100
2080
2055
2031
2019
2007
2007
2008
2015
2022
2040
2058
2071
2085
2073
2059
2037
2014
2005
1998
1998
1998
2000
2002
2013
2024
2026
2027
2015
2001
1993
1985
1981
1978
1971
1965
1969
1973
1986
1999
1994
1989
1972
1955
1953
1952
1961
1972
1976
1980
1975
1969
1955
1941
1924
1907
1897
1887
1895
1903
1930
1958
1987
2017
2032
2047
2048
2049
2044
2038
2025
2012
2003
1993
1998
2003
2021
2039
2063
2087
2106
2125
2118
2110
2084
2058
2044
2030
2032
2035
2042
2049
2061
2074
2089
2105
2108
2110
2103
2096
2093
2090
2090
2090
2089
2088
2094
2100
2110
2121
2116
2111
2090
2069
2057
2045
2053
2063
2071
2079
2068
2056
2032
2007
1983
1959
1947
1935
1944
1954
1978
2003
2029
2055
2075
2095
2101
2105
2090
2073
2051
2028
2014
2001
2002
2004
2025
2046
2077
2109
2120
2130
2113
2094
2074
2055
2049
2044
2050
2056
2073
2091
2109
2128
2136
2144
2144
2143
2136
2130
2120
2110
2104
2098
2098
2098
2102
2105
2112
2118
2117
2116
2091
2065
2037
2010
2009
2010
2017
2024
2004
1983
1947
1911
1882
1852
1832
1813
1817
1822
1856
1892
1927
1963
1979
1994
1997
2000
1992
1983
1962
1941
1932
1925
1942
1961
1989
2019
2050
2081
2100
2119
2111
2101
2077
2053
2042
2031
2037
2044
2058
2072
2088
2105
2118
2131
2135
2139
2136
2133
2123
2112
2103
2093
2093
2093
2094
2095
2089
2083
2067
2050
2025
2000
1983
1967
1981
1997
2018
2040
2033
2024
1998
1971
1954
1938
1938
1938
1956
1975
2008
2041
2063
2085
2091
2096
2097
2097
2089
2081
2066
2051
2049
2048
2064
2082
2106
2130
2154
2178
2191
2203
2194
2183
2169
2154
2160
2166
2183
2200
2210
2221
2230
2240
2245
2249
2238
2225
2207
2189
2178
2166
2153
2139
2127
2114
2111
2109
2097
2084
2056
2027
2011
1996
2005
2015
2018
2021
2006
1990
1974
1957
1942
1926
1914
1901
1908
1916
1939
1962
1978
1993
1994
1995
1987
1978
1959
1939
1922
1906
1909
1912
1926
1941
1961
1981
2006
2031
2044
2056
2043
2029
2011
1992
1984
1978
1979
1981
1994
2008
2029
2051
2061
2069
2061
2051
2045
2040
2043
2046
2049
2051
2054
2057
2063
2069
2066
2063
2047
2031
2023
2015
2024
2035
2045
2056
2051
2045
2029
2012
1991
1969
1948
1927
1926
1926
1953
1981
2014
2048
2070
2091
2100
2107
2098
2088
2067
2045
2028
2011
2012
2013
2028
2043
2061
2080
2090
2100
2093
2085
2064
2043
2027
2012
2014
2017
2032
2048
2065
2083
2096
2109
2111
2112
2105
2098
2096
2094
2098
2102
2103
2104
2111
2117
2130
2143
2138
2132
2107
2081
2069
2058
2065
2073
2073
2072
2057
2042
2024
2005
1984
1963
1953
1945
1961
1979
2009
2040
2067
2093
2107
2121
2114
2106
2083
2059
2041
2024
2022
2020
2028
2037
2056
2076
2095
2114
2110
2106
2079
2052
2021
1990
1974
1959
1966
1974
1993
2013
2023
2033
2032
2031
2029
2028
2024
2021
2012
2004
2002
2001
2011
2022
2036
2051
2052
2053
2035
2016
1999
1982
1988
1995
2006
2017
2009
1999
1981
1962
1945
1929
1916
1903
1908
1914
1944
1975
2006
2037
2055
2073
2079
2085
2075
2063
2037
2011
1995
1980
1987
1994
2013
2032
2051
2069
2076
2083
2075
2065
2048
2030
2020
2009
2014
2019
2032
2046
2057
2069
2080
2091
2101
2111
2111
2111
2104
2097
2095
2094
2095
2096
2097
2097
2097
2096
2087
2078
2071
2064
2077
2091
2112
2133
2139
2143
2137
2131
2125
2120
2117
2114
2123
2133
2157
2181
2199
2217
2218
2219
2212
2205
2189
2172
2151
2130
2116
2102
2099
2096
2098
2101
2109
2116
2119
2121
2108
2094
2075
2055
2042
2030
2028
2027
2034
2042
2056
2071
2076
2081
2073
2063
2055
2047
2043
2040
2030
2020
2011
2002
2002
2002
1991
1980
1954
1928
1918
1908
1918
1930
1931
1932
1920
1906
1896
1886
1877
1867
1863
1859
1877
1896
1927
1958
1977
1995
2001
2007
2007
2007
1994
1981
1967
1953
1953
1953
1964
1976
1996
2017
2044
2071
2078
2083
2064
2043
2030
2017
2023
2030
2036
2041
2048
2055
2072
2090
2099
2109
2105
2101
2102
2103
2109
2114
2113
2111
2116
2121
2132
2143
2134
2124
2102
2080
2073
2068
2074
2080
2079
2078
2067
2055
2035
2014
1986
1958
1945
1932
1946
1962
1989
2017
2041
2064
2077
2090
2087
2083
2065
2046
2026
2005
1995
1986
1993
2001
2024
2048
2072
2096
2103
2108
2093
2076
2056
2036
2030
2026
2037
2050
2066
2082
2094
2106
2112
2118
2119
2120
2121
2122
2122
2122
2119
2117
2121
2125
2135
2146
2141
2135
2114
2093
2084
2076
2083
2090
2087
2084
2067
2050
2029
2007
1978
1949
1930
1912
1925
1939
1966
1994
2008
2021
2022
2023
2015
2005
1981
1957
1935
1913
1910
1909
1923
1939
1961
1983
2004
2024
2028
2030
2014
1997
1981
1965
1965
1965
1981
1998
2021
2044
2063
2082
2089
2095
2094
2092
2090
2089
2088
2088
2085
2083
2083
2084
2087
2090
2076
2060
2033
2004
2001
1999
2019
2041
2042
2041
2016
1990
1971
1952
1944
1937
1937
1937
1957
1978
2006
2033
2045
2056
2060
2064
2060
2056
2029
2001
1977
1953
1960
1968
1989
2011
2028
2044
2058
2072
2074
2076
2062
2047
2039
2032
2040
2048
2058
2069
2084
2099
2119
2139
2150
2160
2160
2159
2162
2166
2175
2183
2190
2197
2203
2208
2204
2199
2185
2171
2171
2171
2182
2195
2196
2196
2185
2173
2159
2145
2128
2111
2100
2089
2097
2105
2113
2121
2114
2106
2097
2088
2080
2072
2054
2036
2023
2009
2012
2015
2022
2028
2035
2041
2049
2057
2052
2047
2029
2010
2002
1995
2000
2005
2012
2019
2024
2028
2021
2014
1999
1984
1979
1974
1977
1980
1981
1982
1985
1987
1988
1988
1977
1965
1955
1944
1949
1955
1959
1962
1951
1939
1924
1909
1899
1888
1882
1877
1883
1889
1909
1930
1957
1983
2003
2022
2029
2035
2030
2025
2018
2012
2012
2012
2018
2024
2037
2050
2071
2092
2112
2132
2134
2134
2116
2098
2086
2073
2073
2074
2080
2085
2094
2102
2115
2129
2134
2138
2136
2133
2137
2141
2150
2158
2158
2157
2154
2152
2145
2139
2114
2088
2057
2025
2008
1992
1976
1960
1934
1907
1888
1870
1868
1867
1868
1870
1883
1897
1928
1961
1998
2035
2066
2097
2121
2145
2155
2163
2155
2145
2132
2119
2108
2097
2083
2069
2054
2039
2024
2008
1993
1977
1972
1968
1978
1990
2009
2029
2046
2062
2065
2067
2059
2051
2042
2033
2024
2016
2004
1992
1994
1996
2020
2045
2058
2070
2055
2039
2033
2028
2046
2065
2074
2082
2065
2047
2024
2000
1980
1961
1951
1943
1954
1967
1991
2015
2036
2057
2075
2092
2098
2103
2090
2075
2058
2040
2038
2036
2049
2063
2087
2112
2136
2159
2168
2175
2167
2159
2150
2141
2144
2148
2159
2170
2174
2178
2177
2175
2185
2196
2214
2233
2223
2211
2159
2104
2038
1970
1923
1877
1854
1833
1816
1800
1785
1770
1771
1772
1784
1797
1799
1800
1794
1787
1785
1784
1788
1793
1809
1826
1869
1913
1974
2036
2091
2146
2179
2212
2220
2227
2221
2215
2217
2220
2243
2266
2303
2340
2375
2410
2426
2442
2431
2418
2392
2365
2336
2306
2278
2249
2232
2216
2213
2211
2203
2196
2179
2162
2147
2132
2117
2102
2084
2065
2050
2035
2022
2008
1988
1968
1958
1949
1954
1960
1955
1949
1928
1907
1892
1878
1870
1863
1858
1854
1863
1873
1890
1908
1913
1917
1919
1921
1927
1932
1928
1924
1918
1912
1922
1933
1951
1969
1988
2007
2030
2052
2055
2057
2038
2018
2008
2000
2009
2020
2027
2034
2039
2043
2051
2059
2062
2064
2065
2065
2071
2077
2083
2088
2090
2092
2092
2091
2080
2069
2056
2042
2044
2046
2054
2061
2054
2047
2031
2015
1997
1978
1954
1930
1920
1911
1929
1948
1972
1996
2009
2021
2031
2042
2045
2048
2033
2017
2002
1987
1990
1993
2006
2020
2039
2059
2083
2107
2114
2120
2106
2090
2079
2067
2069
2071
2081
2091
2103
2116
2121
2126
2121
2116
2117
2118
2133
2149
2163
2177
2189
2202
2216
2230
2228
2226
2206
2185
2170
2156
2150
2144
2125
2105
2073
2041
2009
1976
1944
1912
1892
1873
1877
1883
1900
1918
1933
1949
1965
1982
1986
1990
1969
1947
1924
1902
1901
1901
1910
1921
1935
1950
1964
1979
1972
1964
1940
1916
1908
1901
1916
1933
1954
1976
2001
2026
2049
2072
2085
2097
2106
2114
2121
2128
2126
2124
2128
2132
2146
2161
2149
2136
2104
2070
2065
2062
2075
2089
2076
2061
2033
2004
1989
1975
1963
1950
1943
1936
1950
1966
1984
2002
2008
2014
2025
2036
2041
2046
2027
2007
1987
1967
1969
1973
1985
1997
2010
2023
2039
2056
2062
2067
2057
2045
2035
2025
2026
2028
2041
2055
2078
2101
2122
2143
2153
2162
2171
2179
2188
2197
2199
2200
2203
2206
2216
2227
2224
2221
2205
2189
2190
2192
2205
2218
2212
2206
2189
2171
2162
2154
2145
2135
2125
2114
2114
2114
2115
2115
2106
2096
2085
2073
2058
2043
2020
1997
1982
1967
1967
1968
1977
1985
1999
2014
2025
2037
2029
2021
2006
1990
1986
1983
1985
1987
1988
1988
1993
1998
2002
2006
2002
1998
1992
1987
1985
1983
1984
1986
1992
1998
1998
1998
1986
1974
1970
1966
1976
1988
1992
1995
1981
1966
1950
1934
1925
1917
1913
1909
1913
1918
1936
1955
1977
1999
2013
2026
2029
2031
2027
2023
2017
2012
2012
2012
2018
2025
2039
2054
2079
2104
2124
2144
2138
2130
2107
2084
2073
2063
2065
2068
2072
2075
2083
2091
2098
2105
2103
2101
2100
2099
2105
2111
2113
2114
2112
2110
2111
2112
2108
2103
2090
2076
2070
2064
2066
2069
2065
2060
2045
2030
2009
1987
1961
1935
1924
1914
1932
1951
1983
2016
2040
2064
2076
2088
2086
2083
2067
2050
2038
2025
2025
2026
2036
2046
2061
2077
2091
2106
2106
2105
2087
2069
2053
2036
2033
2030
2036
2043
2054
2065
2077
2089
2091
2092
2081
2068
2055
2041
2037
2034
2031
2029
2026
2023
2029
2035
2036
2037
2019
1999
1986
1973
1985
1999
2007
2014
1997
1979
1958
1936
1918
1900
1890
1880
1897
1916
1956
1996
2026
2055
2071
2087
2090
2092
2070
2047
2017
1987
1985
1984
2001
2020
2038
2057
2076
2095
2104
2114
2103
2091
2073
2055
2051
2047
2054
2061
2070
2079
2086
2093
2095
2097
2097
2096
2097
2098
2100
2102
2096
2089
2080
2072
2072
2072
2063
2052
2016
1979
1954
1931
1951
1973
2005
2037
2046
2054
2058
2062
2069
2076
2074
2072
2073
2075
2092
2109
2124
2139
2146
2152
2155
2157
2150
2143
2129
2115
2111
2108
2116
2125
2138
2151
2166
2181
2190
2198
2189
2178
2160
2141
2137
2133
2141
2151
2160
2168
2174
2179
2181
2183
2176
2169
2159
2149
2140
2132
2119
2106
2095
2084
2084
2084
2075
2066
2043
2019
2005
1992
1989
1987
1972
1956
1933
1909
1893
1877
1862
1847
1836
1825
1836
1849
1875
1901
1920
1939
1950
1961
1963
1964
1954
1942
1935
1928
1941
1956
1975
1995
2012
2028
2045
2063
2071
2078
2066
2053
2040
2026
2026
2026
2032
2039
2048
2056
2065
2073
2072
2070
2064
2058
2061
2064
2069
2073
2073
2072
2076
2081
2089
2096
2088
2078
2060
2041
2038
2036
2044
2053
2052
2051
2034
2017
1993
1969
1945
1922
1916
1911
1933
1957
1992
2027
2050
2072
2081
2088
2085
2081
2068
2054
2043
2031
2031
2031
2041
2051
2069
2087
2103
2120
2117
2113
2090
2067
2049
2032
2031
2031
2037
2043
2053
2063
2072
2081
2080
2079
2069
2058
2049
2039
2032
2026
2023
2021
2027
2034
2043
2051
2043
2034
2017
2000
2001
2002
2017
2032
2031
2030
2011
1992
1972
1952
1936
1921
1921
1921
1945
1970
2004
2039
2062
2085
2097
2108
2104
2099
2073
2046
2019
1993
1987
1983
1996
2011
2032
2053
2072
2091
2092
2092
2076
2058
2040
2021
2015
2011
2020
2030
2045
2061
2073
2086
2090
2094
2091
2087
2083
2079
2077
2076
2072
2068
2068
2068
2070
2073
2056
2037
2005
1973
1973
1975
2003
2033
2041
2047
2036
2024
2019
2014
2007
2000
1999
1998
2020
2043
2071
2100
2116
2132
2145
2159
2163
2167
2151
2133
2121
2109
2116
2124
2136
2148
2163
2179
2199
2219
2226
2231
2218
2203
2188
2173
2167
2162
2164
2166
2174
2182
2185
2188
2183
2177
2168
2160
2149
2138
2127
2115
2109
2103
2099
2096
2086
2075
2058
2041
2027
2013
2009
2005
1998
1992
1970
1947
1922
1897
1885
1874
1867
1860
1859
1859
1879
1900
1928
1955
1965
1974
1974
1974
1968
1963
1949
1934
1931
1929
1949
1970
1990
2009
2020
2030
2041
2052
2049
2045
2025
2005
1995
1987
1995
2004
2013
2023
2034
2046
2057
2069
2072
2074
2073
2072
2071
2071
2069
2067
2072
2077
2089
2101
2099
2097
2079
2061
2049
2037
2037
2037
2042
2047
2046
2045
2027
2008
1979
1949
1931
1913
1918
1924
1949
1975
2006
2038
2061
2083
2091
2097
2090
2082
2064
2045
2028
2011
2013
2015
2032
2050
2067
2085
2096
2107
2111
2114
2105
2095
2079
2063
2054
2044
2038
2033
2027
2022
2025
2028
2040
2052
2059
2066
2065
2063
2055
2048
2038
2028
2025
2023
2023
2023
2007
1990
1973
1956
1968
1982
2002
2023
2017
2010
1987
1963
1944
1925
1910
1896
1901
1906
1937
1969
1997
2026
2040
2053
2063
2073
2071
2069
2048
2026
2010
1995
2002
2009
2026
2044
2065
2086
2105
2124
2124
2123
2105
2086
2071
2055
2058
2062
2077
2093
2101
2109
2104
2099
2093
2088
2088
2088
2087
2086
2081
2077
2074
2071
2071
2071
2068
2066
2050
2033
2009
1985
1978
1973
1987
2003
2010
2017
2009
2001
1990
1978
1967
1956
1954
1952
1970
1989
2021
2054
2079
2103
2116
2129
2130
2131
2124
2116
2113
2110
2119
2130
2148
2166
2187
2209
2230
2251
2259
2265
2254
2241
2227
2212
2207
2202
2205
2208
2216
2223
2228
2232
2224
2216
2196
2175
2156
2137
2125
2114
2109
2105
2105
2105
2099
2093
2072
2051
2034
2018
2023
2028
2029
2029
2009
1989
1970
1951
1940
1929
1913
1896
1887
1878
1886
1896
1905
1914
1915
1916
1917
1918
1913
1907
1896
1884
1884
1885
1898
1912
1927
1943
1962
1981
1998
2015
2011
2006
1993
1979
1979
1980
1989
1999
2007
2015
2025
2036
2044
2052
2053
2053
2056
2059
2065
2071
2072
2072
2077
2081
2090
2098
2090
2082
2064
2045
2044
2044
2057
2071
2072
2073
2061
2047
2029
2010
1987
1965
1953
1941
1952
1964
1990
2016
2043
2069
2087
2104
2104
2103
2086
2069
2053
2036
2030
2025
2029
2034
2052
2070
2092
2115
2120
2124
2107
2088
2069
2050
2044
2038
2042
2047
2061
2075
2088
2101
2099
2097
2092
2087
2094
2101
2103
2105
2099
2092
2100
2108
2120
2133
2122
2110
2092
2073
2077
2081
2090
2098
2088
2076
2057
2038
2018
1998
1978
1958
1955
1954
1980
2009
2042
2076
2093
2109
2110
2110
2100
2089
2069
2049
2028
2008
1999
1992
1998
2004
2016
2028
2032
2035
2018
1999
1970
1940
1925
1910
1917
1925
1945
1965
1991
2017
2035
2053
2054
2054
2052
2050
2054
2059
2061
2063
2071
2078
2091
2104
2093
2081
2049
2016
2011
2007
2026
2047
2045
2042
2016
1990
1971
1953
1943
1932
1930
1929
1950
1973
2002
2031
2043
2054
2058
2062
2061
2059
2035
2010
1983
1957
1956
1957
1972
1988
2003
2019
2037
2056
2062
2067
2051
2034
2022
2009
2015
2021
2031
2042
2053
2065
2080
2096
2105
2114
2118
2121
2127
2132
2136
2140
2145
2149
2157
2164
2158
2151
2132
2112
2114
2117
2143
2169
2183
2197
2193
2188
2182
2176
2169
2163
2159
2156
2165
2176
2189
2203
2206
2209
2205
2200
2185
2170
2145
2120
2101
2082
2075
2068
2064
2061
2066
2071
2083
2095
2092
2088
2070
2052
2040
2028
2025
2023
2027
2032
2043
2055
2058
2061
2054
2047
2043
2040
2035
2031
2017
2002
1993
1984
1983
1983
1972
1960
1943
1925
1925
1925
1933
1940
1932
1924
1908
1892
1884
1877
1873
1870
1868
1866
1876
1888
1911
1934
1955
1975
1990
2004
2009
2013
2001
1988
1971
1954
1956
1959
1976
1993
2012
2032
2055
2078
2089
2099
2087
2074
2060
2045
2044
2043
2047
2051
2060
2068
2080
2092
2095
2098
2097
2095
2095
2096
2097
2097
2100
2103
2114
2125
2122
2119
2097
2075
2065
2056
2064
2073
2073
2072
2056
2040
2022
2003
1984
1964
1950
1937
1945
1953
1977
2002
2029
2055
2074
2093
2095
2096
2083
2069
2055
2040
2032
2024
2024
2025
2042
2059
2083
2107
2114
2119
2102
2083
2063
2044
2041
2039
2048
2058
2071
2084
2098
2112
2121
2131
2131
2130
2126
2122
2122
2122
2120
2118
2118
2119
2134
2150
2156
2162
2139
2115
2093
2071
2077
2084
2091
2098
2081
2062
2034
2004
1973
1941
1914
1887
1885
1885
1908
1933
1955
1976
1983
1989
1984
1979
1963
1947
1930
1913
1906
1900
1905
1911
1930
1949
1978
2007
2024
2041
2034
2027
2011
1995
1991
1988
1999
2011
2029
2047
2060
2073
2082
2090
2099
2108
2110
2112
2103
2093
2085
2078
2086
2096
2106
2116
2102
2086
2057
2027
2018
2011
2027
2044
2048
2051
2034
2016
1999
1982
1972
1962
1960
1958
1975
1993
2021
2050
2068
2085
2092
2098
2101
2104
2095
2085
2070
2055
2055
2055
2070
2085
2103
2121
2140
2160
2173
2185
2179
2172
2162
2151
2157
2164
2180
2197
2209
2222
2231
2241
2244
2247
2240
2232
2221
2209
2200
2191
2180
2168
2158
2148
2141
2135
2119
2102
2080
2058
2053
2050
2056
2062
2051
2039
2015
1991
1971
1952
1934
1916
1909
1903
1919
1937
1956
1975
1978
1979
1975
1970
1960
1950
1927
1904
1888
1873
1884
1896
1919
1943
1968
1992
2011
2030
2025
2020
1999
1977
1970
1965
1973
1983
1990
1996
2007
2018
2034
2051
2053
2055
2048
2040
2041
2043
2050
2056
2058
2060
2066
2071
2075
2078
2068
2057
2044
2030
2030
2031
2039
2046
2046
2046
2033
2019
1997
1975
1956
1937
1936
1937
1958
1979
2005
2030
2050
2070
2081
2092
2084
2075
2051
2027
2012
1997
2002
2008
2022
2037
2057
2077
2095
2113
2106
2098
2074
2049
2039
2030
2036
2043
2052
2060
2073
2087
2102
2117
2118
2118
2112
2106
2105
2105
2101
2098
2097
2097
2113
2130
2141
2152
2136
2118
2097
2076
2075
2075
2083
2090
2083
2075
2055
2034
2009
1984
1963
1943
1941
1940
1959
1980
2006
2032
2047
2062
2063
2063
2046
2029
2001
1971
1947
1923
1920
1918
1931
1946
1964
1983
1997
2010
2004
1998
1979
1960
1954
1949
1964
1980
1996
2013
2026
2039
2056
2074
2086
2098
2098
2098
2095
2093
2090
2088
2083
2078
2082
2086
2093
2100
2083
2064
2035
2004
2002
2002
2020
2039
2040
2039
2018
1996
1975
1954
1938
1922
1921
1920
1944
1969
1998
2028
2042
2056
2061
2065
2061
2056
2032
2007
1982
1958
1959
1961
1980
2000
2019
2037
2051
2066
2072
2078
2067
2055
2044
2032
2039
2046
2064
2083
2103
2123
2141
2159
2168
2177
2179
2181
2187
2193
2198
2203
2205
2206
2214
2222
2229
2235
2220
2204
2185
2166
2172
2179
2194
2210
2207
2203
2186
2169
2149
2129
2106
2083
2072
2062
2070
2080
2090
2101
2100
2099
2090
2081
2064
2047
2027
2006
1993
1981
1980
1980
1984
1988
2001
2015
2027
2039
2030
2019
1996
1972
1958
1944
1941
1939
1940
1942
1953
1964
1975
1986
1986
1985
1982
1980
1983
1986
1989
1991
1995
1998
2006
2013
2009
2004
1987
1970
1968
1967
1981
1996
1998
1999
1985
1969
1954
1938
1927
1915
1908
1902
1912
1923
1950
1979
2007
2035
2052
2069
2070
2070
2058
2044
2031
2018
2018
2018
2024
2031
2044
2057
2078
2099
2111
2123
2111
2098
2080
2061
2055
2049
2049
2049
2055
2060
2072
2085
2093
2101
2097
2092
2086
2080
2082
2084
2090
2095
2103
2110
2118
2125
2119
2112
2091
2069
2058
2047
2056
2067
2072
2076
2061
2045
2023
2000
1980
1960
1946
1933
1941
1950
1981
2013
2042
2072
2085
2098
2099
2099
2088
2076
2058
2040
2031
2021
2028
2036
2055
2074
2094
2114
2119
2123
2110
2095
2078
2061
2056
2051
2057
2063
2077
2092
2110
2128
2139
2151
2147
2142
2127
2111
2100
2089
2083
2078
2072
2067
2068
2070
2075
2079
2060
2040
2004
1968
1959
1951
1967
1984
1981
1978
1949
1919
1890
1860
1842
1825
1830
1835
1865
1896
1929
1963
1982
2001
2012
2023
2022
2020
1999
1977
1956
1936
1938
1942
1965
1989
2019
2050
2073
2095
2097
2097
2079
2060
2045
2029
2031
2033
2049
2065
2080
2095
2102
2109
2110
2111
2111
2110
2108
2107
2103
2100
2094
2088
2088
2089
2092
2095
2076
2055
2022
1988
1987
1987
2012
2038
2040
2041
2022
2002
1990
1979
1975
1972
1975
1979
2004
2029
2057
2086
2098
2109
2117
2124
2127
2130
2114
2097
2082
2067
2080
2094
2118
2142
2158
2173
2187
2201
2206
2211
2198
2184
2171
2158
2164
2171
2184
2198
2204
2209
2208
2207
2199
2191
2178
2165
2151
2136
2120
2104
2094
2084
2083
2083
2075
2068
2046
2024
2011
1998
2002
2006
2003
1999
1981
1962
1949
1935
1929
1923
1918
1913
1919
1926
1942
1958
1966
1974
1976
1977
1976
1975
1962
1949
1935
1921
1924
1927
1941
1955
1972
1989
2012
2036
2047
2058
2043
2026
2011
1995
1995
1996
1998
1999
2006
2012
2029
2047
2055
2062
2058
2054
2055
2057
2061
2064
2063
2061
2064
2067
2069
2071
2059
2045
2031
2017
2021
2025
2037
2050
2050
2049
2032
2014
1992
1970
1952
1935
1932
1929
1944
1961
1991
2023
2049
2075
2085
2095
2090
2085
2070
2054
2039
2023
2021
2020
2029
2039
2054
2069
2084
2100
2101
2102
2086
2068
2054
2040
2041
2043
2050
2057
2065
2073
2084
2096
2101
2106
2105
2103
2102
2102
2099
2097
2096
2095
2104
2115
2124
2134
2122
2109
2092
2074
2076
2079
2089
2099
2091
2083
2059
2035
2008
1981
1962
1944
1948
1953
1979
2005
2035
2065
2083
2101
2104
2107
2095
2081
2059
2037
2018
1999
1990
1982
1987
1993
2010
2027
2037
2048
2033
2016
1984
1950
1931
1913
1920
1929
1950
1971
1991
2011
2027
2043
2051
2058
2057
2055
2050
2045
2043
2041
2042
2043
2050
2057
2060
2063
2050
2036
2023
2010
2021
2033
2047
2062
2052
2041
2018
1995
1977
1959
1952
1946
1958
1972
2005
2039
2066
2093
2103
2113
2113
2113
2097
2080
2050
2018
1997
1977
1978
1980
1994
2009
2028
2047
2060
2073
2063
2051
2030
2008
2002
1997
2006
2016
2026
2036
2048
2061
2072
2083
2085
2087
2089
2091
2097
2103
2103
2102
2100
2098
2105
2112
2113
2113
2101
2087
2086
2086
2102
2120
2133
2146
2150
2154
2155
2155
2147
2140
2140
2140
2159
2180
2200
2219
2222
2223
2220
2217
2205
2192
2164
2134
2112
2091
2090
2090
2095
2099
2104
2109
2117
2125
2118
2110
2087
2063
2048
2033
2034
2035
2039
2043
2051
2059
2064
2068
2058
2047
2031
2015
2005
1995
1983
1971
1962
1953
1952
1952
1946
1940
1926
1912
1911
1911
1919
1929
1926
1923
1913
1902
1894
1886
1875
1864
1859
1854
1871
1889
1919
1949
1972
1995
2011
2026
2029
2032
2019
2005
1993
1980
1981
1983
1996
2010
2033
2057
2083
2108
2112
2114
2096
2076
2064
2053
2057
2061
2065
2068
2072
2075
2084
2092
2095
2098
2096
2094
2094
2094
2095
2095
2093
2091
2096
2101
2107
2112
2101
2089
2072
2054
2052
2051
2056
2062
2057
2051
2032
2013
1990
1968
1951
1935
1938
1942
1967
1992
2021
2051
2068
2084
2088
2092
2088
2084
2067
2050
2033
2015
2017
2019
2039
2059
2081
2102
2114
2126
2119
2112
2090
2068
2056
2045
2055
2066
2081
2096
2108
2120
2131
2142
2143
2143
2137
2131
2130
2129
2127
2125
2121
2117
2123
2129
2130
2130
2103
2076
2048
2020
2014
2010
2005
2001
1982
1962
1936
1911
1881
1851
1827
1804
1813
1825
1861
1899
1930
1960
1974
1987
1988
1989
1976
1962
1944
1926
1926
1926
1942
1960
1985
2010
2037
2064
2078
2091
2079
2065
2044
2023
2017
2013
2022
2033
2048
2063
2080
2098
2111
2124
2122
2120
2111
2103
2102
2102
2102
2102
2100
2097
2101
2105
2106
2107
2083
2057
2027
1997
1999
2003
2021
2040
2037
2032
2014
1995
1978
1962
1950
1938
1941
1944
1971
1998
2024
2050
2059
2067
2068
2068
2060
2053
2035
2017
2008
2000
2012
2025
2048
2071
2096
2121
2143
2164
2169
2173
2165
2157
2158
2159
2174
2190
2208
2226
2246
2266
2284
2301
2303
2305
2300
2294
2289
2284
2272
2260
2245
2230
2219
2208
2184
2160
2124
2087
2071
2056
2061
2066
2058
2048
2027
2006
1988
1970
1950
1930
1916
1902
1910
1920
1933
1946
1949
1952
1956
1959
1955
1951
1928
1905
1889
1874
1882
1890
1900
1910
1920
1931
1953
1976
1992
2007
1998
1988
1976
1964
1965
1967
1976
1985
1997
2009
2021
2034
2039
2044
2043
2042
2040
2039
2038
2038
2040
2042
2049
2055
2056
2056
2045
2034
2026
2019
2025
2031
2042
2054
2052
2049
2031
2013
1993
1973
1957
1941
1937
1933
1951
1971
2004
2038
2057
2075
2075
2074
2066
2058
2046
2033
2021
2008
2007
2007
2018
2031
2051
2071
2088
2104
2098
2092
2070
2047
2033
2020
2023
2027
2038
2049
2066
2083
2094
2106
2104
2102
2100
2099
2105
2111
2112
2113
2115
2117
2131
2145
2150
2155
2140
2123
2112
2100
2105
2111
2111
2111
2094
2077
2056
2034
2010
1987
1968
1950
1953
1958
1985
2012
2039
2066
2081
2095
2094
2093
2076
2058
2036
2014
2001
1989
1989
1990
2001
2012
2028
2045
2048
2050
2029
2006
1974
1941
1924
1908
1915
1923
1945
1968
1993
2018
2031
2044
2045
2045
2048
2051
2055
2058
2057
2055
2061
2067
2083
2100
2091
2080
2044
2006
1996
1988
2014
2042
2053
2063
2046
2028
2009
1990
1971
1953
1943
1933
1954
1977
2014
2052
2073
2093
2100
2105
2097
2087
2057
2026
1998
1971
1966
1962
1968
1974
1984
1994
2009
2025
2030
2034
2022
2008
1996
1983
1987
1992
2006
2021
2035
2049
2061
2073
2083
2093
2099
2105
2109
2112
2116
2120
2123
2126
2133
2139
2147
2154
2152
2150
2143
2136
2150
2165
2191
2217
2224
2230
2221
2210
2200
2190
2178
2165
2160
2156
2172
2189
2206
2224
2223
2222
2213
2205
2191
2176
2149
2120
2093
2067
2055
2044
2043
2043
2052
2062
2071
2080
2065
2049
2024
1998
1994
1991
1999
2007
2009
2010
2017
2023
2032
2041
2035
2029
2017
2005
1996
1988
1974
1960
1949
1938
1941
1945
1945
1945
1931
1916
1915
1914
1926
1939
1941
1942
1934
1924
1915
1907
1898
1888
1887
1887
1907
1928
1956
1984
2001
2018
2027
2035
2036
2036
2024
2011
2000
1988
1990
1993
2004
2015
2031
2048
2068
2089
2096
2102
2088
2072
2057
2042
2038
2035
2038
2041
2051
2061
2071
2082
2083
2083
2078
2074
2073
2073
2073
2074
2081
2088
2101
2115
2118
2121
2109
2096
2087
2078
2081
2084
2088
2092
2085
2078
2056
2034
2005
1975
1955
1936
1936
1938
1960
1982
2013
2044
2069
2094
2104
2112
2103
2092
2073
2054
2039
2025
2027
2029
2047
2065
2088
2111
2122
2132
2122
2110
2088
2066
2053
2041
2042
2044
2053
2061
2074
2088
2099
2111
2109
2106
2095
2084
2081
2078
2078
2078
2076
2075
2078
2082
2079
2075
2050
2024
2004
1984
1986
1990
1989
1987
1965
1943
1921
1900
1884
1868
1859
1849
1865
1883
1922
1962
1994
2025
2037
2049
2049
2049
2037
2025
2006
1987
1976
1966
1974
1983
2009
2036
2064
2093
2103
2112
2100
2086
2070
2054
2052
2051
2060
2070
2082
2094
2105
2116
2123
2129
2127
2125
2121
2117
2117
2117
2112
2107
2098
2090
2086
2083
2066
2049
2019
1987
1977
1967
1980
1994
1993
1992
1975
1957
1949
1941
1934
1927
1923
1919
1938
1958
1986
2015
2027
2039
2044
2049
2055
2060
2052
2043
2030
2017
2023
2030
2053
2077
2103
2129
2150
2171
2182
2192
2193
2193
2196
2199
2210
2222
2239
2256
2274
2292
2304
2317
2318
2318
2309
2301
2290
2278
2264
2250
2237
2224
2212
2199
2175
2150
2118
2085
2071
2058
2060
2062
2051
2039
2014
1989
1971
1953
1939
1925
1912
1898
1903
1908
1924
1941
1946
1951
1947
1942
1933
1924
1908
1892
1881
1870
1874
1879
1890
1902
1919
1937
1958
1980
1987
1992
1982
1971
1966
1961
1964
1967
1971
1975
1986
1997
2008
2020
2020
2019
2019
2019
2027
2036
2041
2046
2047
2048
2053
2057
2054
2050
2036
2021
2019
2018
2031
2046
2051
2056
2048
2038
2024
2009
1992
1974
1961
1948
1956
1966
1994
2023
2050
2076
2090
2104
2104
2103
2088
2073
2055
2037
2031
2026
2033
2040
2055
2070
2087
2105
2110
2115
2100
2084
2066
2048
2045
2043
2048
2054
2063
2072
2081
2091
2094
2097
2099
2101
2109
2116
2119
2121
2121
2120
2130
2142
2151
2160
2144
2126
2107
2088
2089
2092
2094
2096
2080
2062
2040
2017
1992
1968
1944
1920
1918
1917
1941
1966
1991
2015
2025
2035
2031
2027
2005
1983
1954
1925
1913
1901
1909
1917
1935
1953
1973
1994
2007
2019
2011
2002
1985
1968
1965
1963
1976
1990
2007
2024
2040
2057
2072
2087
2095
2102
2103
2104
2102
2100
2095
2091
2093
2095
2098
2101
2085
2067
2040
2012
2010
2010
2026
2043
2039
2035
2015
1994
1981
1969
1965
1961
1963
1965
1983
2002
2027
2051
2069
2086
2092
2097
2085
2072
2045
2017
1999
1981
1986
1991
2008
2025
2043
2061
2072
2082
2076
2070
2058
2045
2040
2035
2039
2043
2058
2074
2093
2113
2124
2134
2135
2135
2140
2144
2149
2153
2155
2156
2161
2166
2170
2174
2166
2158
2150
2143
2152
2162
2176
2190
2191
2191
2183
2175
2168
2161
2161
2161
2170
2179
2189
2199
2200
2201
2194
2187
2172
2157
2136
2115
2096
2078
2067
2056
2049
2043
2044
2046
2055
2063
2058
2053
2030
2006
1986
1967
1958
1950
1945
1940
1940
1941
1947
1952
1954
1955
1958
1961
1966
1971
1970
1968
1965
1963
1966
1970
1966
1961
1947
1932
1930
1929
1938
1949
1949
1949
1939
1929
1918
1907
1896
1884
1883
1882
1903
1926
1960
1994
2022
2049
2065
2080
2077
2073
2056
2039
2029
2019
2019
2019
2024
2029
2046
2063
2085
2108
2110
2110
2089
2067
2055
2044
2044
2044
2043
2042
2047
2052
2067
2082
2088
2094
2095
2096
2102
2107
2109
2110
2109
2108
2110
2112
2108
2104
2089
2073
2068
2063
2069
2076
2073
2070
2051
2032
2009
1987
1969
1952
1949
1946
1963
1981
2011
2041
2064
2087
2099
2111
2110
2108
2093
2077
2060
2042
2039
2036
2044
2054
2069
2084
2100
2116
2116
2116
2089
2061
2033
2005
2000
1997
2006
2017
2027
2038
2045
2051
2049
2046
2038
2031
2028
2026
2025
2025
2026
2028
2035
2041
2037
2032
2017
2002
2002
2002
2012
2022
2013
2003
1980
1957
1938
1919
1907
1896
1905
1915
1947
1981
2011
2042
2057
2072
2079
2086
2078
2069
2048
2026
2013
2000
2001
2003
2012
2022
2043
2064
2082
2099
2091
2082
2064
2046
2042
2039
2040
2042
2044
2045
2056
2067
2081
2095
2099
2102
2101
2100
2098
2096
2091
2087
2084
2082
2079
2077
2066
2055
2046
2036
2041
2047
2053
2059
2052
2044
2036
2028
2032
2036
2046
2057
2073
2090
2115
2140
2164
2188
2201
2213
2211
2209
2199
2188
2177
2166
2158
2150
2148
2147
2155
2165
2179
2194
2196
2197
2183
2167
2148
2129
2117
2105
2106
2107
2115
2122
2128
2133
2134
2135
2129
2123
2107
2091
2075
2058
2051
2044
2039
2035
2023
2010
1993
1975
1964
1953
1949
1945
1939
1934
1918
1902
1884
1866
1856
1845
1845
1845
1856
1869
1891
1914
1938
1961
1978
1994
1996
1998
1985
1971
1957
1942
1944
1946
1960
1974
1991
2008
2029
2050
2064
2077
2069
2060
2045
2029
2026
2023
2028
2033
2040
2046
2056
2067
2076
2085
2085
2085
2085
2085
2091
2097
2097
2097
2090
2084
2084
2084
2083
2081
2066
2050
2041
2031
2039
2049
2051
2052
2037
2020
2003
1986
1969
1951
1937
1923
1938
1955
1991
2029
2054
2077
2085
2092
2092
2092
2075
2057
2037
2017
2014
2013
2023
2034
2052
2070
2094
2119
2128
2135
2116
2095
2073
2051
2043
2036
2037
2038
2053
2068
2086
2104
2111
2116
2115
2114
2113
2112
2103
2094
2086
2078
2083
2089
2100
2112
2123
2134
2138
2141
2127
2112
2095
2078
2081
2085
2090
2094
2078
2060
2036
2011
1988
1965
1946
1927
1930
1935
1965
1996
2021
2045
2051
2055
2047
2037
2017
1997
1975
1954
1945
1937
1939
1941
1956
1971
1996
2022
2030
2036
2013
1989
1970
1952
1958
1964
1979
1994
2012
2030
2049
2068
2076
2083
2083
2082
2079
2077
2067
2056
2047
2039
2046
2053
2062
2071
2073
2075
2076
2077
2066
2054
2034
2014
2014
2015
2031
2048
2043
2037
2013
1988
1964
1940
1923
1906
1912
1918
1952
1988
2019
2050
2060
2069
2068
2067
2052
2037
2011
1985
1971
1958
1968
1979
1999
2020
2044
2068
2085
2101
2094
2087
2067
2046
2032
2019
2020
2022
2037
2052
2073
2095
2110
2125
2128
2131
2128
2125
2121
2118
2119
2121
2128
2135
2143
2150
2158
2165
2169
2173
2165
2155
2146
2138
2148
2159
2173
2188
2184
2180
2166
2151
2139
2126
2115
2104
2106
2108
2124
2140
2148
2156
2149
2142
2130
2118
2100
2082
2063
2043
2035
2029
2033
2037
2044
2051
2061
2072
2078
2084
2072
2059
2037
2015
2003
1991
1990
1989
1992
1996
2004
2012
2015
2017
2009
2001
1992
1983
1979
1976
1969
1963
1958
1954
1960
1967
1972
1976
1964
1951
1939
1926
1931
1936
1947
1958
1961
1963
1956
1948
1931
1914
1898
1882
1885
1888
1910
1932
1961
1991
2016
2041
2054
2067
2060
2053
2037
2021
2012
2003
2003
2004
2014
2025
2046
2068
2094
2119
2127
2134
2119
2102
2082
2062
2052
2044
2047
2050
2061
2073
2086
2099
2107
2114
2116
2117
2114
2110
2101
2091
2085
2079
2081
2083
2089
2094
2100
2106
2110
2113
2104
2093
2079
2064
2065
2067
2076
2084
2075
2064
2038
2010
1984
1959
1943
1927
1931
1935
1961
1988
2018
2049
2065
2080
2080
2080
2068
2055
2038
2020
2010
2000
2004
2009
2027
2045
2072
2100
2119
2137
2127
2115
2089
2062
2049
2037
2040
2043
2053
2063
2084
2106
2127
2147
2147
2145
2134
2122
2114
2106
2092
2078
2067
2055
2061
2067
2075
2082
2080
2078
2078
2078
2068
2057
2030
2002
1993
1985
1999
2015
2008
2000
1967
1933
1908
1883
1870
1857
1857
1858
1885
1913
1949
1986
2005
2023
2030
2036
2031
2026
2000
1974
1950
1927
1932
1939
1964
1990
2017
2044
2065
2086
2087
2087
2066
2045
2028
2011
2011
2012
2023
2035
2054
2074
2094
2114
2120
2124
2121
2118
2117
2116
2107
2098
2084
2070
2070
2071
2080
2090
2090
2090
2081
2071
2054
2036
2018
2000
2002
2005
2020
2035
2028
2020
1997
1974
1961
1948
1942
1937
1941
1946
1975
2006
2038
2071
2083
2094
2096
2098
2096
2093
2080
2066
2062
2058
2076
2095
2122
2148
2173
2197
2216
2234
2234
2233
2221
2209
2209
2209
2220
2232
2243
2255
2266
2277
2285
2292
2285
2278
2262
2245
2229
2212
2195
2178
2163
2147
2141
2136
2138
2140
2134
2127
2109
2091
2082
2074
2077
2080
2077
2073
2055
2036
2011
1986
1959
1933
1915
1898
1895
1893
1888
1884
1871
1858
1854
1851
1857
1863
1861
1859
1853
1848
1849
1851
1857
1862
1873
1884
1902
1920
1926
1932
1917
1901
1883
1864
1856
1850
1851
1853
1860
1867
1879
1891
1905
1920
1935
1950
1965
1981
1998
2016
2038
2060
2090
2121
2155
2189
2208
2227
2222
2216
2207
2197
2203
2210
2219
2227
2217
2205
2178
2149
2113
2077
2041
2005
1990
1976
1985
1995
2011
2027
2041
2055
2065
2076
2071
2066
2048
2030
2018
2006
2005
2004
2014
2026
2049
2073
2092
2111
2105
2098
2073
2047
2026
2006
2004
2003
2016
2031
2048
2066
2078
2090
2098
2105
2106
2107
2101
2095
2093
2091
2098
2106
2116
2127
2138
2149
2153
2156
2139
2121
2101
2080
2083
2087
2098
2110
2101
2090
2067
2044
2020
1997
1976
1955
1954
1954
1981
2011
2043
2075
2092
2108
2112
2115
2104
2092
2065
2037
2014
1992
1984
1978
1983
1989
2001
2014
2018
2022
2007
1990
1964
1938
1921
1904
1907
1910
1931
1953
1981
2009
2028
2047
2054
2060
2058
2055
2046
2036
2028
2020
2018
2017
2021
2026
2039
2053
2062
2070
2053
2035
2010
1984
1986
1989
2009
2030
2032
2032
2008
1984
1959
1934
1922
1910
1918
1927
1954
1983
2010
2038
2051
2063
2065
2066
2058
2050
2028
2005
1981
1957
1955
1954
1974
1996
2025
2055
2077
2098
2099
2099
2081
2063
2050
2038
2044
2051
2069
2087
2106
2125
2141
2157
2164
2170
2171
2172
2174
2175
2177
2178
2179
2179
2185
2191
2200
2208
2201
2193
2174
2155
2147
2141
2152
2164
2174
2184
2180
2175
2160
2145
2126
2107
2092
2077
2079
2082
2096
2111
2118
2125
2120
2115
2104
2092
2077
2062
2045
2027
2016
2005
2005
2005
2014
2024
2041
2058
2063
2068
2050
2030
2003
1977
1968
1960
1963
1967
1972
1977
1988
1999
2008
2017
2012
2006
1996
1986
1983
1981
1979
1977
1977
1977
1982
1988
1988
1988
1973
1958
1947
1935
1939
1943
1952
1961
1962
1962
1953
1943
1926
1908
1894
1880
1887
1895
1924
1955
1985
2015
2031
2047
2055
2062
2060
2057
2040
2023
2010
1997
1999
2002
2015
2028
2050
2072
2094
2115
2115
2114
2094
2073
2057
2041
2038
2035
2040
2046
2062
2079
2091
2104
2103
2102
2096
2091
2087
2084
2080
2077
2076
2075
2080
2086
2095
2104
2107
2109
2096
2082
2066
2049
2053
2058
2072
2087
2083
2078
2058
2038
2014
1991
1968
1945
1945
1946
1979
2013
2043
2074
2088
2101
2109
2116
2109
2101
2075
2049
2033
2017
2022
2027
2040
2053
2073
2093
2111
2129
2124
2118
2097
2076
2061
2046
2044
2042
2054
2068
2089
2110
2122
2133
2134
2134
2131
2129
2121
2114
2109
2105
2108
2111
2114
2116
2121
2126
2132
2138
2120
2100
2066
2031
2023
2016
2023
2030
2013
1994
1960
1926
1897
1867
1840
1812
1808
1806
1839
1875
1910
1945
1958
1971
1976
1981
1973
1963
1937
1910
1897
1884
1894
1905
1924
1943
1971
2000
2027
2054
2051
2046
2022
1997
1988
1981
1992
2004
2017
2031
2045
2060
2074
2088
2096
2104
2105
2105
2101
2097
2094
2091
2091
2091
2091
2092
2093
2094
2090
2086
2068
2050
2032
2014
2017
2021
2034
2047
2046
2044
2031
2017
2002
1986
1973
1959
1963
1968
1993
2019
2044
2068
2080
2092
2097
2101
2097
2093
2079
2065
2060
2056
2072
2090
2117
2145
2169
2192
2206
2219
2222
2225
2221
2216
2214
2212
2222
2233
2250
2267
2277
2287
2287
2286
2275
2263
2247
2230
2216
2202
2190
2177
2159
2141
2124
2107
2097
2086
2071
2055
2037
2018
2013
2009
2013
2018
2009
1998
1976
1953
1934
1915
1900
1885
1880
1875
1888
1903
1921
1939
1940
1940
1934
1927
1920
1914
1900
1885
1875
1865
1878
1892
1920
1949
1975
2001
2015
2029
2024
2018
2001
1984
1980
1976
1982
1989
1993
1997
2010
2023
2044
2066
2070
2073
2061
2047
2044
2042
2049
2057
2059
2061
2067
2072
2080
2087
2079
2069
2051
2033
2030
2028
2038
2049
2050
2050
2036
2020
1999
1978
1958
1938
1930
1924
1941
1959
1992
2025
2051
2077
2090
2103
2102
2101
2085
2068
2049
2030
2022
2015
2024
2034
2054
2075
2096
2116
2121
2124
2109
2092
2074
2055
2047
2040
2043
2046
2056
2067
2080
2094
2103
2113
2111
2108
2097
2086
2078
2071
2072
2074
2081
2088
2098
2109
2117
2125
2117
2109
2089
2069
2062
2056
2067
2079
2081
2082
2065
2047
2020
1993
1969
1945
1936
1929
1947
1966
1998
2031
2055
2078
2091
2104
2101
2097
2075
2053
2031
2010
2006
2004
2013
2024
2042
2060
2084
2107
2114
2119
2102
2083
2063
2044
2040
2037
2046
2056
2074
2092
2112
2133
2148
2162
2162
2162
2149
2136
2125
2114
2113
2112
2112
2113
2114
2115
2123
2131
2127
2123
2091
2058
2033
2008
2016
2026
2031
2036
2010
1982
1945
1907
1874
1842
1821
1801
1809
1819
1853
1888
1917
1946
1964
1981
1988
1995
1982
1968
1939
1909
1894
1880
1897
1915
1951
1987
2018
2050
2063
2075
2067
2059
2041
2023
2013
2002
2007
2012
2031
2050
2072
2094
2110
2126
2129
2131
2125
2119
2113
2108
2104
2101
2094
2087
2088
2090
2095
2100
2081
2060
2025
1990
1986
1984
2003
2023
2025
2025
2008
1991
1979
1966
1956
1945
1943
1941
1959
1979
2006
2034
2054
2073
2088
2102
2102
2102
2084
2066
2054
2042
2050
2059
2078
2098
2122
2145
2169
2193
2203
2211
2202
2192
2185
2178
2186
2195
2210
2226
2240
2255
2267
2280
2282
2283
2268
2252
2233
2214
2200
2187
2174
2160
2151
2141
2134
2128
2111
2093
2073
2052
2049
2047
2049
2051
2036
2019
2001
1983
1972
1960
1945
1929
1920
1912
1924
1937
1947
1957
1953
1949
1946
1943
1934
1925
1904
1883
1874
1866
1880
1895
1909
1924
1938
1953
1971
1989
1988
1987
1968
1949
1940
1933
1937
1941
1945
1949
1960
1972
1986
2000
2005
2010
2017
2024
2035
2047
2051
2055
2062
2069
2086
2104
2107
2109
2094
2078
2072
2066
2074
2082
2088
2094
2091
2087
2070
2053
2027
1999
1980
1961
1962
1964
1984
2005
2032
2059
2078
2096
2098
2098
2086
2073
2057
2041
2028
2015
2014
2014
2029
2046
2065
2084
2092
2099
2089
2077
2059
2041
2032
2025
2030
2036
2047
2058
2071
2084
2093
2102
2099
2096
2090
2085
2089
2093
2100
2106
2114
2122
2137
2152
2153
2153
2127
2098
2078
2058
2066
2077
2083
2088
2068
2047
2019
1990
1966
1943
1924
1906
1905
1905
1927
1949
1973
1996
2007
2017
2012
2006
1985
1964
1939
1915
1907
1900
1911
1923
1944
1966
1991
2015
2026
2036
2024
2011
1993
1975
1973
1972
1984
1998
2018
2038
2061
2084
2097
2110
2108
2105
2103
2102
2106
2110
2109
2108
2107
2106
2110
2115
2101
2086
2057
2026
2021
2017
2032
2049
2047
2044
2024
2003
1986
1969
1955
1941
1936
1932
1950
1969
1996
2023
2043
2062
2077
2092
2091
2090
2068
2045
2025
2005
2005
2007
2022
2037
2056
2076
2097
2118
2129
2140
2135
2129
2121
2113
2119
2126
2146
2166
2187
2208
2224
2239
2245
2251
2253
2254
2258
2261
2261
2260
2249
2238
2232
2226
2223
2221
2200
2178
2148
2118
2111
2106
2112
2118
2110
2101
2083
2065
2047
2030
2017
2003
2004
2006
2023
2041
2048
2055
2048
2041
2032
2024
2009
1994
1973
1951
1938
1925
1924
1924
1927
1931
1942
1954
1967
1981
1977
1972
1954
1936
1931
1927
1937
1949
1958
1968
1974
1979
1985
1991
1996
2001
2004
2006
2007
2007
2005
2004
2008
2013
2025
2037
2037
2036
2018
2000
1993
1987
1998
2010
2019
2028
2026
2023
2013
2002
1983
1964
1945
1927
1933
1941
1971
2003
2032
2061
2077
2092
2093
2093
2078
2062
2042
2021
2011
2003
2007
2012
2027
2043
2068
2093
2110
2126
2116
2105
2082
2058
2045
2033
2039
2045
2059
2074
2086
2099
2103
2107
2104
2100
2093
2087
2088
2089
2095
2100
2102
2104
2111
2117
2129
2142
2141
2139
2119
2099
2089
2081
2092
2105
2109
2112
2096
2079
2054
2029
2000
1970
1949
1928
1937
1949
1982
2017
2041
2064
2069
2073
2065
2056
2037
2018
1991
1963
1941
1919
1918
1918
1940
1962
1986
2010
2013
2015
1997
1977
1953
1929
1922
1917
1934
1952
1975
1997
2013
2029
2046
2063
2073
2084
2078
2072
2068
2064
2070
2076
2078
2080
2084
2087
2096
2104
2089
2072
2042
2011
2011
2012
2033
2054
2052
2048
2025
2002
1981
1960
1945
1930
1937
1945
1974
2004
2025
2045
2052
2058
2063
2068
2059
2049
2021
1991
1972
1954
1959
1965
1983
2002
2024
2046
2065
2084
2088
2090
2077
2062
2052
2042
2050
2060
2082
2104
2128
2151
2171
2190
2203
2215
2220
2224
2228
2232
2237
2241
2241
2241
2241
2242
2246
2250
2241
2231
2212
2193
2187
2182
2187
2193
2190
2187
2172
2156
2135
2114
2093
2073
2067
2062
2073
2085
2094
2104
2103
2102
2093
2085
2067
2048
2019
1990
1970
1951
1948
1947
1954
1961
1971
1982
1990
1997
1987
1976
1953
1930
1919
1909
1915
1922
1933
1944
1956
1969
1981
1993
1995
1997
1995
1992
1991
1990
1990
1990
1993
1996
2005
2013
2011
2008
1991
1973
1964
1956
1962
1969
1973
1976
1972
1968
1960
1953
1940
1926
1916
1905
1918
1933
1966
2001
2029
2058
2076
2093
2101
2108
2098
2086
2063
2040
2029
2019
2025
2031
2045
2060
2079
2099
2113
2126
2116
2105
2082
2059
2045
2032
2032
2032
2040
2050
2064
2078
2087
2097
2098
2098
2095
2092
2087
2083
2083
2083
2090
2098
2106
2114
2113
2111
2100
2088
2076
2064
2061
2058
2061
2064
2061
2057
2042
2027
2004
1981
1956
1932
1927
1924
1950
1978
2012
2046
2067
2088
2099
2109
2103
2096
2072
2047
2028
2010
2011
2013
2030
2048
2071
2095
2110
2124
2112
2099
2076
2053
2042
2031
2034
2037
2050
2063
2081
2100
2114
2127
2130
2133
2130
2126
2116
2105
2097
2089
2092
2095
2103
2111
2121
2132
2140
2147
2132
2115
2089
2061
2060
2061
2078
2096
2086
