2067
2059
2051
2048
2047
2053
2061
2068
2075
2081
2086
2094
2102
2108
2113
2115
2115
2113
2112
2105
2097
2082
2064
2048
2034
2027
2023
2021
2018
2015
2012
2017
2025
2039
2056
2069
2082
2087
2090
2087
2083
2075
2066
2058
2049
2043
2038
2036
2036
2039
2043
2047
2052
2053
2053
2049
2045
2044
2044
2048
2053
2055
2055
2052
2049
2049
2049
2051
2053
2054
2055
2057
2060
2063
2066
2067
2067
2067
2067
2064
2061
2054
2045
2038
2030
2026
2023
2024
2025
2031
2039
2047
2056
2061
2066
2072
2078
2085
2093
2093
2092
2083
2072
2058
2044
2029
2014
2004
1995
1996
1999
2003
2007
2011
2014
2024
2036
2052
2069
2078
2083
2080
2073
2065
2056
2048
2040
2035
2030
2029
2029
2031
2033
2033
2033
2032
2031
2029
2028
2026
2025
2025
2025
2023
2022
2020
2017
2018
2019
2022
2025
2025
2025
2024
2023
2023
2023
2020
2016
2009
2000
1993
1986
1986
1989
2001
2015
2034
2055
2064
2071
2064
2054
2046
2038
2040
2044
2047
2051
2050
2047
2046
2045
2049
2055
2063
2071
2073
2074
2066
2054
2040
2024
2017
2013
2019
2028
2039
2052
2064
2077
2090
2103
2110
2117
2117
2115
2108
2100
2090
2078
2067
2055
2045
2036
2030
2026
2028
2033
2039
2046
2045
2041
2036
2030
2030
2032
2037
2043
2049
2055
2063
2072
2076
2080
2076
2069
2060
2051
2043
2035
2028
2021
2018
2017
2018
2019
2018
2016
2017
2019
2028
2038
2045
2052
2053
2052
2053
2056
2063
2072
2081
2089
2094
2098
2099
2099
2099
2099
2104
2110
2115
2119
2110
2097
2078
2057
2043
2032
2035
2042
2055
2071
2080
2088
2088
2085
2082
2079
2071
2062
2043
2021
2002
1984
1979
1979
1984
1991
1997
2003
2011
2020
2027
2035
2037
2037
2033
2027
2018
2009
2000
1991
1983
1975
1970
1966
1967
1971
1978
1987
1994
1999
2004
2009
2018
2027
2033
2038
2036
2032
2028
2024
2024
2024
2022
2021
2021
2021
2023
2024
2027
2031
2039
2049
2060
2071
2077
2081
2085
2088
2092
2097
2098
2097
2091
2083
2073
2063
2047
2030
2014
1997
1992
1989
1996
2005
2014
2023
2033
2043
2056
2069
2079
2088
2088
2086
2082
2078
2073
2069
2062
2054
2046
2037
2036
2037
2045
2054
2060
2065
2065
2064
2063
2062
2061
2061
2058
2055
2052
2049
2048
2048
2048
2048
2047
2047
2049
2053
2059
2067
2072
2076
2076
2075
2073
2072
2070
2068
2059
2049
2035
2020
2013
2009
2016
2026
2038
2051
2062
2071
2077
2081
2085
2088
2091
2095
2097
2098
2092
2084
2068
2050
2031
2013
2003
1995
1994
1994
1996
1999
2004
2011
2026
2043
2060
2077
2082
2085
2080
2073
2067
2060
2052
2044
2035
2025
2021
2019
2022
2027
2029
2029
2025
2021
2020
2020
2021
2022
2021
2019
2015
2010
2005
2000
1999
1999
2002
2005
2004
2002
1999
1995
1998
2002
2007
2012
2018
2025
2036
2048
2057
2065
2061
2054
2042
2028
2017
2007
2003
2001
2009
2019
2035
2052
2062
2071
2074
2075
2081
2089
2101
2115
2123
2130
2122
2109
2087
2061
2041
2023
2020
2021
2033
2047
2064
2082
2099
2115
2122
2127
2121
2112
2101
2090
2082
2074
2063
2051
2036
2020
2013
2008
2015
2025
2036
2047
2052
2056
2058
2059
2061
2064
2065
2065
2062
2058
2054
2050
2046
2042
2040
2038
2038
2039
2043
2047
2050
2054
2055
2056
2060
2064
2071
2079
2085
2090
2090
2089
2088
2087
2087
2087
2084
2080
2077
2074
2078
2083
2088
2093
2093
2092
2089
2086
2080
2073
2057
2037
2012
1986
1963
1941
1929
1920
1924
1933
1951
1971
1986
2000
2007
2011
2015
2019
2021
2023
2020
2015
2005
1993
1984
1975
1976
1979
1986
1995
1999
2002
2001
1999
2000
2001
2009
2018
2027
2036
2039
2040
2039
2036
2037
2039
2042
2045
2045
2045
2047
2050
2059
2070
2077
2083
2081
2077
2074
2070
2068
2065
2060
2053
2046
2038
2032
2025
2023
2023
2031
2043
2057
2072
2080
2085
2090
2095
2105
2115
2121
2125
2120
2113
2103
2091
2074
2056
2035
2014
2003
1994
1995
1999
2003
2007
2014
2023
2039
2056
2070
2083
2086
2087
2083
2078
2072
2065
2057
2048
2037
2026
2021
2018
2025
2034
2045
2056
2059
2060
2057
2053
2050
2048
2047
2046
2045
2044
2042
2041
2040
2039
2039
2040
2043
2047
2050
2053
2055
2056
2055
2054
2049
2042
2033
2024
2017
2012
2006
2000
1990
1978
1971
1965
1972
1982
1998
2015
2025
2034
2040
2046
2059
2075
2089
2103
2103
2098
2082
2062
2039
2014
1991
1968
1955
1946
1951
1960
1977
1995
2015
2036
2058
2080
2095
2107
2107
2104
2100
2095
2090
2085
2075
2063
2056
2050
2058
2071
2084
2098
2103
2104
2098
2090
2080
2068
2057
2045
2039
2035
2036
2039
2043
2047
2049
2051
2052
2052
2053
2055
2059
2063
2066
2067
2063
2058
2052
2045
2040
2036
2031
2026
2021
2016
2014
2014
2018
2024
2035
2047
2057
2067
2071
2072
2072
2072
2073
2075
2077
2078
2077
2076
2070
2063
2048
2030
2006
1981
1966
1953
1959
1971
1991
2014
2030
2043
2047
2047
2045
2043
2040
2037
2031
2024
2019
2015
2016
2019
2023
2027
2033
2038
2047
2056
2064
2072
2076
2079
2084
2090
2096
2102
2102
2101
2099
2097
2103
2111
2123
2137
2147
2155
2155
2152
2147
2140
2135
2131
2127
2123
2114
2102
2085
2065
2050
2036
2031
2030
2031
2032
2029
2025
2018
2010
2008
2007
2008
2009
2008
2007
2005
2002
2003
2006
2009
2012
2011
2008
2001
1992
1979
1966
1953
1940
1934
1930
1935
1942
1951
1960
1972
1984
1997
2011
2021
2029
2032
2034
2035
2035
2035
2034
2031
2028
2027
2027
2028
2031
2033
2035
2036
2036
2037
2037
2037
2038
2042
2046
2048
2049
2047
2043
2043
2043
2048
2055
2060
2064
2066
2067
2069
2072
2076
2080
2085
2089
2091
2091
2085
2077
2071
2065
2062
2059
2053
2046
2043
2040
2048
2059
2070
2081
2083
2082
2083
2085
2092
2101
2102
2102
2095
2086
2078
2071
2061
2049
2036
2023
2016
2012
2012
2012
2011
2011
2018
2028
2044
2061
2072
2082
2086
2087
2084
2080
2071
2062
2053
2044
2039
2035
2033
2032
2037
2044
2054
2066
2068
2068
2061
2052
2047
2044
2045
2046
2045
2043
2043
2043
2046
2051
2054
2056
2056
2056
2057
2060
2063
2066
2066
2066
2063
2059
2055
2051
2045
2039
2034
2030
2027
2026
2023
2020
2019
2018
2023
2031
2040
2050
2053
2054
2051
2047
2043
2040
2037
2033
2025
2016
2002
1988
1971
1954
1940
1927
1921
1917
1926
1938
1963
1993
2025
2058
2077
2093
2093
2089
2078
2065
2052
2038
2027
2017
2012
2009
2011
2014
2024
2037
2054
2072
2081
2088
2084
2077
2074
2073
2076
2081
2083
2083
2085
2086
2087
2087
2082
2075
2072
2071
2077
2086
2090
2093
2090
2085
2079
2074
2063
2051
2034
2016
2003
1993
1992
1994
2004
2016
2030
2044
2051
2055
2056
2056
2067
2081
2093
2105
2103
2096
2089
2081
2073
2064
2045
2024
2011
2001
2008
2021
2022
2020
2004
1983
1978
1978
1997
2022
2044
2065
2078
2087
2093
2098
2101
2103
2099
2093
2080
2065
2048
2030
2014
1999
1991
1986
1995
2009
2030
2052
2056
2054
2037
2016
2007
2002
2011
2024
2034
2043
2038
2029
2013
1995
1991
1991
2009
2033
2043
2050
2038
2020
2014
2012
2019
2029
2027
2022
2020
2019
2032
2049
2058
2066
2065
2062
2060
2059
2055
2051
2052
2055
2064
2076
2076
2072
2064
2055
2063
2077
2092
2108
2104
2094
2079
2062
2052
2043
2040
2039
2048
2061
2079
2098
2109
2118
2127
2136
2147
2159
2168
2177
2187
2197
2208
2218
2218
2215
2210
2203
2200
2197
2184
2168
2139
2106
2076
2047
2022
1997
1972
1946
1927
1910
1905
1904
1910
1918
1921
1924
1920
1914
1911
1908
1912
1919
1926
1934
1937
1939
1939
1939
1934
1929
1922
1915
1915
1918
1928
1941
1954
1967
1978
1990
2004
2019
2034
2049
2059
2068
2075
2081
2084
2087
2082
2074
2062
2048
2041
2036
2038
2043
2048
2052
2056
2059
2068
2078
2089
2099
2100
2097
2091
2083
2079
2076
2073
2069
2063
2055
2051
2047
2049
2052
2055
2059
2061
2064
2067
2070
2073
2076
2078
2080
2081
2081
2082
2083
2087
2091
2092
2092
2087
2082
2079
2076
2080
2086
2093
2100
2103
2104
2101
2096
2086
2074
2062
2049
2043
2038
2037
2037
2039
2043
2050
2058
2065
2072
2075
2076
2080
2084
2088
2092
2086
2077
2061
2043
2030
2019
2016
2016
2014
2013
2011
2008
2013
2020
2035
2052
2063
2073
2073
2070
2066
2062
2059
2058
2054
2049
2043
2037
2038
2041
2046
2053
2054
2053
2047
2040
2036
2032
2033
2036
2038
2040
2039
2038
2038
2038
2042
2047
2052
2056
2057
2056
2056
2056
2060
2064
2065
2065
2057
2048
2038
2029
2023
2019
2017
2015
2013
2011
2010
2010
2008
2006
2002
1998
1996
1995
1998
2003
2006
2009
2008
2006
2002
1998
1993
1988
1985
1984
1992
2003
2014
2026
2027
2025
2019
2012
2010
2010
2011
2013
2018
2023
2034
2046
2057
2068
2075
2080
2082
2083
2079
2072
2062
2052
2049
2049
2054
2062
2068
2074
2081
2088
2094
2100
2100
2097
2092
2086
2081
2077
2073
2069
2069
2070
2074
2078
2075
2069
2058
2045
2037
2030
2025
2020
2019
2019
2028
2039
2044
2048
2044
2039
2040
2044
2049
2056
2058
2058
2061
2065
2066
2066
2056
2043
2041
2042
2057
2076
2081
2082
2070
2054
2045
2038
2033
2029
2022
2015
2009
2004
1994
1984
1977
1970
1978
1991
2007
2024
2033
2039
2041
2042
2042
2041
2038
2035
2037
2040
2046
2054
2056
2056
2048
2037
2025
2012
2013
2020
2038
2060
2072
2080
2078
2073
2073
2074
2071
2067
2053
2036
2030
2027
2032
2039
2036
2031
2023
2015
2020
2029
2043
2060
2068
2075
2068
2056
2040
2023
2014
2009
2006
2005
1997
1988
1981
1976
1979
1986
1996
2006
2016
2025
2031
2035
2040
2044
2054
2064
2067
2067
2059
2048
2044
2042
2037
2030
2009
1984
1978
1977
2004
2040
2065
2086
2094
2097
2111
2128
2140
2149
2135
2113
2096
2080
2088
2103
2127
2153
2179
2205
2222
2238
2244
2248
2255
2264
2275
2288
2287
2282
2267
2250
2236
2223
2206
2188
2161
2131
2099
2067
2023
1975
1912
1844
1793
1746
1734
1734
1753
1779
1811
1846
1884
1923
1947
1965
1961
1949
1933
1915
1902
1892
1883
1875
1874
1874
1886
1902
1923
1945
1969
1993
2016
2038
2055
2070
2080
2088
2090
2090
2081
2068
2053
2037
2030
2025
2024
2024
2022
2019
2027
2037
2059
2085
2105
2123
2129
2132
2132
2132
2129
2125
2111
2094
2076
2057
2048
2042
2042
2043
2040
2036
2031
2025
2026
2029
2039
2052
2065
2078
2091
2104
2112
2120
2120
2119
2115
2110
2106
2103
2099
2095
2089
2084
2083
2083
2084
2085
2082
2077
2070
2062
2057
2052
2047
2043
2043
2044
2049
2055
2060
2064
2069
2073
2077
2082
2085
2088
2088
2087
2084
2081
2071
2059
2044
2028
2021
2016
2016
2017
2014
2010
2010
2010
2020
2034
2051
2068
2075
2079
2076
2071
2066
2061
2057
2054
2050
2046
2041
2037
2037
2040
2045
2050
2050
2049
2044
2037
2034
2031
2031
2031
2030
2029
2029
2030
2033
2037
2042
2047
2051
2055
2056
2057
2059
2061
2065
2069
2072
2073
2068
2060
2050
2038
2031
2026
2026
2029
2032
2036
2036
2036
2037
2039
2046
2055
2061
2067
2067
2064
2058
2050
2041
2031
2021
2011
2006
2002
2003
2005
2005
2005
2005
2005
2008
2012
2015
2016
2013
2008
1999
1990
1977
1964
1954
1946
1951
1960
1974
1991
2001
2010
2017
2022
2030
2039
2046
2051
2049
2045
2040
2034
2033
2033
2035
2037
2041
2045
2056
2069
2087
2105
2115
2123
2121
2117
2107
2097
2086
2076
2070
2065
2064
2065
2067
2068
2071
2074
2077
2080
2077
2072
2066
2060
2057
2056
2050
2042
2032
2020
2017
2017
2017
2018
2015
2011
2018
2028
2047
2068
2076
2081
2079
2075
2078
2082
2082
2082
2075
2066
2057
2048
2038
2026
2019
2013
2020
2031
2040
2049
2049
2046
2049
2053
2058
2062
2048
2029
2009
1988
1984
1984
1989
1996
2005
2014
2027
2040
2046
2049
2043
2035
2028
2021
2013
2005
2004
2004
2013
2025
2030
2033
2030
2026
2034
2047
2059
2069
2058
2041
2032
2025
2037
2055
2064
2071
2066
2058
2060
2064
2074
2084
2087
2088
2084
2077
2067
2056
2045
2035
2027
2019
2006
1990
1976
1962
1966
1975
1994
2015
2026
2035
2036
2034
2031
2028
2034
2042
2061
2085
2106
2126
2134
2138
2140
2143
2149
2157
2162
2167
2167
2165
2154
2140
2118
2093
2079
2069
2078
2093
2111
2131
2145
2157
2167
2177
2183
2187
2181
2172
2157
2140
2117
2092
2059
2023
1986
1948
1921
1896
1886
1880
1883
1890
1898
1907
1914
1921
1926
1931
1934
1935
1933
1929
1926
1922
1923
1926
1932
1939
1946
1953
1961
1970
1983
1996
2008
2019
2023
2025
2025
2024
2025
2026
2026
2026
2026
2027
2032
2037
2040
2042
2044
2046
2055
2066
2078
2091
2101
2110
2119
2129
2136
2142
2139
2134
2128
2121
2113
2104
2085
2062
2040
2018
2012
2011
2014
2018
2016
2013
2017
2024
2041
2061
2077
2091
2097
2101
2100
2099
2095
2091
2086
2079
2073
2068
2064
2061
2061
2062
2065
2068
2067
2065
2059
2051
2048
2045
2047
2050
2052
2053
2052
2050
2050
2050
2053
2057
2061
2065
2067
2069
2071
2073
2075
2077
2079
2082
2080
2077
2068
2058
2049
2040
2039
2040
2044
2048
2052
2056
2060
2063
2060
2056
2052
2048
2048
2049
2051
2052
2052
2052
2052
2052
2052
2051
2047
2043
2039
2036
2031
2024
2009
1992
1975
1958
1949
1942
1939
1937
1935
1934
1934
1934
1942
1953
1978
2008
2040
2074
2092
2106
2104
2097
2082
2065
2043
2019
2000
1982
1979
1981
1994
2010
2026
2042
2054
2065
2074
2083
2090
2096
2097
2096
2091
2086
2084
2084
2087
2091
2092
2091
2089
2086
2088
2091
2094
2097
2102
2107
2117
2127
2127
2124
2107
2086
2070
2057
2051
2047
2039
2030
2026
2023
2034
2048
2058
2067
2067
2066
2070
2076
2083
2091
2092
2092
2088
2084
2074
2061
2045
2028
2022
2019
2021
2025
2015
2002
1983
1962
1953
1946
1950
1957
1973
1992
2015
2040
2052
2060
2050
2035
2018
2001
1990
1981
1978
1975
1977
1980
1983
1986
1989
1993
2004
2017
2033
2049
2053
2053
2051
2048
2055
2064
2072
2079
2077
2072
2074
2079
2095
2113
2126
2137
2140
2140
2143
2147
2151
2155
2154
2150
2143
2135
2130
2125
2123
2123
2123
2123
2122
2121
2119
2118
2117
2117
2109
2100
2081
2060
2039
2019
2003
1989
1976
1963
1957
1952
1956
1964
1972
1981
1984
1984
1979
1972
1961
1948
1932
1915
1907
1900
1903
1910
1918
1927
1934
1942
1953
1965
1978
1992
2001
2009
2013
2016
2021
2026
2032
2038
2041
2044
2046
2048
2052
2056
2056
2056
2051
2044
2043
2043
2050
2059
2065
2069
2070
2070
2070
2070
2071
2071
2067
2063
2060
2057
2060
2064
2072
2081
2087
2091
2087
2081
2075
2070
2070
2073
2074
2075
2072
2068
2068
2068
2072
2077
2079
2080
2079
2076
2072
2068
2064
2059
2058
2058
2062
2066
2068
2068
2069
2069
2073
2078
2080
2081
2079
2076
2072
2067
2056
2043
2030
2017
2011
2008
2007
2006
2004
2002
2010
2021
2037
2055
2066
2074
2077
2079
2080
2080
2074
2066
2057
2047
2041
2036
2033
2031
2035
2040
2049
2059
2059
2056
2047
2037
2035
2036
2040
2044
2041
2035
2030
2026
2032
2041
2048
2055
2055
2054
2053
2052
2053
2056
2058
2061
2060
2058
2053
2047
2041
2036
2033
2030
2031
2033
2037
2041
2046
2050
2054
2058
2063
2069
2073
2077
2076
2073
2068
2061
2052
2042
2032
2023
2021
2022
2027
2033
2034
2034
2033
2033
2038
2046
2051
2055
2052
2047
2040
2033
2022
2009
1989
1968
1957
1949
1955
1964
1975
1985
1998
2011
2032
2056
2071
2084
2080
2070
2058
2045
2041
2040
2041
2042
2038
2033
2028
2023
2024
2028
2036
2045
2050
2053
2049
2043
2041
2041
2045
2052
2055
2056
2058
2059
2068
2079
2088
2097
2096
2092
2088
2083
2080
2079
2073
2065
2056
2046
2040
2035
2032
2029
2027
2026
2026
2026
2027
2029
2035
2043
2054
2066
2074
2081
2081
2078
2072
2065
2059
2053
2046
2038
2031
2023
2020
2018
2018
2019
2015
2009
2001
1992
1991
1992
2000
2009
2019
2028
2039
2049
2060
2071
2076
2079
2078
2076
2069
2060
2041
2018
1995
1972
1969
1973
1990
2012
2032
2051
2064
2076
2080
2081
2077
2070
2069
2069
2076
2085
2089
2091
2088
2084
2081
2077
2075
2073
2071
2069
2064
2059
2046
2030
2017
2004
2005
2010
2016
2021
2016
2007
2000
1992
1994
1998
2006
2014
2018
2022
2023
2023
2023
2023
2025
2028
2031
2035
2036
2037
2038
2038
2038
2037
2036
2035
2037
2040
2046
2054
2062
2070
2075
2080
2083
2084
2085
2085
2088
2091
2093
2095
2089
2080
2066
2051
2043
2037
2040
2046
2052
2059
2059
2056
2046
2033
2018
2002
1992
1983
1982
1983
1991
2000
2014
2029
2039
2048
2046
2041
2033
2024
2018
2014
2010
2006
2004
2003
2008
2016
2023
2031
2035
2039
2044
2051
2054
2056
2049
2039
2035
2032
2043
2059
2074
2090
2101
2110
2124
2140
2157
2175
2183
2188
2186
2182
2177
2172
2168
2165
2163
2162
2159
2156
2148
2139
2129
2120
2116
2114
2112
2110
2098
2084
2063
2040
2019
1999
1985
1973
1968
1965
1967
1971
1973
1976
1977
1978
1981
1985
1986
1987
1979
1969
1956
1942
1931
1922
1910
1897
1884
1871
1875
1883
1903
1928
1953
1978
2001
2025
2047
2068
2080
2088
2086
2081
2074
2067
2061
2056
2051
2047
2045
2045
2046
2048
2051
2055
2060
2065
2067
2067
2061
2053
2049
2046
2046
2047
2045
2041
2039
2038
2044
2052
2061
2070
2078
2086
2096
2106
2114
2121
2119
2115
2109
2102
2096
2091
2081
2071
2060
2050
2046
2043
2043
2044
2046
2049
2055
2062
2068
2074
2075
2075
2072
2069
2069
2069
2071
2072
2073
2074
2073
2070
2068
2065
2066
2069
2070
2070
2062
2050
2037
2024
2019
2017
2019
2023
2022
2019
2018
2017
2023
2032
2043
2055
2062
2068
2070
2071
2071
2070
2066
2062
2055
2047
2040
2032
2029
2027
2032
2039
2047
2055
2055
2054
2047
2039
2037
2036
2039
2044
2046
2047
2045
2042
2043
2046
2051
2057
2059
2060
2058
2055
2055
2055
2055
2056
2053
2049
2044
2039
2034
2030
2027
2024
2025
2027
2032
2038
2043
2047
2049
2049
2049
2049
2047
2046
2042
2038
2030
2021
2010
2000
1993
1988
1987
1988
1990
1991
1991
1990
1992
1996
2002
2009
2017
2025
2035
2047
2053
2057
2047
2034
2017
1999
1990
1984
1981
1980
1983
1987
2003
2024
2048
2073
2086
2095
2098
2098
2099
2099
2094
2089
2082
2075
2074
2074
2078
2084
2090
2095
2098
2100
2095
2088
2079
2069
2065
2063
2064
2065
2061
2055
2046
2037
2031
2026
2024
2024
2024
2024
2027
2031
2040
2050
2060
2069
2072
2072
2068
2062
2057
2053
2052
2051
2047
2043
2037
2030
2029
2029
2038
2050
2060
2069
2065
2056
2043
2028
2021
2017
2019
2023
2024
2024
2028
2032
2043
2055
2065
2074
2074
2070
2055
2036
2014
1991
1976
1964
1966
1972
1987
2005
2023
2040
2047
2051
2048
2042
2036
2031
2026
2022
2020
2018
2023
2031
2044
2059
2067
2072
2070
2065
2059
2053
2045
2036
2030
2023
2030
2040
2058
2078
2084
2086
2073
2056
2047
2039
2046
2057
2067
2076
2074
2069
2061
2053
2049
2046
2039
2030
2014
1996
1983
1972
1970
1970
1971
1974
1979
1984
1994
2006
2017
2027
2032
2035
2037
2039
2046
2055
2071
2089
2110
2132
2149
2165
2173
2178
2177
2174
2163
2149
2131
2111
2105
2103
2118
2138
2154
2169
2176
2180
2184
2188
2181
2172
2150
2125
2108
2093
2084
2076
2058
2037
2016
1995
1986
1981
1976
1972
1966
1960
1960
1961
1959
1956
1944
1930
1918
1908
1904
1902
1901
1900
1903
1908
1918
1930
1941
1951
1959
1966
1972
1979
1986
1993
2003
2014
2024
2034
2038
2041
2044
2047
2052
2058
2061
2063
2063
2062
2064
2067
2071
2076
2081
2085
2091
2098
2102
2106
2103
2099
2095
2090
2084
2079
2067
2054
2038
2021
2014
2010
2013
2020
2025
2029
2033
2037
2049
2063
2078
2093
2100
2105
2105
2104
2100
2096
2088
2079
2068
2056
2050
2045
2045
2048
2053
2059
2062
2063
2061
2057
2055
2052
2053
2054
2054
2053
2049
2044
2042
2041
2045
2051
2056
2061
2064
2066
2068
2071
2073
2076
2075
2074
2071
2067
2065
2062
2060
2059
2058
2057
2056
2055
2053
2051
2049
2048
2050
2054
2059
2065
2068
2070
2071
2071
2074
2077
2079
2080
2078
2074
2065
2055
2040
2023
2010
1997
1993
1990
1988
1987
1982
1977
1977
1980
1990
2002
2010
2018
2018
2016
2010
2003
1995
1986
1977
1968
1960
1952
1946
1941
1949
1961
1987
2018
2043
2067
2073
2074
2069
2061
2053
2044
2033
2020
2015
2012
2020
2031
2041
2050
2059
2068
2085
2105
2123
2140
2145
2146
2144
2141
2139
2136
2129
2120
2110
2101
2098
2097
2097
2097
2096
2096
2101
2108
2113
2117
2109
2097
2083
2067
2057
2048
2038
2028
2016
2003
1998
1995
2000
2007
2016
2026
2036
2046
2046
2043
2029
2011
1998
1987
1991
1999
2008
2017
2022
2025
2027
2029
2027
2023
2014
2004
1998
1993
1993
1996
1998
2000
2004
2009
2022
2038
2052
2066
2069
2068
2058
2045
2038
2032
2038
2047
2057
2066
2064
2058
2047
2034
2030
2028
2031
2035
2035
2034
2030
2026
2027
2028
2030
2033
2032
2031
2026
2020
2016
2013
2018
2025
2039
2055
2067
2078
2079
2076
2066
2053
2041
2028
2022
2018
2024
2033
2044
2054
2060
2064
2070
2075
2083
2091
2091
2088
2078
2065
2055
2046
2046
2049
2056
2065
2068
2069
2060
2048
2034
2019
2006
1994
1980
1965
1950
1935
1933
1934
1950
1971
1996
2023
2051
2078
2096
2111
2104
2091
2073
2053
2053
2058
2072
2089
2097
2101
2103
2103
2111
2121
2134
2147
2156
2164
2169
2174
2177
2180
2182
2184
2186
2188
2187
2184
2177
2168
2161
2154
2150
2147
2138
2127
2107
2085
2060
2034
2005
1975
1945
1915
1902
1894
1910
1932
1956
1981
1990
1995
1991
1983
1969
1953
1932
1910
1895
1883
1885
1892
1900
1908
1914
1919
1928
1937
1947
1957
1964
1969
1977
1986
1997
2008
2014
2019
2025
2030
2040
2050
2056
2060
2057
2052
2049
2046
2051
2058
2066
2074
2077
2080
2081
2082
2085
2088
2088
2088
2085
2081
2081
2081
2081
2081
2078
2074
2073
2074
2082
2091
2096
2099
2094
2086
2080
2075
2073
2072
2071
2071
2072
2074
2076
2079
2081
2082
2086
2091
2097
2103
2103
2102
2093
2082
2067
2050
2035
2021
2016
2014
2016
2020
2019
2017
2019
2023
2035
2051
2063
2074
2076
2076
2073
2070
2068
2065
2060
2055
2049
2043
2041
2040
2044
2051
2057
2063
2062
2058
2052
2045
2045
2047
2050
2053
2051
2047
2045
2044
2047
2051
2052
2052
2053
2053
2057
2061
2062
2062
2060
2056
2054
2053
2051
2049
2043
2036
2030
2024
2020
2017
2012
2007
2005
2004
2009
2017
2021
2025
2023
2020
2022
2025
2028
2032
2027
2020
2008
1995
1980
1964
1948
1931
1928
1931
1951
1976
1997
2017
2026
2032
2041
2050
2059
2068
2066
2061
2055
2048
2045
2044
2042
2039
2037
2036
2041
2048
2059
2071
2084
2098
2110
2120
2122
2121
2115
2108
2102
2097
2090
2083
2078
2074
2074
2075
2074
2073
2071
2069
2071
2074
2072
2068
2058
2045
2039
2035
2035
2036
2033
2029
2027
2024
2027
2031
2040
2050
2062
2075
2083
2090
2087
2081
2078
2076
2083
2093
2096
2096
2081
2061
2045
2029
2029
2033
2039
2046
2035
2018
1990
1960
1942
1929
1934
1944
1961
1979
1996
2013
2026
2037
2041
2044
2044
2044
2042
2040
2036
2031
2030
2031
2039
2048
2055
2060
2059
2055
2048
2040
2029
2016
2006
1997
2000
2007
2015
2023
2024
2023
2022
2022
2023
2025
2021
2014
2008
2002
2001
2001
2001
2002
2008
2015
2029
2046
2064
2083
2101
2118
2134
2150
2162
2173
2176
2176
2170
2162
2159
2158
2175
2197
2218
2238
2236
2227
2219
2212
2223
2240
2239
2233
2193
2142
2086
2029
1990
1956
1948
1948
1973
2006
2032
2057
2046
2025
1991
1953
1928
1906
1892
1880
1876
1874
1878
1884
1881
1876
1867
1858
1861
1869
1882
1896
1907
1916
1929
1942
1959
1977
1992
2005
2016
2025
2033
2040
2045
2050
2056
2061
2067
2074
2078
2082
2082
2082
2078
2074
2070
2066
2063
2060
2058
2057
2054
2050
2047
2044
2044
2044
2046
2050
2056
2064
2072
2081
2089
2097
2105
2113
2121
2130
2135
2138
2132
2124
2109
2092
2073
2053
2037
2023
2016
2012
2013
2016
2020
2024
2033
2043
2057
2071
2081
2090
2091
2090
2086
2082
2077
2072
2064
2055
2047
2040
2037
2036
2038
2042
2047
2052
2054
2055
2054
2051
2053
2056
2061
2066
2067
2066
2064
2062
2063
2066
2067
2068
2068
2068
2070
2073
2074
2074
2070
2066
2064
2062
2060
2057
2048
2037
2026
2016
2012
2010
2010
2011
2013
2015
2019
2023
2028
2033
2038
2043
2047
2050
2047
2043
2034
2023
2009
1993
1977
1960
1944
1929
1922
1918
1921
1926
1940
1956
1983
2013
2045
2078
2093
2103
2097
2086
2076
2066
2059
2053
2043
2033
2023
2013
2013
2016
2028
2042
2058
2075
2086
2094
2094
2092
2091
2090
2096
2105
2113
2121
2121
2119
2116
2113
2114
2116
2117
2117
2115
2111
2106
2100
2091
2082
2073
2065
2059
2054
2046
2038
2026
2014
2010
2007
2007
2008
2006
2002
2003
2006
2011
2016
2017
2017
2021
2028
2042
2058
2065
2070
2071
2071
2066
2060
2031
1996
1958
1919
1913
1917
1934
1956
1968
1976
1988
2001
2014
2027
2031
2031
2040
2052
2070
2090
2089
2082
2069
2053
2053
2057
2062
2068
2064
2057
2046
2033
2022
2010
2009
2010
2023
2039
2050
2059
2060
2059
2059
2059
2060
2063
2068
2074
2084
2096
2105
2114
2117
2117
2115
2111
2106
2100
2091
2082
2070
2057
2048
2040
2040
2041
2039
2035
2027
2018
2017
2018
2019
2019
2017
2015
2038
2068
2097
2126
2101
2059
2003
1943
1929
1929
1941
1958
1955
1946
1942
1941
1957
1978
1993
2006
2000
1987
1972
1956
1972
1997
2039
2086
2093
2088
2065
2038
2057
2090
2129
2171
2171
2158
2157
2160
2196
2242
2268
2288
2290
2286
2295
2307
2316
2324
2331
2336
2356
2381
2387
2388
2347
2293
2231
2167
2125
2091
2061
2032
1979
1918
1836
1747
1678
1614
1594
1587
1609
1640
1682
1728
1781
1837
1890
1941
1972
1996
1998
1993
1978
1961
1946
1932
1926
1923
1927
1932
1938
1945
1953
1961
1974
1988
2008
2030
2051
2071
2080
2086
2084
2080
2071
2062
2049
2035
2019
2003
1996
1991
1997
2007
2023
2041
2060
2080
2100
2120
2133
2145
2144
2139
2129
2117
2109
2102
2094
2086
2072
2058
2049
2042
2044
2048
2056
2064
2076
2089
2101
2113
2117
2118
2119
2119
2125
2133
2135
2135
2129
2121
2116
2112
2110
2107
2100
2091
2080
2070
2059
2047
2036
2026
2022
2021
2023
2026
2024
2021
2023
2026
2038
2053
2064
2074
2077
2077
2079
2081
2080
2078
2070
2060
2054
2050
2052
2057
2060
2063
2060
2055
2049
2043
2038
2034
2031
2030
2032
2035
2038
2041
2043
2046
2050
2055
2060
2064
2066
2069
2073
2077
2082
2086
2087
2086
2080
2072
2063
2054
2043
2033
2027
2022
2023
2027
2032
2037
2041
2045
2049
2053
2057
2060
2056
2049
2036
2022
2008
1995
1985
1976
1970
1966
1961
1957
1954
1952
1956
1962
1969
1976
1978
1978
1974
1970
1967
1963
1957
1950
1948
1948
1965
1988
2023
2061
2085
2105
2104
2097
2083
2066
2052
2039
2032
2028
2030
2034
2038
2043
2048
2052
2062
2072
2083
2094
2101
2108
2120
2133
2149
2166
2168
2165
2146
2122
2097
2071
2056
2045
2055
2072
2096
2121
2123
2118
2099
2075
2063
2054
2047
2040
2035
2031
2040
2052
2049
2042
2014
1979
1962
1952
1959
1972
1970
1965
1969
1976
2007
2046
2067
2083
2072
2052
2041
2033
2036
2043
2051
2060
2073
2087
2093
2097
2091
2082
2081
2083
2086
2090
2082
2070
2064
2060
2063
2068
2060
2047
2025
2000
1987
1978
1977
1979
1984
1991
2002
2015
2020
2023
2013
1999
1991
1984
1987
1994
2000
2007
2016
2025
2040
2056
2070
2083
2093
2102
2101
2097
2079
2058
2050
2046
2061
2082
2086
2083
2050
2007
1967
1928
1910
1900
1900
1904
1910
1918
1923
1927
1933
1940
1965
1996
2039
2085
2117
2145
2156
2162
2162
2161
2156
2150
2142
2133
2126
2119
2119
2121
2129
2139
2153
2168
2185
2202
2217
2230
2237
2241
2249
2259
2281
2306
2324
2338
2329
2312
2283
2251
2217
2182
2143
2102
2057
2010
1946
1875
1786
1691
1619
1555
1550
1564
1623
1695
1778
1865
1937
2004
2039
2064
2066
2061
2051
2041
2028
2014
1996
1978
1961
1945
1931
1917
1909
1903
1910
1920
1936
1954
1973
1992
2014
2038
2056
2073
2076
2073
2064
2053
2041
2029
2018
2006
2004
2004
2018
2036
2059
2083
2103
2121
2132
2141
2142
2139
2133
2125
2116
2107
2093
2079
2065
2052
2042
2033
2024
2016
2014
2013
2023
2037
2055
2074
2091
2108
2127
2146
2159
2171
2167
2159
2146
2131
2118
2105
2091
2077
2064
2052
2051
2052
2057
2063
2066
2067
2071
2075
2080
2085
2082
2076
2065
2052
2043
2035
2031
2028
2023
2018
2012
2007
2007
2009
2018
2030
2044
2059
2070
2080
2082
2081
2074
2066
2058
2050
2043
2036
2035
2036
2043
2052
2058
2062
2057
2049
2042
2035
2035
2038
2041
2045
2044
2043
2041
2040
2041
2044
2047
2051
2053
2055
2055
2054
2054
2054
2055
2058
2060
2063
2062
2060
2055
2049
2044
2039
2036
2035
2035
2036
2038
2039
2038
2037
2035
2034
2037
2041
2045
2050
2052
2052
2052
2052
2054
2057
2056
2054
2044
2031
2015
1997
1980
1963
1950
1939
1934
1931
1930
1930
1926
1922
1922
1923
1935
1950
1970
1992
2013
2034
2050
2065
2070
2073
2065
2055
2040
2024
2014
2006
2009
2017
2029
2042
2047
2049
2050
2050
2060
2073
2082
2089
2083
2074
2070
2068
2074
2082
2084
2084
2084
2085
2092
2101
2104
2104
2106
2110
2127
2148
2158
2165
2147
2122
2098
2076
2062
2050
2031
2009
1994
1981
1995
2016
2041
2068
2079
2085
2081
2073
2061
2047
2037
2029
2033
2041
2050
2058
2056
2052
2050
2049
2045
2041
2017
1987
1957
1927
1920
1921
1938
1959
1984
2010
2039
2069
2095
2120
2132
2141
2135
2124
2102
2077
2061
2048
2048
2053
2049
2042
2021
1996
1981
1970
1972
1977
1980
1981
1986
1991
2005
2021
2033
2044
2053
2061
2073
2086
2087
2084
2069
2049
2035
2022
2018
2017
2015
2012
2008
2004
2002
2001
2005
2011
2022
2035
2043
2051
2044
2034
2017
1999
1988
1980
1982
1986
1994
2003
2012
2020
2030
2040
2052
2064
2072
2080
2076
2068
2049
2027
2005
1983
1973
1966
1974
1987
2014
2046
2081
2117
2134
2145
2134
2117
2102
2089
2085
2084
2085
2087
2097
2110
2130
2152
2167
2180
2190
2198
2209
2221
2220
2215
2197
2176
2173
2174
2191
2213
2227
2238
2247
2255
2271
2291
2295
2295
2267
2231
2184
2134
2076
2016
1936
1851
1765
1679
1630
1592
1606
1636
1696
1764
1827
1889
1928
1959
1972
1979
1978
1975
1971
1967
1965
1963
1963
1963
1967
1972
1980
1988
1994
1998
2003
2007
2018
2031
2042
2052
2050
2043
2032
2019
2008
1999
1989
1980
1975
1971
1980
1992
2009
2028
2045
2062
2078
2095
2110
2125
2137
2147
2151
2152
2144
2133
2119
2105
2093
2083
2069
2054
2034
2012
1998
1988
1992
2001
2014
2027
2040
2053
2070
2087
2104
2121
2132
2141
2145
2147
2146
2143
2138
2132
2121
2108
2095
2081
2072
2064
2059
2055
2049
2041
2037
2034
2038
2045
2053
2061
2067
2072
2077
2081
2078
2074
2068
2060
2058
2058
2060
2064
2064
2063
2063
2063
2067
2072
2077
2081
2082
2083
2080
2076
2063
2047
2031
2014
2005
2000
2001
2005
2008
2012
2014
2017
2023
2031
2044
2059
2073
2087
2091
2091
2083
2074
2064
2054
2047
2040
2035
2031
2032
2035
2039
2043
2043
2041
2036
2031
2029
2028
2031
2035
2039
2042
2042
2042
2041
2041
2041
2041
2040
2039
2037
2036
2037
2040
2045
2052
2057
2061
2060
2059
2053
2045
2039
2033
2031
2031
2032
2034
2036
2039
2043
2047
2051
2055
2059
2063
2066
2069
2070
2070
2068
2065
2063
2062
2060
2059
2054
2047
2040
2032
2029
2028
2031
2035
2040
2046
2053
2061
2067
2072
2073
2073
2068
2061
2053
2044
2033
2022
2010
1998
1990
1982
1978
1975
1975
1975
1978
1982
1988
1995
2003
2011
2015
2019
2016
2011
2001
1990
1980
1971
1963
1955
1954
1955
1971
1991
2018
2047
2060
2069
2059
2043
2026
2008
1999
1993
1992
1992
1995
1999
2008
2020
2035
2052
2065
2077
2086
2094
2100
2107
2107
2106
2099
2091
2089
2088
2090
2093
2091
2088
2085
2082
2083
2085
2082
2078
2072
2066
2072
2081
2096
2112
2112
2108
2089
2064
2048
2035
2039
2049
2059
2068
2067
2062
2059
2057
2052
2046
2025
2000
1985
1973
1990
2015
2034
2052
2048
2036
2034
2034
2054
2081
2098
2112
2103
2086
2064
2040
2028
2019
2018
2020
2012
2000
1980
1957
1953
1954
1974
1999
2012
2021
2023
2023
2040
2063
2083
2102
2094
2077
2060
2043
2048
2060
2069
2077
2066
2050
2033
2016
2012
2012
2020
2031
2043
2055
2061
2065
2063
2059
2058
2058
2061
2065
2063
2059
2043
2023
2004
1984
1978
1976
1984
1996
2003
2008
2008
2006
2008
2011
2017
2024
2035
2048
2063
2080
2088
2093
2084
2070
2060
2052
2053
2058
2057
2054
2043
2029
2019
2011
2014
2022
2041
2063
2083
2103
2095
2079
2042
1999
1970
1945
1951
1965
1992
2023
2056
2090
2122
2154
2175
2193
2200
2204
2208
2212
2216
2220
2213
2203
2195
2188
2194
2204
2218
2233
2242
2249
2245
2238
2217
2192
2158
2122
2090
2060
2024
1986
1936
1881
1832
1785
1765
1753
1767
1788
1821
1858
1891
1923
1940
1953
1954
1951
1944
1935
1924
1912
1904
1896
1899
1905
1916
1929
1942
1955
1970
1987
2006
2026
2041
2054
2064
2072
2079
2086
2086
2084
2075
2065
2061
2058
2063
2071
2078
2085
2091
2098
2104
2111
2108
2103
2091
2078
2070
2065
2062
2061
2054
2046
2039
2031
2031
2032
2038
2045
2050
2054
2054
2053
2053
2054
2061
2069
2076
2084
2086
2087
2090
2093
2098
2103
2103
2101
2094
2086
2079
2074
2069
2064
2059
2054
2053
2053
2056
2060
2064
2068
2069
2069
2068
2068
2069
2070
2073
2077
2077
2076
2071
2065
2061
2057
2055
2053
2049
2044
2041
2038
2042
2048
2053
2058
2058
2056
2056
2056
2059
2063
2066
2067
2065
2062
2061
2061
2061
2061
2059
2057
2056
2056
2056
2056
2054
2051
2052
2053
2057
2062
2061
2057
2049
2040
2036
2033
2034
2037
2036
2035
2036
2037
2043
2051
2056
2061
2065
2068
2071
2075
2072
2067
2053
2036
2021
2007
2001
1998
1999
2001
2003
2004
2007
2011
2020
2030
2043
2057
2068
2077
2078
2077
2070
2061
2052
2043
2036
2030
2025
2021
2019
2018
2023
2031
2040
2049
2050
2049
2044
2037
2035
2034
2034
2035
2034
2033
2034
2036
2041
2046
2049
2051
2051
2050
2049
2049
2049
2049
2050
2050
2048
2047
2043
2038
2033
2028
2025
2024
2025
2027
2031
2035
2042
2049
2056
2063
2067
2071
2069
2066
2061
2056
2053
2052
2053
2055
2054
2051
2047
2042
2039
2037
2037
2037
2037
2037
2038
2038
2039
2040
2043
2046
2047
2047
2040
2032
2024
2016
2013
2010
2008
2007
2006
2006
2009
2013
2016
2020
2021
2021
2021
2020
2016
2012
2004
1995
1991
1988
1990
1994
1994
1993
1989
1985
1988
1993
2005
2018
2031
2044
2051
2055
2055
2052
2050
2048
2049
2051
2052
2053
2052
2050
2052
2055
2065
2078
2092
2105
2107
2106
2096
2084
2077
2071
2073
2078
2084
2090
2090
2087
2079
2070
2061
2053
2051
2052
2056
2060
2058
2055
2051
2047
2047
2048
2048
2048
2044
2040
2036
2032
2026
2020
2015
2011
2015
2020
2032
2045
2055
2063
2064
2063
2060
2057
2061
2066
2070
2074
2063
2048
2035
2023
2029
2041
2052
2062
2059
2052
2049
2047
2053
2061
2059
2054
2044
2034
2030
2029
2026
2023
2018
2013
2013
2015
2017
2020
2019
2017
2013
2009
2000
1990
1981
1973
1977
1985
1998
2012
2020
2027
2033
2039
2047
2055
2064
2072
2080
2088
2088
2087
2079
2069
2067
2067
2071
2075
2070
2062
2058
2055
2057
2060
2051
2039
2026
2012
2015
2024
2037
2050
2048
2041
2027
2010
2001
1993
1996
2001
2007
2012
2014
2014
2016
2020
2026
2034
2037
2038
2043
2050
2059
2069
2061
2047
2022
1995
1988
1988
2001
2019
2027
2031
2032
2032
2042
2056
2077
2101
2118
2133
2139
2143
2148
2154
2163
2172
2167
2158
2138
2115
2110
2110
2129
2153
2170
2185
2188
2187
2182
2177
2175
2174
2180
2189
2193
2195
2180
2160
2140
2120
2112
2108
2101
2093
2073
2050
2021
1991
1955
1918
1881
1844
1823
1807
1809
1816
1832
1851
1874
1899
1918
1936
1945
1951
1955
1958
1961
1964
1962
1959
1954
1949
1949
1951
1956
1961
1967
1973
1982
1992
2005
2019
2034
2048
2058
2066
2068
2068
2066
2063
2062
2061
2059
2058
2056
2054
2057
2061
2068
2076
2084
2092
2100
2108
2112
2116
2112
2107
2101
2094
2089
2085
2077
2069
2061
2053
2047
2043
2040
2037
2039
2043
2054
2068
2082
2096
2104
2109
2115
2120
2125
2129
2123
2115
2098
2079
2062
2045
2035
2026
2022
2020
2018
2017
2016
2015
2021
2029
2043
2059
2070
2079
2080
2079
2075
2071
2068
2065
2062
2059
2054
2048
2043
2038
2040
2044
2053
2063
2066
2066
2059
2051
2048
2047
2048
2050
2048
2045
2044
2043
2044
2047
2048
2049
2051
2052
2055
2058
2059
2059
2060
2060
2062
2064
2061
2057
2050
2042
2036
2032
2031
2032
2034
2036
2040
2044
2051
2059
2067
2075
2076
2076
2069
2061
2053
2045
2043
2042
2042
2043
2043
2042
2042
2043
2049
2056
2063
2070
2072
2072
2069
2065
2056
2046
2033
2020
2011
2003
2002
2003
2003
2003
2002
2001
2007
2016
2030
2045
2055
2064
2068
2070
2069
2066
2061
2055
2049
2042
2037
2033
2030
2027
2030
2034
2042
2050
2053
2053
2047
2039
2035
2032
2033
2035
2034
2032
2029
2026
2027
2029
2032
2036
2037
2037
2035
2034
2032
2030
2028
2025
2023
2021
2016
2011
2002
1992
1985
1978
1978
1979
1983
1987
1992
1998
2007
2017
2025
2032
2036
2040
2047
2055
2060
2065
2061
2054
2046
2038
2035
2035
2033
2030
2026
2021
2024
2029
2043
2059
2074
2088
2095
2100
2095
2087
2070
2050
2034
2018
2014
2014
2023
2036
2054
2072
2086
2099
2105
2109
2110
2111
2107
2100
2085
2067
2051
2037
2031
2027
2024
2020
2018
2015
2021
2030
2043
2056
2064
2069
2069
2068
2061
2053
2046
2039
2038
2038
2039
2039
2037
2034
2036
2039
2038
2036
2027
2016
2015
2018
2027
2037
2030
2018
2003
1987
1996
2013
2036
2061
2060
2052
2035
2014
2013
2017
2038
2064
2086
2106
2109
2107
2096
2082
2072
2064
2059
2056
2051
2044
2035
2025
2020
2017
2023
2032
2041
2049
2044
2035
2019
2001
1993
1989
1997
2008
2020
2033
2045
2057
2064
2070
2066
2059
2047
2034
2027
2022
2025
2032
2038
2045
2044
2041
2040
2039
2042
2047
2044
2038
2020
1999
1986
1976
1988
2008
2033
2060
2071
2076
2066
2050
2035
2019
2010
2003
2000
1997
2001
2008
2018
2030
2033
2033
2024
2013
2008
2004
2009
2017
2028
2040
2057
2075
2095
2115
2130
2144
2149
2152
2141
2127
2110
2092
2092
2098
2118
2143
2162
2179
2191
2200
2211
2222
2227
2230
2221
2208
2192
2176
2173
2173
2181
2192
2194
2193
2180
2163
2148
2134
2117
2099
2059
2012
1951
1886
1835
1788
1774
1770
1793
1824
1860
1898
1922
1943
1954
1962
1964
1964
1955
1942
1928
1912
1905
1901
1901
1902
1906
1910
1920
1933
1950
1967
1981
1993
2004
2016
2030
2044
2054
2062
2062
2061
2058
2054
2052
2049
2047
2046
2047
2049
2056
2064
2074
2084
2094
2103
2111
2118
2121
2124
2121
2117
2108
2099
2092
2085
2083
2082
2081
2080
2076
2072
2068
2064
2060
2055
2049
2042
2039
2037
2041
2047
2053
2060
2063
2065
2067
2069
2075
2082
2089
2096
2096
2095
2088
2080
2073
2066
2061
2057
2053
2049
2048
2048
2052
2057
2064
2071
2073
2073
2067
2059
2051
2042
2038
2037
2041
2046
2051
2055
2056
2056
2055
2055
2056
2058
2061
2064
2066
2068
2069
2069
2068
2067
2063
2059
2053
2048
2044
2041
2039
2038
2038
2038
2043
2049
2055
2062
2064
2064
2063
2061
2060
2060
2060
2060
2059
2059
2057
2054
2050
2045
2041
2038
2038
2039
2040
2040
2042
2044
2049
2056
2062
2068
2071
2073
2073
2073
2066
2058
2045
2030
2017
2004
1998
1994
1995
1996
2001
2006
2013
2021
2029
2038
2049
2059
2067
2075
2076
2076
2071
2064
2055
2046
2036
2026
2019
2013
2016
2021
2031
2043
2051
2058
2058
2057
2051
2044
2038
2033
2030
2029
2028
2028
2029
2031
2035
2039
2042
2046
2048
2049
2053
2057
2059
2061
2059
2055
2051
2047
2044
2041
2036
2030
2025
2021
2023
2027
2035
2043
2051
2059
2062
2065
2065
2064
2064
2064
2067
2070
2067
2063
2054
2043
2036
2030
2031
2034
2038
2043
2048
2052
2054
2057
2059
2060
2064
2068
2072
2075
2069
2060
2044
2026
2012
1999
1993
1989
1990
1992
1994
1996
1999
2002
2009
2017
2028
2040
2044
2047
2043
2036
2030
2023
2015
2006
1993
1980
1973
1969
1974
1982
1990
1998
2007
2015
2026
2038
2043
2047
2041
2033
2025
2018
2016
2016
2017
2018
2024
2032
2041
2050
2053
2053
2049
2043
2042
2043
2047
2051
2052
2052
2052
2053
2058
2063
2069
2075
2083
2091
2103
2116
2125
2133
2136
2136
2131
2124
2117
2109
2099
2088
2069
2048
2029
2009
2003
2002
2006
2013
2013
2010
2011
2012
2024
2040
2050
2058
2057
2054
2052
2051
2041
2028
2006
1981
1977
1979
2000
2027
2040
2048
2044
2037
2041
2048
2057
2066
2064
2059
2054
2050
2052
2056
2061
2065
2067
2068
2067
2065
2058
2049
2037
2024
2019
2017
2029
2046
2057
2067
2058
2042
2026
2009
2006
2007
2011
2015
2021
2028
2040
2053
2058
2061
2056
2049
2048
2048
2047
2044
2033
2019
2010
2002
2007
2015
2032
2052
2073
2095
2099
2098
2081
2060
2053
2050
2058
2069
2064
2055
2045
2036
2047
2065
2081
2097
2091
2079
2062
2044
2028
2013
1995
1977
1961
1946
1941
1940
1946
1954
1965
1975
1984
1993
2004
2015
2025
2035
2036
2035
2024
2010
2002
1995
2006
2023
2055
2092
2123
2153
2159
2158
2141
2120
2112
2109
2125
2147
2168
2188
2196
2200
2203
2205
2215
2227
2244
2262
2274
2283
2284
2281
2276
2269
2254
2236
2200
2159
2111
2061
2014
1968
1920
1872
1835
1801
1796
1801
1827
1860
1890
1919
1935
1948
1951
1950
1949
1948
1954
1962
1966
1969
1961
1951
1942
1934
1927
1921
1911
1900
1896
1893
1904
1919
1936
1953
1970
1986
2004
2022
2036
2048
2054
2058
2060
2061
2059
2055
2054
2054
2060
2069
2077
2084
2086
2086
2089
2093
2097
2102
2098
2091
2082
2072
2066
2061
2056
2051
2048
2045
2048
2052
2054
2057
2060
2063
2073
2086
2101
2115
2121
2125
2123
2119
2115
2111
2106
2099
2090
2081
2072
2064
2061
2058
2057
2057
2056
2056
2056
2056
2057
2060
2064
2068
2073
2079
2086
2094
2099
2103
2101
2097
2092
2086
2079
2072
2061
2048
2034
2020
2012
2007
2007
2009
2011
2013
2017
2021
2030
2042
2054
2066
2072
2077
2077
2075
2070
2063
2056
2048
2045
2042
2040
2039
2038
2038
2042
2048
2054
2061
2057
2049
2039
2027
2025
2026
2031
2037
2038
2038
2037
2037
2039
2043
2045
2048
2050
2053
2057
2061
2063
2065
2065
2064
2062
2059
2055
2051
2046
2042
2038
2034
2032
2031
2035
2040
2051
2064
2072
2079
2076
2069
2061
2053
2050
2049
2050
2051
2050
2049
2048
2048
2050
2054
2056
2057
2056
2053
2049
2045
2036
2027
2014
2000
1992
1985
1985
1987
1985
1982
1979
1975
1981
1989
1999
2009
2010
2009
2005
2001
1998
1995
1985
1973
1960
1946
1948
1955
1974
1998
2021
2044
2058
2069
2067
2060
2046
2029
2017
2008
2005
2004
2004
2004
2007
2012
2022
2034
2045
2056
2068
2081
2093
2105
2110
2113
2111
2108
2106
2105
2099
2091
2080
2067
2060
2056
2063
2073
2088
2104
2113
2121
2114
2102
2087
2071
2072
2077
2089
2103
2100
2092
2072
2049
2038
2030
2035
2043
2053
2063
2072
2080
2082
2082
2070
2054
2039
2025
2019
2015
2010
2003
1996
1989
1999
2014
2034
2055
2056
2049
2030
2006
1995
1987
1992
2000
2009
2019
2029
2039
2047
2054
2055
2054
2044
2031
2014
1996
1990
1987
1998
2014
2025
2035
2038
2038
2044
2053
2065
2078
2082
2083
2080
2076
2072
2068
2058
2046
2033
2020
2012
2005
2006
2010
2018
2028
2033
2037
2031
2022
2015
2008
2013
2022
2033
2045
2053
2061
2070
2080
2086
2090
2083
2073
2061
2049
2041
2033
2019
2002
1979
1953
1934
1918
1919
1924
1943
1966
1992
2018
2038
2055
2064
2071
2073
2074
2077
2080
2081
2081
2076
2068
2068
2069
2090
2117
2147
2178
2189
2194
2190
2182
2188
2198
2218
2242
2260
2276
2279
2279
2270
2258
2248
2239
2237
2238
2237
2234
2215
2191
2157
2119
2082
2045
2006
1965
1918
1870
1825
1781
1753
1731
1728
1731
1752
1779
1817
1859
1893
1926
1943
1955
1960
1964
1971
1979
1985
1990
1992
1992
1991
1990
1981
1970
1954
1936
1929
1925
1935
1948
1962
1976
1990
2003
2020
2038
2054
2068
2075
2080
2079
2075
2070
2063
2061
2061
2064
2069
2074
2079
2087
2095
2103
2111
2112
2111
2103
2094
2085
2077
2069
2061
2052
2044
2040
2039
2042
2046
2051
2056
2063
2071
2081
2092
2103
2113
2121
2128
2133
2137
2137
2136
2128
2118
2104
2090
2078
2068
2060
2053
2047
2042
2040
2039
2045
2053
2062
2072
2080
2088
2094
2099
2102
2103
2099
2093
2083
2071
2056
2039
2025
2011
2004
1999
1998
1998
2001
2005
2016
2029
2044
2060
2068
2073
2075
2075
2073
2070
2064
2057
2053
2049
2050
2051
2049
2046
2046
2046
2050
2057
2057
2054
2047
2038
2036
2036
2039
2042
2040
2036
2036
2036
2040
2046
2048
2048
2048
2048
2052
2058
2062
2065
2064
2062
2061
2060
2056
2052
2046
2039
2036
2033
2033
2033
2033
2032
2031
2030
2029
2029
2028
2028
2031
2035
2039
2044
2046
2046
2043
2040
2039
2038
2035
2031
2021
2009
1994
1977
1963
1950
1942
1936
1935
1936
1940
1944
1954
1967
1987
2009
2032
2055
2070
2082
2088
2093
2095
2096
2090
2081
2062
2040
2020
2000
1995
1995
2006
2021
2036
2051
2060
2067
2071
2074
2075
2076
2077
2078
2081
2085
2089
2093
2094
2094
2091
2087
2080
2072
2061
2050
2043
2038
2035
2034
2030
2025
2020
2016
2017
2018
2020
2023
2028
2034
2046
2059
2069
2078
2082
2085
2090
2096
2101
2106
2108
2108
2110
2114
2116
2118
2110
2099
2087
2074
2064
2055
2039
2021
2002
1984
1981
1982
1993
2007
2020
2033
2043
2051
2050
2045
2036
2026
2028
2034
2038
2042
2025
2003
1989
1977
1987
2004
2011
2016
2008
1996
1991
1987
1982
1977
1973
1969
1988
2013
2037
2061
2057
2044
2033
2021
2024
2031
2029
2025
2022
2019
2029
2043
2049
2053
2048
2040
2040
2043
2044
2044
2043
2041
2053
2069
2080
2089
2079
2062
2050
2040
2045
2054
2056
2056
2046
2033
2028
2026
2036
2050
2066
2083
2091
2095
2077
2052
2017
1979
1953
1932
1931
1936
1951
1968
1986
2004
2018
2031
2037
2041
2042
2043
2052
2064
2077
2091
2095
2096
2099
2102
2118
2138
2154
2168
2165
2157
2148
2139
2142
2150
2164
2180
2192
2203
2209
2213
2221
2229
2243
2260
2269
2277
2274
2268
2258
2248
2229
2207
2174
2139
2108
2078
2044
2007
1950
1887
1832
1780
1763
1758
1771
1789
1810
1831
1855
1880
1901
1919
1928
1934
1942
1951
1960
1968
1967
1962
1952
1940
1928
1916
1905
1894
1895
1899
1915
1935
1952
1969
1984
1997
2015
2034
2050
2064
2069
2070
2069
2067
2066
2065
2063
2062
2062
2063
2068
2073
2080
2087
2091
2095
2095
2095
2092
2089
2085
2081
2074
2066
2061
2057
2057
2058
2061
2065
2066
2066
2064
2062
2065
2070
2082
2095
2107
2119
2122
2122
2118
2114
2112
2110
2106
2101
2091
2081
2072
2064
2059
2055
2054
2054
2056
2060
2067
2075
2082
2089
2094
2098
2098
2098
2094
2090
2082
2072
2058
2042
2029
2017
2013
2010
2010
2011
2012
2013
2020
2028
2040
2053
2062
2070
2076
2080
2080
2078
2070
2060
2052
2044
2042
2041
2042
2043
2047
2052
2057
2062
2059
2054
2046
2038
2038
2040
2042
2045
2043
2040
2040
2041
2044
2047
2048
2048
2050
2054
2057
2061
2059
2055
2053
2051
2052
2053
2050
2046
2039
2031
2028
2027
2025
2024
2022
2020
2026
2034
2042
2050
2048
2043
2034
2024
2019
2015
2013
2010
2007
2003
2001
2000
2000
2001
2003
2004
2004
2004
2000
1996
1994
1993
1996
2000
2004
2008
2010
2012
2011
2010
2007
2003
2008
2015
2030
2047
2057
2064
2062
2057
2052
2048
2046
2045
2046
2047
2058
2072
2086
2100
2104
2105
2107
2109
2110
2111
2103
2092
2083
2075
2074
2075
2073
2069
2064
2059
2059
2062
2063
2063
2061
2058
2057
2056
2051
2046
2040
2034
2032
2032
2027
2020
2018
2017
2026
2039
2044
2045
2043
2039
2058
2083
2104
2124
2115
2097
2084
2073
2075
2082
2071
2055
2038
2021
2020
2024
2019
2010
1996
1981
1992
2010
2029
2049
2039
2021
1997
1971
1961
1956
1963
1974
1986
1999
2004
2006
2012
2019
2039
2064
2069
2068
2039
2002
1984
1972
1986
2007
2019
2027
2029
2029
2032
2037
2029
2016
2006
1997
2017
2046
2073
2100
2100
2092
2079
2066
2061
2060
2056
2052
2047
2040
2039
2039
2043
2047
2049
2050
2049
2048
2042
2034
2022
2009
2002
1997
2010
2030
2049
2069
2066
2056
2043
2029
2036
2050
2072
2096
2111
2124
2130
2134
2130
2123
2116
2108
2114
2123
2130
2136
2128
2115
2106
2098
2101
2108
2119
2132
2152
2173
2191
2207
2207
2202
2197
2193
2197
2202
2193
2180
2156
2130
2116
2106
2095
2085
2058
2025
1989
1951
1921
1893
1874
1857
1850
1847
1856
1869
1886
1903
1915
1925
1928
1928
1926
1922
1920
1919
1917
1914
1911
1907
1908
1910
1918
1928
1941
1955
1968
1981
1990
1999
2009
2019
2030
2040
2044
2047
2045
2042
2044
2047
2052
2058
2063
2068
2081
2095
2113
2131
2139
2144
2142
2138
2134
2130
2118
2103
2080
2055
2037
2022
2015
2011
2008
2005
2009
2015
2029
2046
2062
2077
2087
2095
2100
2105
2106
2105
2100
2094
2088
2082
2076
2070
2068
2067
2070
2074
2074
2072
2064
2054
2050
2047
2050
2054
2054
2054
2054
2054
2058
2063
2065
2066
2065
2063
2065
2069
2073
2077
2077
2077
2077
2077
2078
2078
2074
2069
2061
2052
2047
2044
2045
2048
2051
2054
2055
2055
2053
2052
2052
2052
2054
2056
2058
2059
2063
2067
2074
2081
2084
2085
2082
2078
2072
2066
2057
2047
2032
2016
2005
1995
1994
1996
2000
2004
2008
2011
2019
2028
2041
2055
2064
2071
2073
2074
2074
2073
2067
2059
2050
2040
2035
2031
2033
2036
2041
2046
2049
2052
2049
2045
2039
2032
2030
2030
2030
2030
2028
2024
2024
2024
2027
2030
2029
2026
2024
2023
2026
2030
2030
2029
2025
2020
2016
2013
2004
1993
1979
1965
1961
1960
1963
1967
1969
1970
1983
2000
2023
2049
2065
2077
2078
2077
2072
2066
2055
2043
2033
2023
2017
2013
2009
2006
2011
2019
2034
2051
2062
2070
2078
2085
2098
2112
2115
2115
2100
2081
2071
2063
2067
2075
2083
2091
2102
2112
2121
2129
2130
2127
2122
2117
2107
2097
2079
2059
2042
2026
2018
2012
2007
2003
2003
2004
2014
2027
2037
2045
2043
2037
2030
2023
2021
2021
2021
2021
2017
2013
2011
2010
2013
2017
2017
2017
2012
2006
2003
2002
2002
2003
2005
2006
2011
2016
2026
2036
2045
2054
2059
2062
2058
2051
2050
2050
2067
2089
2103
2114
2096
2069
2050
2033
2042
2059
2063
2063
2048
2028
2030
2038
2056
2077
2079
2076
2069
2061
2051
2041
2018
1990
1978
1970
1993
2026
2045
2061
2050
2030
2021
2014
2016
2020
2012
2001
2004
2012
2040
2075
2089
2097
2081
2059
2051
2048
2054
2063
2059
2050
2044
2040
2046
2056
2057
2054
2046
2036
2034
2035
2032
2027
2019
2010
2020
2037
2058
2082
2084
2080
2066
2050
2040
2032
2022
2012
2007
2004
2008
2015
2012
2006
2000
1994
2005
2022
2037
2051
2050
2045
2042
2039
2041
2044
2046
2048
2062
2079
2100
2121
2121
2113
2093
2068
2058
2051
2063
2080
2105
2132
2147
2158
2153
2144
2144
2148
2164
2185
2192
2196
2193
2188
2199
2215
2227
2239
2227
2209
2186
2162
2142
2122
2092
2059
2019
1976
1940
1906
1880
1857
1841
1828
1825
1826
1840
1858
1882
1907
1926
1943
1949
1950
1946
1939
1934
1929
1930
1934
1944
1957
1969
1981
1988
1994
2000
2006
2011
2015
2017
2018
2021
2025
2030
2037
2042
2047
2055
2063
2073
2084
2092
2099
2104
2108
2110
2112
2106
2098
2087
2074
2067
2062
2057
2053
2044
2035
2033
2033
2042
2053
2059
2064
2064
2061
2062
2065
2069
2073
2073
2071
2067
2062
2061
2061
2065
2070
2076
2082
2085
2087
2083
2078
2070
2062
2059
2057
2058
2061
2063
2066
2068
2069
2070
2070
2070
2069
2068
2067
2070
2074
2079
2084
2085
2084
2078
2070
2064
2059
2056
2054
2051
2048
2047
2046
2048
2051
2053
2055
2054
2052
2050
2048
2048
2048
2050
2054
2060
2068
2074
2079
2081
2081
2080
2079
2077
2076
2069
2061
2047
2030
2017
2004
1999
1998
1999
2002
2003
2003
2007
2013
2025
2038
2050
2062
2068
2072
2072
2071
2067
2063
2055
2047
2039
2031
2028
2026
2032
2040
2048
2056
2057
2055
2047
2038
2034
2031
2033
2036
2036
2035
2033
2030
2032
2036
2040
2045
2047
2048
2049
2049
2052
2056
2058
2059
2056
2052
2046
2041
2038
2035
2033
2030
2028
2026
2028
2031
2037
2045
2053
2061
2067
2073
2074
2073
2067
2060
2052
2044
2038
2034
2033
2033
2033
2033
2031
2028
2026
2023
2025
2029
2034
2041
2040
2037
2025
2010
1994
1977
1964
1953
1948
1944
1940
1936
1931
1926
1929
1936
1955
1978
2006
2035
2059
2081
2090
2095
2087
2075
2060
2043
2032
2022
2016
2011
2014
2019
2035
2053
2068
2082
2084
2083
2082
2081
2084
2089
2089
2087
2083
2078
2078
2080
2083
2087
2089
2090
2097
2105
2113
2121
2119
2115
2109
2102
2098
2094
2082
2067
2045
2021
2005
1991
1987
1987
1991
1997
2010
2026
2044
2062
2071
2078
2073
2065
2055
2045
2039
2035
2036
2038
2041
2044
2043
2042
2038
2034
2038
2043
2051
2059
2050
2037
2011
1982
1969
1961
1976
1997
2016
2036
2045
2050
2053
2054
2056
2059
2058
2056
2049
2040
2030
2020
2018
2018
2019
2020
2012
2002
1999
1999
2010
2025
2028
2028
2017
2004
2007
2016
2036
2058
2069
2077
2078
2078
2075
2072
2062
2049
2040
2033
2035
2040
2040
2037
2033
2029
2034
2041
2044
2046
2040
2032
2037
2045
2067
2092
2114
2135
2147
2156
2163
2168
2174
2180
2185
2189
2188
2185
2177
2167
2159
2152
2152
2153
2153
2153
2142
2128
2108
2087
2070
2053
2044
2036
2030
2025
2013
2000
1978
1953
1928
1903
1889
1880
1882
1889
1898
1908
1918
1927
1937
1946
1952
1957
1959
1959
1962
1965
1968
1972
1971
1968
1966
1964
1968
1974
1980
1987
1992
1996
2003
2011
2021
2033
2043
2052
2059
2065
2070
2074
2076
2078
2076
2073
2067
2059
2055
2051
2054
2058
2063
2069
2073
2076
2079
2082
2083
2083
2080
2076
2074
2071
2070
2069
2069
2069
2073
2080
2089
2098
2103
2107
2107
2107
2102
2097
2083
2066
2051
2035
2030
2029
2028
2027
2022
2015
2018
2025
2040
2057
2066
2072
2072
2070
2073
2077
2080
2082
2075
2066
2056
2047
2045
2046
2051
2057
2061
2064
2061
2057
2052
2045
2042
2039
2040
2043
2046
2050
2052
2053
2054
2054
2056
2059
2063
2067
2070
2073
2072
2071
2069
2067
2066
2065
2061
2056
2047
2038
2032
2028
2029
2032
2034
2035
2035
2034
2034
2034
2032
2030
2026
2022
2020
2019
2019
2019
2019
2018
2014
2010
2004
1997
1992
1988
1983
1979
1970
1960
1951
1942
1946
1954
1970
1988
2002
2015
2027
2038
2050
2062
2069
2075
2074
2070
2066
2062
2061
2061
2064
2068
2067
2064
2059
2054
2056
2060
2072
2086
2093
2098
2096
2092
2091
2091
2092
2092
2084
2073
2064
2056
2057
2061
2062
2062
2049
2033
2021
2010
2009
2010
2002
1990
1967
1941
1928
1920
1935
1956
1975
1993
2002
2009
2027
2049
2086
2127
2167
2207
2241
2273
2300
2326
2353
2381
2426
2476
2539
2606
2652
2691
2692
2680
2647
2606
2579
2556
2586
2632
2734
2853
2962
3067
3067
3035
2873
2671
2448
2219
2128
2080
2177
2320
2430
2531
2454
2323
2020
1665
1222
751
395
75
0
0
0
0
0
0
0
0
73
169
423
727
1016
1300
1509
1695
1841
1974
2128
2288
2464
2644
2809
2969
3072
3157
3126
3059
2927
2775
2683
2610
2592
2592
2563
2525
2487
2448
2450
2464
2488
2514
2568
2631
2763
2918
3076
3236
3316
3372
3371
3353
3316
3274
3190
3093
2941
2771
2584
2391
2230
2078
1970
1874
1804
1742
1681
1620
1545
1465
1385
1305
1247
1197
1173
1156
1161
1173
1218
1273
1365
1468
1595
1730
1875
2023
2154
2280
2356
2418
2436
2440
2419
2390
2337
2277
2199
2115
2042
1971
1939
1919
1942
1977
2021
2068
2094
2114
2124
2132
2141
2150
2140
2123
2082
2032
1982
1931
1891
1853
1824
1798
1785
1776
1780
1788
1806
1827
1855
1886
1918
1950
1971
1988
1996
2001
1999
1995
1984
1972
1964
1957
1962
1971
1990
2011
2039
2069
2104
2141
2172
2201
2218
2231
2236
2238
2234
2227
2214
2198
2182
2165
2154
2144
2137
2131
2123
2115
2101
2087
2070
2052
2038
2026
2020
2016
2013
2011
2009
2008
2006
2003
1997
1990
1982
1974
1973
1973
1977
1984
1990
1997
2004
2012
2019
2026
2031
2035
2041
2048
2060
2073
2085
2095
2102
2109
2115
2120
2125
2129
2130
2130
2126
2122
2112
2102
2088
2073
2061
2049
2042
2036
2030
2024
2021
2018
2023
2030
2038
2046
2047
2046
2041
2034
2030
2026
2023
2019
2013
2005
2001
1997
2001
2008
2016
2025
2029
2030
2029
2026
2026
2026
2031
2036
2043
2051
2056
2060
2059
2058
2056
2053
2053
2053
2053
2053
2054
2054
2057
2060
2062
2065
2064
2062
2058
2053
2047
2041
2030
2017
2004
1990
1985
1982
1987
1995
2002
2009
2015
2022
2029
2036
2038
2038
2034
2028
2018
2007
1989
1969
1949
1929
1919
1912
1915
1920
1932
1945
1968
1993
2021
2051
2073
2092
2097
2098
2090
2080
2066
2050
2034
2018
2008
2000
2004
2012
2032
2054
2072
2089
2091
2089
2084
2077
2076
2077
2078
2079
2076
2072
2067
2063
2068
2075
2089
2105
2116
2126
2120
2109
2091
2071
2065
2062
2076
2095
2113
2130
2133
2131
2111
2085
2049
2011
1981
1955
1950
1952
1968
1989
2011
2034
2054
2072
2077
2078
2060
2035
2012
1989
1985
1987
1992
1998
1995
1988
1983
1978
1975
1972
1966
1959
1966
1977
2009
2048
2075
2098
2091
2074
2054
2033
2034
2042
2054
2068
2066
2058
2044
2028
2030
2037
2055
2076
2079
2077
2059
2036
2031
2031
2048
2072
2084
2092
2085
2075
2069
2065
2066
2069
2068
2065
2062
2059
2059
2059
2063
2068
2076
2084
2083
2079
2067
2052
2041
2031
2026
2022
2020
2018
2025
2035
2054
2075
2092
2106
2114
2121
2123
2123
2119
2114
2111
2110
2114
2119
2110
2097
2068
2034
2014
1997
1997
2003
2010
2017
2023
2030
2040
2050
2058
2066
2075
2084
2096
2109
2114
2115
2108
2099
2086
2073
2053
2032
2007
1981
1964
1951
1943
1936
1930
1923
1921
1921
1927
1935
1946
1959
1974
1990
2002
2012
2015
2016
2025
2035
2053
2074
2080
2083
2069
2051
2040
2031
2033
2038
2038
2037
2026
2013
2002
1993
1994
1999
2008
2018
2019
2017
2007
1994
1992
1993
2014
2042
2069
2097
2108
2113
2112
2109
2107
2106
2094
2080
2059
2035
2026
2021
2030
2043
2053
2062
2066
2069
2071
2074
2073
2071
2065
2058
2051
2044
2038
2031
2028
2025
2030
2038
2048
2059
2066
2072
2075
2078
2076
2073
2064
2054
2047
2040
2041
2045
2049
2053
2056
2058
2061
2064
2066
2069
2070
2071
2072
2072
2073
2073
2074
2074
2074
2074
2074
2074
2072
2070
2066
2062
2057
2053
2051
2051
2052
2055
2057
2058
2061
2065
2072
2080
2086
2091
2091
2088
2085
2082
2077
2071
2057
2041
2025
2009
2002
1998
1998
1999
2003
2007
2015
2024
2036
2049
2059
2067
2071
2074
2071
2067
2059
2050
2042
2035
2032
2029
2030
2031
2037
2044
2050
2056
2053
2048
2039
2029
2025
2023
2026
2030
2032
2032
2031
2031
2032
2035
2037
2039
2041
2042
2046
2051
2056
2060
2062
2062
2062
2061
2059
2056
2051
2044
2036
2028
2026
2026
2029
2033
2037
2041
2047
2053
2058
2062
2060
2056
2050
2042
2040
2039
2042
2047
2052
2057
2062
2066
2067
2067
2067
2067
2069
2072
2072
2072
2059
2042
2022
2002
1994
1990
1992
1996
1995
1994
1994
1994
2001
2010
2022
2035
2046
2055
2057
2057
2048
2036
2022
2007
1995
1985
1979
1975
1976
1979
1984
1990
1989
1985
1978
1970
1968
1968
1976
1986
1997
2007
2017
2027
2037
2046
2052
2056
2053
2049
2045
2041
2039
2039
2040
2043
2045
2046
2045
2043
2039
2035
2032
2028
2026
2025
2029
2034
2045
2057
2064
2070
2073
2075
2086
2099
2115
2131
2133
2131
2122
2111
2106
2102
2099
2095
2090
2083
2078
2073
2065
2057
2046
2033
2027
2023
2030
2039
2045
2049
2040
2027
2010
1992
1985
1982
1993
2007
2023
2039
2049
2057
2063
2067
2066
2065
2057
2047
2040
2033
2031
2030
2027
2024
2023
2023
2028
2035
2037
2038
2034
2029
2026
2023
2022
2021
2024
2028
2038
2051
2054
2054
2042
2026
2024
2026
2037
2050
2047
2038
2025
2011
2011
2016
2018
2018
2013
2006
2010
2018
2026
2034
2035
2032
2034
2037
2044
2052
2058
2062
2068
2074
2079
2083
2081
2076
2068
2060
2049
2039
2030
2022
2028
2038
2055
2073
2081
2086
2084
2079
2069
2058
2042
2024
2017
2013
2031
2056
2084
2113
2132
2148
2157
2164
2171
2178
2190
2203
2220
2238
2254
2269
2281
2292
2296
2297
2289
2277
2263
2249
2227
2203
2159
2109
2054
1998
1963
1935
1917
1901
1880
1858
1844
1832
1836
1845
1854
1862
1863
1862
1855
1847
1836
1825
1821
1818
1826
1837
1851
1866
1878
1890
1900
1909
1920
1931
1946
1962
1981
2002
2017
2031
2039
2046
2053
2060
2066
2072
2073
2073
2073
2074
2081
2089
2098
2106
2112
2117
2124
2131
2133
2134
2123
2108
2090
2071
2060
2051
2045
2040
2033
2025
2024
2024
2033
2045
2057
2070
2077
2081
2081
2080
2078
2077
2075
2073
2070
2066
2066
2066
2073
2081
2089
2097
2097
2096
2089
2080
2073
2068
2065
2063
2062
2062
2065
2069
2073
2077
2077
2075
2071
2067
2068
2069
2073
2077
2079
2081
2082
2082
2081
2078
2073
2066
2060
2055
2052
2049
2048
2048
2047
2047
2047
2048
2050
2053
2055
2056
2055
2054
2053
2053
2055
2058
2059
2059
2058
2055
2055
2055
2056
2057
2056
2054
2053
2052
2053
2056
2058
2060
2059
2057
2055
2053
2052
2051
2050
2050
2051
2053
2055
2056
2055
2053
2050
2047
2044
2041
2039
2036
2037
2040
2045
2050
2055
2059
2063
2067
2072
2077
2075
2071
2058
2041
2024
2008
2001
1997
1997
1998
2000
2001
2004
2007
2014
2022
2034
2047
2060
2073
2075
2074
2064
2052
2044
2037
2035
2034
2030
2025
2022
2019
2026
2035
2044
2053
2054
2052
2047
2042
2039
2038
2038
2038
2039
2039
2039
2039
2039
2039
2039
2039
2038
2038
2039
2040
2045
2050
2054
2057
2054
2050
2046
2042
2038
2035
2031
2026
2024
2023
2027
2034
2039
2044
2047
2049
2054
2061
2065
2068
2065
2061
2058
2055
2056
2058
2057
2054
2049
2043
2041
2040
2039
2038
2036
2033
2033
2034
2036
2037
2036
2035
2034
2033
2033
2033
2029
2025
2020
2014
2009
2004
2001
1999
2000
2001
2002
2002
2002
2003
2008
2013
2018
2023
2025
2025
2025
2024
2020
2016
2008
2000
1997
1994
1995
1997
2000
2003
2008
2014
2022
2030
2034
2035
2035
2034
2036
2039
2039
2038
2033
2028
2026
2026
2032
2040
2054
2071
2089
2106
2109
2108
2099
2089
2090
2094
2100
2107
2101
2092
2082
2073
2069
2068
2066
2063
2065
2068
2076
2086
2084
2079
2061
2039
2025
2015
2021
2032
2047
2064
2076
2085
2085
2082
2071
2057
2045
2035
2039
2047
2068
2093
2105
2113
2098
2076
2053
2029
2021
2017
2015
2014
2008
2001
2000
2001
2005
2009
2009
2008
2008
2008
2009
2011
2013
2015
2022
2031
2039
2047
2048
2048
2048
2048
2040
2030
2011
1989
1980
1975
1984
1997
2005
2012
2022
2034
2048
2064
2060
2050
2037
2023
2029
2041
2048
2054
2046
2033
2029
2029
2032
2036
2033
2028
2031
2036
2041
2046
2033
2015
2004
1996
2011
2033
2050
2066
2068
2065
2063
2061
2060
2060
2060
2061
2071
2084
2096
2108
2110
2110
2114
2121
2138
2158
2171
2181
2180
2176
2176
2179
2194
2212
2232
2252
2268
2284
2299
2314
2319
2321
2307
2287
2257
2224
2185
2143
2093
2041
1989
1938
1901
1868
1856
1850
1861
1878
1894
1911
1915
1915
1903
1889
1874
1858
1842
1826
1813
1800
1794
1790
1790
1793
1803
1815
1837
1863
1894
1925
1953
1979
2001
2021
2035
2048
2053
2055
2055
2054
2055
2058
2058
2058
2054
2050
2051
2054
2059
2064
2065
2064
2065
2066
2073
2082
2088
2092
2090
2086
2084
2082
2080
2079
2076
2073
2072
2072
2073
2076
2078
2079
2081
2084
2086
2088
2090
2092
2095
2098
2100
2102
2101
2099
2097
2094
2092
2089
2088
2087
2087
2088
2088
2088
2086
2084
2084
2084
2083
2082
2076
2069
2067
2066
2069
2074
2076
2077
2077
2077
2080
2084
2085
2085
2078
2070
2059
2047
2037
2027
2021
2017
2018
2021
2022
2022
2021
2021
2027
2035
2046
2058
2064
2068
2069
2069
2067
2066
2062
2058
2053
2048
2042
2036
2035
2035
2041
2049
2054
2058
2053
2046
2041
2036
2035
2036
2037
2037
2037
2037
2040
2044
2045
2046
2046
2046
2049
2053
2055
2058
2057
2055
2053
2052
2052
2053
2054
2054
2052
2049
2045
2041
2037
2034
2035
2038
2043
2048
2052
2055
2055
2054
2054
2054
2056
2060
2064
2068
2066
2063
2055
2046
2038
2031
2030
2031
2038
2046
2055
2063
2065
2066
2067
2067
2068
2070
2069
2066
2056
2043
2027
2010
2001
1994
1993
1993
1993
1993
1992
1991
1996
2003
2011
2019
2025
2029
2031
2034
2034
2034
2026
2017
2005
1992
1981
1972
1964
1957
1959
1963
1974
1987
1993
1997
1997
1996
2006
2019
2034
2050
2051
2047
2038
2027
2021
2016
2014
2013
2017
2023
2033
2043
2049
2053
2054
2054
2058
2063
2069
2074
2074
2071
2069
2066
2067
2070
2072
2074
2075
2075
2078
2082
2083
2083
2083
2083
2092
2104
2117
2131
2135
2135
2133
2130
2126
2121
2094
2060
2021
1982
1975
1979
1999
2024
2031
2034
2031
2027
2028
2032
2026
2018
2008
1997
2000
2007
2018
2031
2042
2051
2063
2075
2081
2085
2077
2065
2053
2040
2034
2030
2026
2022
2015
2007
2003
2000
2005
2013
2025
2039
2044
2045
2034
2019
2008
1997
2001
2010
2022
2034
2036
2036
2032
2028
2028
2030
2031
2032
2033
2033
2035
2038
2036
2033
2025
2016
2013
2013
2019
2028
2038
2047
2057
2068
2075
2080
2080
2077
2077
2077
2078
2079
2074
2067
2060
2052
2047
2042
2036
2029
2032
2037
2052
2069
2078
2084
2082
2078
2075
2072
2068
2064
2060
2056
2058
2063
2078
2095
2122
2151
2175
2198
2202
2201
2199
2196
2206
2220
2225
2227
2221
2212
2215
2223
2226
2229
2213
2192
2174
2157
2138
2118
2071
2015
1953
1889
1852
1823
1819
1822
1837
1857
1878
1900
1908
1912
1906
1897
1891
1887
1882
1877
1870
1863
1863
1866
1873
1881
1885
1889
1894
1901
1914
1928
1947
1968
1989
2011
2030
2047
2057
2065
2067
2067
2064
2060
2059
2058
2061
2065
2071
2078
2084
2091
2101
2113
2127
2142
2150
2156
2150
2140
2121
2099
2076
2053
2039
2027
2023
2021
2017
2013
2012
2012
2024
2039
2055
2072
2079
2084
2086
2086
2088
2091
2091
2090
2085
2079
2074
2070
2071
2072
2074
2076
2078
2079
2078
2076
2073
2069
2067
2065
2064
2063
2063
2063
2066
2070
2074
2078
2079
2078
2075
2072
2072
2072
2074
2075
2074
2073
2070
2066
2062
2057
2052
2048
2047
2047
2048
2051
2052
2052
2051
2050
2051
2053
2057
2061
2063
2065
2065
2065
2065
2065
2065
2065
2066
2067
2069
2071
2072
2072
2067
2061
2052
2042
2036
2032
2034
2038
2042
2046
2050
2054
2058
2062
2065
2068
2069
2069
2068
2066
2056
2043
2026
2009
2001
1997
2001
2006
2007
2007
2006
2005
2012
2023
2037
2052
2062
2071
2074
2074
2069
2062
2053
2043
2037
2033
2030
2029
2027
2026
2030
2035
2043
2052
2053
2050
2042
2032
2028
2027
2029
2032
2031
2029
2029
2029
2032
2037
2041
2044
2044
2044
2045
2047
2051
2056
2059
2062
2061
2058
2053
2047
2041
2035
2032
2029
2028
2027
2027
2027
2030
2033
2038
2044
2050
2056
2060
2063
2062
2059
2055
2050
2047
2045
2046
2048
2049
2049
2046
2042
2039
2035
2035
2036
2040
2044
2049
2053
2056
2059
2060
2060
2060
2059
2057
2055
2051
2046
2042
2038
2040
2044
2048
2052
2053
2053
2055
2058
2062
2066
2068
2068
2063
2056
2043
2029
2013
1996
1987
1980
1982
1987
1991
1994
1998
2002
2010
2019
2026
2032
2033
2032
2031
2031
2028
2025
2017
2008
1998
1988
1980
1972
1972
1975
1991
2012
2033
2054
2064
2069
2069
2066
2062
2058
2050
2040
2031
2023
2019
2018
2015
2012
2013
2015
2027
2042
2053
2062
2060
2055
2050
2046
2045
2045
2044
2044
2045
2047
2049
2052
2050
2047
2047
2047
2053
2062
2073
2085
2094
2103
2107
2109
2100
2087
2073
2057
2051
2047
2046
2046
2040
2032
2025
2018
2018
2019
2026
2034
2044
2053
2058
2061
2061
2061
2063
2066
2066
2066
2057
2046
2040
2036
2042
2052
2062
2071
2075
2077
2076
2074
2065
2054
2047
2040
2050
2065
2077
2088
2073
2051
2026
2000
1997
2002
2017
2035
2045
2053
2051
2047
2033
2016
1999
1983
1990
2003
2031
2063
2076
2084
2066
2041
2012
1983
1974
1971
1991
2018
2039
2059
2049
2029
2010
1991
1999
2016
2032
2049
2046
2036
2027
2019
2017
2017
2010
2002
1997
1992
1992
1994
1993
1991
1992
1993
2003
2016
2024
2031
2036
2041
2054
2069
2082
2095
2104
2112
2124
2137
2146
2153
2150
2145
2143
2142
2140
2139
2133
2126
2131
2140
2158
2179
2190
2198
2206
2214
2230
2248
2249
2245
2224
2198
2190
2187
2198
2213
2210
2202
2179
2152
2128
2104
2073
2039
1997
1954
1922
1894
1880
1869
1865
1863
1869
1877
1884
1891
1883
1871
1857
1842
1838
1837
1838
1841
1844
1847
1860
1876
1897
1921
1935
1947
1953
1957
1968
1980
1995
2012
2025
2037
2042
2045
2045
2044
2044
2044
2044
2045
2047
2048
2049
2050
2052
2053
2059
2066
2078
2092
2103
2113
2116
2116
2113
2110
2108
2107
2103
2098
2092
2086
2086
2088
2091
2095
2094
2091
2088
2084
2082
2081
2076
2070
2059
2047
2040
2034
2035
2038
2040
2043
2043
2042
2046
2051
2062
2074
2081
2087
2086
2083
2080
2076
2076
2076
2076
2076
2073
2069
2065
2060
2060
2062
2067
2074
2074
2073
2068
2061
2058
2055
2053
2052
2049
2045
2047
2050
2055
2060
2060
2057
2055
2054
2058
2063
2066
2067
2065
2061
2061
2062
2062
2061
2055
2048
2044
2041
2043
2046
2046
2046
2044
2043
2045
2048
2052
2056
2059
2062
2065
2069
2069
2068
2062
2054
2048
2041
2039
2038
2037
2037
2038
2040
2047
2055
2063
2072
2077
2080
2078
2074
2066
2055
2041
2026
2016
2008
2007
2007
2007
2007
2006
2005
2008
2012
2022
2034
2048
2062
2070
2077
2074
2069
2061
2052
2046
2041
2035
2028
2022
2016
2019
2024
2033
2042
2045
2045
2045
2044
2045
2046
2043
2039
2033
2028
2028
2030
2034
2039
2042
2044
2044
2044
2043
2042
2043
2046
2051
2057
2059
2059
2055
2049
2045
2041
2038
2034
2031
2027
2028
2031
2035
2040
2043
2044
2049
2055
2065
2076
2079
2079
2069
2057
2048
2039
2037
2037
2041
2045
2047
2049
2050
2050
2052
2055
2060
2065
2070
2075
2075
2073
2062
2049
2032
2014
2005
1999
2001
2005
2008
2009
2010
2010
2016
2023
2033
2044
2051
2057
2060
2062
2061
2060
2055
2049
2040
2030
2022
2014
2013
2013
2018
2025
2032
2039
2042
2043
2040
2036
2031
2024
2020
2016
2015
2014
2011
2007
2006
2006
2008
2012
2013
2014
2016
2017
2025
2034
2043
2052
2054
2054
2048
2040
2032
2023
2014
2005
2000
1996
1998
2001
2005
2009
2014
2019
2026
2034
2043
2053
2060
2067
2065
2060
2052
2043
2042
2044
2049
2054
2054
2051
2052
2053
2063
2076
2088
2101
2110
2118
2117
2113
2094
2069
2044
2019
2014
2017
2029
2044
2050
2054
2057
2061
2072
2085
2093
2100
2095
2087
2078
2069
2065
2063
2065
2068
2069
2069
2068
2065
2063
2061
2059
2057
2049
2040
2026
2010
1999
1990
1990
1993
2000
2008
2014
2018
2020
2023
2032
2043
2056
2069
2073
2073
2059
2040
2016
1991
1976
1963
1967
1975
1992
2012
2031
2050
2061
2069
2062
2050
2035
2018
2019
2026
2042
2061
2066
2067
2061
2052
2053
2057
2063
2070
2070
2067
2067
2067
2066
2065
2052
2036
2015
1993
1980
1971
1975
1983
2000
2018
2035
2052
2060
2066
2070
2074
2082
2092
2098
2102
2096
2087
2081
2077
2084
2094
2106
2119
2131
2143
2155
2168
2175
2179
2184
2188
2204
2222
2234
2243
2230
2209
2186
2162
2150
2142
2130
2117
2098
2077
2058
2041
2022
2004
1982
1960
1940
1921
1903
1886
1871
1857
1855
1857
1865
1874
1880
1885
1890
1894
1899
1904
1909
1913
1924
1937
1953
1970
1981
1990
2001
2013
2027
2043
2051
2056
2057
2056
2056
2057
2051
2043
2031
2017
2013
2012
2016
2022
2023
2023
2025
2028
2038
2051
2062
2073
2079
2083
2086
2087
2086
2084
2081
2078
2075
2071
2068
2064
2064
2065
2068
2071
2069
2065
2059
2051
2047
2044
2045
2047
2050
2054
2057
2061
2065
2069
2075
2082
2088
2093
2094
2094
2092
2091
2092
2093
2094
2094
2089
2084
2078
2072
2066
2061
2057
2053
2053
2054
2057
2061
2063
2064
2063
2061
2059
2057
2058
2059
2063
2068
2074
2079
2082
2085
2086
2087
2087
2087
2083
2078
2065
2050
2032
2013
2003
1995
1998
2005
2010
2014
2015
2015
2022
2031
2043
2056
2064
2071
2072
2072
2068
2064
2058
2052
2046
2040
2035
2031
2031
2032
2039
2047
2052
2056
2053
2049
2046
2042
2042
2042
2043
2043
2042
2041
2040
2039
2038
2037
2038
2040
2044
2048
2050
2052
2054
2055
2057
2060
2059
2058
2053
2048
2042
2035
2029
2024
2023
2023
2028
2033
2037
2040
2042
2045
2052
2060
2066
2073
2073
2071
2065
2057
2050
2043
2040
2038
2041
2045
2050
2054
2057
2060
2063
2066
2069
2072
2071
2069
2061
2050
2036
2020
2009
1998
1996
1996
1999
2002
2004
2006
2014
2023
2035
2048
2055
2060
2063
2065
2068
2072
2069
2064
2051
2037
2025
2014
2012
2013
2020
2028
2035
2043
2046
2048
2048
2047
2046
2046
2044
2042
2037
2032
2029
2028
2031
2035
2037
2040
2044
2048
2053
2059
2062
2063
2062
2059
2056
2052
2048
2043
2038
2034
2033
2032
2031
2031
2031
2032
2039
2047
2055
2063
2065
2066
2066
2066
2066
2067
2066
2064
2059
2054
2046
2038
2029
2020
2017
2017
2024
2035
2042
2047
2047
2044
2045
2047
2051
2055
2052
2048
2039
2029
2016
2003
1988
1973
1968
1967
1978
1992
2003
2013
2016
2017
2023
2030
2041
2054
2059
2062
2057
2049
2040
2030
2019
2007
1997
1988
1989
1993
2005
2021
2032
2041
2045
2046
2047
2047
2045
2043
2039
2035
2035
2035
2039
2043
2047
2051
2053
2056
2060
2065
2071
2076
2081
2086
2091
2095
2097
2097
2090
2082
2071
2060
2054
2050
2050
2052
2052
2052
2048
2044
2045
2046
2054
2063
2069
2074
2069
2061
2050
2038
2036
2036
2041
2049
2052
2053
2051
2048
2048
2048
2049
2050
2048
2044
2040
2036
2029
2022
2014
2006
2005
2006
2019
2036
2057
2081
2100
2118
2124
2125
2115
2102
2087
2073
2063
2055
2049
2043
2039
2035
2035
2035
2037
2038
2040
2042
2043
2043
2035
2025
2013
2000
1995
1993
1997
2003
2007
2010
2014
2018
2027
2036
2043
2048
2048
2046
2044
2041
2035
2027
2013
1996
1981
1968
1966
1969
1976
1984
1991
1998
2005
2012
2018
2025
2031
2038
2047
2056
2066
2077
2087
2096
2106
2117
2126
2134
2138
2141
2143
2146
2147
2147
2140
2130
2115
2099
2090
2083
2088
2097
2116
2138
2162
2186
2202
2216
2218
2215
2202
2186
2164
2139
2113
2085
2061
2038
2020
2004
1994
1986
1983
1983
1986
1991
1993
1993
1982
1969
1950
1930
1915
1902
1893
1886
1884
1883
1889
1897
1911
1927
1940
1953
1963
1971
1980
1989
1997
2005
2009
2012
2013
2013
2012
2011
2010
2009
2009
2009
2013
2020
2028
2036
2040
2044
2049
2054
2063
2074
2083
2091
2096
2100
2105
2112
2115
2118
2116
2113
2108
2102
2090
2077
2059
2041
2030
2022
2023
2027
2028
2029
2029
2029
2035
2044
2058
2072
2082
2090
2091
2089
2083
2076
2070
2064
2059
2054
2050
2046
2049
2053
2063
2074
2080
2084
2080
2073
2067
2061
2060
2060
2060
2060
2058
2055
2053
2052
2052
2052
2054
2055
2057
2060
2062
2064
2066
2068
2071
2075
2076
2076
2071
2066
2059
2051
2046
2042
2042
2042
2043
2045
2049
2053
2057
2061
2062
2062
2057
2051
2049
2048
2051
2055
2057
2057
2057
2056
2062
2070
2078
2087
2087
2083
2073
2061
2049
2037
2026
2015
2008
2001
2000
2001
2002
2003
2005
2008
2017
2028
2041
2054
2062
2068
2068
2067
2063
2059
2055
2051
2046
2040
2032
2024
2021
2020
2026
2035
2044
2052
2053
2052
2047
2042
2039
2038
2038
2038
2039
2039
2039
2039
2038
2037
2038
2041
2045
2050
2053
2055
2056
2056
2056
2056
2054
2053
2049
2045
2041
2036
2031
2027
2026
2026
2030
2036
2042
2049
2052
2055
2056
2056
2057
2057
2057
2057
2057
2057
2055
2053
2048
2041
2032
2021
2015
2010
2012
2017
2022
2027
2028
2027
2027
2027
2029
2033
2033
2033
2026
2018
2004
1990
1977
1964
1961
1962
1975
1991
2004
2017
2024
2028
2034
2040
2045
2049
2049
2047
2043
2039
2034
2029
2020
2010
2003
1997
2000
2007
2020
2035
2050
2065
2077
2089
2092
2093
2087
2079
2074
2069
2069
2070
2070
2069
2067
2064
2065
2067
2072
2077
2082
2086
2086
2086
2081
2075
2069
2063
2060
2059
2054
2047
2038
2029
2029
2033
2044
2057
2064
2068
2067
2064
2068
2073
2080
2087
2087
2085
2075
2062
2044
2024
2008
1992
1995
2003
2020
2040
2049
2056
2055
2052
2055
2059
2059
2059
2042
2021
1999
1977
1973
1974
1984
1997
2007
2015
2025
2035
2045
2054
2053
2049
2042
2034
2035
2038
2041
2044
2037
2028
2021
2016
2021
2029
2035
2040
2037
2031
2029
2028
2034
2042
2050
2058
2065
2073
2078
2082
2077
2069
2060
2050
2047
2047
2047
2047
2045
2041
2041
2041
2041
2041
2037
2032
2029
2027
2027
2027
2025
2024
2026
2030
2035
2041
2043
2044
2047
2050
2056
2063
2067
2070
2072
2075
2078
2082
2085
2088
2095
2104
2116
2128
2127
2123
2108
2090
2074
2060
2060
2064
2085
2112
2143
2176
2190
2199
2192
2180
2170
2160
2153
2147
2139
2131
2122
2113
2098
2081
2057
2032
2012
1993
1984
1978
1975
1973
1968
1963
1952
1939
1925
1910
1899
1889
1882
1877
1877
1879
1892
1908
1927
1948
1962
1974
1980
1984
1988
1992
1996
2000
2003
2006
2005
2004
2002
2000
2001
2004
2009
2016
2023
2031
2040
2049
2058
2066
2072
2076
2080
2085
2091
2097
2101
2105
2109
2114
2117
2120
2117
2112
2104
2096
2085
2073
2057
2040
2029
2020
2021
2026
2029
2032
2032
2031
2037
2046
2060
2075
2082
2087
2086
2083
2081
2079
2075
2071
2066
2059
2054
2049
2051
2056
2066
2078
2082
2085
2079
2070
2064
2059
2058
2059
2056
2052
2047
2043
2046
2051
2056
2060
2058
2055
2054
2054
2057
2062
2068
2073
2076
2079
2077
2074
2068
2060
2054
2047
2044
2043
2043
2043
2043
2043
2047
2051
2056
2061
2061
2060
2055
2049
2048
2049
2053
2058
2060
2061
2065
2069
2077
2085
2086
2083
2075
2065
2059
2055
2048
2040
2027
2011
2003
1998
2000
2005
2008
2011
2013
2016
2024
2033
2043
2054
2062
2069
2071
2071
2064
2056
2049
2041
2036
2032
2027
2022
2023
2026
2036
2049
2053
2056
2051
2043
2040
2038
2039
2041
2040
2039
2038
2038
2038
2039
2038
2037
2038
2040
2045
2050
2054
2057
2057
2056
2054
2052
2049
2045
2041
2036
2031
2027
2025
2024
2027
2032
2037
2042
2046
2050
2056
2063
2069
2074
2072
2067
2058
2049
2046
2045
2046
2049
2049
2048
2047
2046
2049
2053
2057
2061
2063
2066
2066
2066
2059
2050
2035
2018
2005
1993
1989
1988
1989
1991
1992
1993
1997
2001
2009
2017
2022
2027
2028
2027
2023
2019
2013
2006
2000
1993
1992
1993
2003
2015
2027
2039
2042
2042
2038
2033
2030
2027
2025
2024
2020
2015
2012
2010
2013
2018
2024
2030
2034
2038
2045
2053
2063
2075
2084
2092
2096
2097
2094
2090
2087
2083
2081
2080
2075
2068
2062
2055
2059
2067
2078
2090
2091
2088
2080
2070
2064
2060
2057
2056
2056
2057
2058
2059
2052
2043
2031
2018
2019
2026
2039
2055
2056
2052
2036
2015
2002
1991
1996
2006
2019
2032
2039
2043
2048
2052
2057
2064
2063
2059
2052
2043
2042
2045
2049
2054
2049
2040
2033
2026
2032
2041
2049
2057
2054
2047
2039
2031
2031
2033
2040
2049
2057
2065
2068
2070
2065
2058
2047
2034
2028
2023
2025
2029
2031
2031
2026
2018
2013
2009
2006
2004
2002
1999
2002
2007
2017
2028
2033
2037
2036
2033
2033
2034
2038
2043
2049
2055
2061
2067
2069
2069
2068
2067
2068
2071
2071
2071
2061
2048
2034
2018
2009
2002
2003
2007
2019
2035
2048
2061
2058
2050
2034
2016
2011
2011
2018
2027
2030
2030
2029
2027
2030
2034
2045
2057
2074
2093
2105
2116
2114
2109
2112
2119
2140
2165
2176
2183
2170
2150
2137
2126
2127
2131
2138
2146
2159
2174
2189
2205
2205
2201
2187
2170
2154
2139
2122
2104
2084
2063
2047
2031
2016
2001
1986
1972
1965
1961
1959
1958
1950
1941
1931
1921
1918
1918
1922
1927
1932
1936
1939
1942
1942
1941
1934
1926
1919
1911
1913
1917
1927
1940
1951
1962
1973
1984
1997
2010
2020
2028
2031
2032
2033
2033
2034
2037
2040
2043
2045
2048
2051
2055
2059
2063
2067
2071
2071
2071
2067
2063
2061
2058
2058
2059
2061
2064
2068
2073
2077
2081
2080
2079
2080
2082
2089
2097
2103
2108
2108
2105
2101
2096
2089
2081
2075
2068
2068
2071
2073
2076
2072
2065
2060
2056
2058
2062
2063
2064
2064
2064
2069
2076
2083
2091
2095
2098
2101
2104
2104
2104
2096
2085
2068
2050
2033
2016
2008
2004
2006
2011
2014
2016
2018
2019
2029
2042
2056
2071
2078
2082
2081
2078
2072
2065
2057
2049
2044
2040
2037
2036
2036
2037
2042
2047
2051
2055
2051
2046
2041
2036
2036
2039
2042
2045
2045
2044
2043
2042
2043
2044
2047
2051
2053
2055
2056
2056
2057
2058
2060
2063
2061
2058
2051
2043
2038
2034
2034
2034
2034
2034
2034
2034
2040
2048
2057
2067
2070
2071
2065
2057
2051
2044
2043
2043
2047
2051
2054
2055
2054
2053
2056
2060
2065
2072
2074
2074
2070
2063
2054
2044
2031
2018
2007
1997
1996
1998
2003
2009
2012
2014
2019
2025
2034
2044
2051
2056
2059
2060
2059
2058
2050
2039
2026
2013
2005
1999
1999
2001
2006
2011
2015
2019
2016
2011
2004
1996
1995
1996
1998
2000
1994
1985
1978
1972
1983
1999
2023
2050
2070
2087
2093
2094
2086
2074
2057
2039
2025
2012
2008
2007
2008
2010
2011
2011
2012
2015
2021
2029
2040
2053
2065
2078
2087
2095
2099
2102
2103
2103
2100
2096
2091
2085
2084
2084
2085
2087
2087
2086
2086
2086
2087
2087
2083
2078
2072
2065
2056
2045
2025
2001
1982
1964
1965
1973
1990
2010
2023
2034
2046
2059
2077
2096
2103
2107
2096
2081
2068
2055
2046
2039
2033
2026
2023
2022
2025
2029
2032
2036
2038
2041
2042
2043
2040
2036
2031
2027
2025
2022
2020
2018
2021
2026
2035
2045
2048
2048
2045
2041
2040
2041
2039
2035
2028
2020
2018
2017
2013
2009
2000
1989
1987
1987
1995
2006
2018
2031
2047
2064
2074
2082
2080
2075
2070
2065
2065
2066
2067
2067
2070
2073
2072
2069
2060
2049
2044
2041
2042
2045
2038
2028
2018
2008
2006
2006
2008
2009
2017
2028
2043
2060
2059
2053
2039
2022
2021
2024
2031
2039
2041
2041
2043
2046
2048
2049
2046
2042
2042
2045
2047
2050
2044
2035
2031
2029
2039
2053
2067
2081
2089
2096
2100
2104
2110
2118
2132
2148
2158
2166
2164
2159
2161
2165
2177
2191
2197
2200
2197
2193
2187
2181
2168
2154
2139
2123
2113
2105
2095
2083
2065
2045
2029
2015
2004
1995
1984
1973
1963
1952
1943
1935
1929
1923
1918
1914
1908
1903
1896
1889
1883
1878
1874
1871
1876
1883
1898
1915
1934
1952
1969
1986
2001
2016
2026
2034
2034
2033
2030
2027
2027
2027
2030
2033
2038
2044
2052
2061
2067
2071
2071
2068
2065
2061
2059
2056
2056
2056
2056
2056
2055
2053
2052
2051
2056
2063
2072
2081
2085
2086
2087
2087
2092
2097
2099
2100
2097
2092
2089
2087
2084
2081
2074
2065
2061
2058
2064
2072
2077
2082
2082
2081
2078
2075
2074
2073
2074
2077
2081
2085
2087
2089
2090
2090
2089
2088
2086
2084
2082
2079
2072
2063
2046
2027
2015
2004
2006
2011
2016
2020
2019
2017
2021
2028
2039
2052
2062
2070
2076
2080
2081
2080
2072
2063
2054
2046
2041
2038
2037
2037
2040
2044
2050
2056
2055
2051
2046
2040
2039
2039
2040
2040
2038
2034
2035
2036
2041
2046
2049
2050
2051
2052
2054
2057
2058
2059
2060
2060
2060
2060
2058
2056
2050
2042
2034
2026
2025
2025
2031
2039
2047
2055
2058
2059
2058
2056
2055
2054
2054
2055
2057
2060
2060
2060
2058
2057
2060
2064
2068
2073
2072
2068
2059
2047
2034
2021
2011
2002
1999
1998
2001
2005
2007
2010
2015
2021
2032
2045
2054
2063
2066
2067
2065
2062
2057
2051
2042
2031
2022
2014
2010
2009
2013
2020
2027
2034
2033
2030
2023
2014
2008
2004
2002
2001
1997
1993
1991
1990
1991
1994
1994
1994
1995
1996
2008
2024
2041
2058
2065
2068
2061
2050
2034
2017
2001
1986
1982
1981
1988
1999
2008
2017
2026
2035
2047
2060
2068
2073
2069
2061
2058
2057
2067
2080
2092
2103
2104
2103
2100
2096
2095
2095
2097
2101
2103
2105
2096
2083
2062
2038
2026
2017
2024
2037
2049
2061
2062
2060
2056
2052
2053
2055
2059
2063
2066
2067
2070
2073
2077
2082
2079
2072
2060
2046
2045
2049
2061
2075
2072
2064
2044
2019
2005
1994
1994
1997
2005
2016
2033
2052
2063
2072
2061
2044
2022
1999
1992
1991
2003
2019
2034
2048
2048
2044
2027
2006
1998
1993
2011
2036
2059
2081
2079
2070
2050
2027
2020
2018
2032
2051
2064
2075
2068
2056
2039
2021
2021
2028
2052
2081
2094
2102
2077
2043
2006
1969
1960
1959
1975
1996
2013
2029
2039
2047
2058
2070
2081
2092
2091
2087
2075
2062
2062
2066
2088
2114
2135
2153
2154
2149
2140
2129
2128
2131
2141
2154
2167
2180
2188
2195
2196
2195
2184
2171
2149
2125
2106
2088
2082
2080
2080
2080
2067
2051
2027
2000
1977
1956
1942
1930
1919
1908
1889
1868
1848
1830
1830
1835
1854
1877
1900
1924
1949
1975
2001
2026
2041
2053
2057
2060
2064
2069
2073
2076
2073
2069
2059
2047
2028
2006
1984
1963
1953
1947
1947
1949
1951
1954
1963
1975
1995
2019
2038
2056
2063
2066
2065
2062
2064
2067
2073
2080
2081
2080
2073
2065
2064
2065
2074
2086
2089
2089
2081
2069
2062
2057
2057
2058
2058
2058
2058
2058
2062
2067
2073
2078
2083
2087
2091
2095
2096
2097
2096
2095
2093
2090
2090
2091
2092
2093
2085
2074
2059
2042
2034
2030
2037
2046
2053
2060
2065
2069
2076
2085
2092
2099
2100
2099
2095
2091
2082
2072
2057
2041
2030
2020
2018
2018
2018
2018
2019
2021
2028
2037
2049
2062
2069
2076
2078
2078
2075
2071
2065
2058
2049
2040
2034
2030
2033
2039
2045
2051
2051
2049
2044
2039
2037
2037
2037
2037
2036
2033
2031
2030
2031
2034
2038
2042
2046
2050
2053
2056
2059
2062
2062
2062
2060
2059
2059
2059
2059
2058
2051
2043
2035
2027
2027
2028
2033
2038
2042
2045
2045
2045
2044
2044
2046
2049
2054
2060
2063
2065
2065
2064
2066
2070
2074
2078
2076
2073
2065
2054
2039
2023
2009
1995
1990
1989
1994
2001
2005
2009
2013
2017
2027
2039
2051
2064
2069
2072
2067
2059
2050
2039
2029
2018
2009
2000
1996
1995
2000
2007
2012
2016
2014
2010
2003
1996
1992
1988
1987
1987
1988
1989
1994
2001
2011
2023
2035
2048
2055
2061
2059
2054
2047
2039
2033
2028
2021
2014
2008
2003
2002
2002
2002
2002
2003
2004
2009
2015
2025
2037
2049
2062
2072
2082
2089
2094
2094
2093
2089
2085
2081
2078
2078
2078
2081
2085
2091
2096
2099
2101
2099
2096
2094
2093
2093
2093
2087
2079
2058
2033
2007
1981
1975
1976
1993
2015
2033
2050
2057
2062
2070
2078
2088
2100
2104
2105
2095
2082
2064
2046
2035
2026
2026
2030
2034
2038
2038
2037
2036
2036
2040
2047
2052
2057
2056
2053
2050
2046
2048
2052
2055
2059
2058
2057
2058
2060
2070
2083
2092
2100
2088
2071
2035
1994
1960
1927
1918
1916
1930
1950
1970
1991
2005
2016
2018
2018
2015
2012
2015
2020
2028
2036
2044
2052
2060
2069
2076
2083
2087
2091
2099
2108
2113
2117
2105
2088
2072
2055
2056
2062
2079
2099
2118
2136
2151
2165
2173
2179
2179
2178
2178
2179
2183
2187
2187
2187
2180
2171
2156
2139
2119
2099
2079
2058
2035
2010
1985
1959
1938
1920
1906
1893
1881
1868
1858
1850
1848
1849
1857
1867
1881
1896
1910
1924
1935
1945
1955
1965
1976
1987
1996
2005
2011
2015
2017
2017
2017
2018
2021
2025
2026
2026
2023
2020
2023
2027
2036
2046
2054
2061
2067
2074
2084
2096
2107
2119
2126
2131
2133
2133
2130
2126
2116
2104
2088
2070
2054
2038
2030
2023
2022
2022
2025
2029
2038
2050
2064
2079
2087
2092
2090
2086
2082
2077
2071
2066
2059
2052
2049
2048
2053
2060
2066
2073
2074
2073
2068
2061
2055
2050
2047
2046
2045
2045
2043
2042
2041
2040
2040
2040
2036
2032
2030
2029
2035
2044
2056
2069
2076
2080
2080
2080
2078
2077
2072
2065
2057
2049
2046
2044
2044
2045
2046
2047
2051
2055
2059
2063
2062
2061
2058
2055
2055
2055
2056
2058
2061
2064
2067
2071
2073
2074
2075
2075
2075
2074
2070
2066
2058
2049
2037
2025
2017
2010
2009
2009
2011
2014
2018
2022
2029
2037
2047
2058
2066
2074
2077
2079
2076
2071
2062
2053
2045
2037
2033
2030
2031
2032
2038
2045
2050
2055
2052
2047
2038
2029
2025
2023
2024
2026
2025
2022
2019
2016
2018
2022
2026
2031
2033
2034
2033
2031
2031
2031
2031
2031
2028
2024
2016
2006
1996
1985
1979
1975
1974
1974
1978
1983
1994
2006
2021
2037
2049
2061
2066
2069
2067
2063
2058
2052
2045
2037
2029
2021
2014
2007
2007
2008
2015
2023
2030
2036
2040
2043
2050
2058
2068
2079
2086
2091
2094
2095
2090
2082
2066
2046
2034
2024
2029
2039
2049
2059
2068
2076
2090
2104
2111
2115
2107
2094
2084
2074
2065
2056
2042
2028
2022
2018
2022
2029
2030
2030
2036
2044
2058
2075
2074
2069
2051
2030
2021
2017
2020
2025
2031
2036
2050
2067
2080
2092
2082
2065
2040
2013
1994
1978
1971
1967
1973
1984
2006
2032
2054
2075
2077
2073
2055
2031
2011
1992
1991
1995
2016
2041
2068
2097
2119
2140
2141
2136
2106
2069
2032
1994
1976
1965
1971
1982
1997
2013
2033
2055
2081
2108
2125
2138
2126
2105
2063
2013
1968
1924
1911
1908
1936
1974
2008
2042
2050
2050
2038
2024
2021
2021
2024
2029
2029
2028
2030
2033
2035
2038
2037
2036
2042
2051
2064
2078
2078
2074
2066
2055
2057
2064
2075
2088
2092
2093
2093
2092
2099
2108
2125
2143
2156
2168
2174
2178
2186
2197
2209
2221
2223
2222
2220
2217
2220
2224
2217
2206
2183
2155
2132
2111
2093
2077
2056
2033
2009
1984
1964
1945
1930
1916
1905
1894
1884
1875
1867
1860
1862
1866
1876
1888
1897
1905
1910
1914
1917
1918
1916
1913
1913
1913
1923
1935
1949
1964
1975
1985
1994
2002
2011
2020
2027
2032
2035
2038
2041
2045
2048
2052
2053
2053
2053
2053
2055
2059
2064
2070
2071
2071
2067
2063
2062
2062
2066
2070
2072
2073
2074
2074
2077
2081
2085
2088
2086
2083
2081
2080
2083
2087
2089
2092
2092
2091
2090
2090
2088
2087
2083
2078
2073
2069
2069
2070
2071
2071
2070
2069
2069
2069
2073
2077
2081
2084
2084
2084
2083
2082
2081
2081
2079
2078
2075
2071
2066
2061
2056
2052
2050
2049
2048
2048
2050
2054
2061
2069
2074
2078
2079
2078
2077
2076
2073
2069
2058
2044
2029
2015
2008
2004
2006
2009
2012
2015
2020
2027
2036
2045
2056
2068
2076
2083
2081
2076
2067
2056
2050
2045
2038
2031
2023
2015
2018
2025
2038
2053
2057
2058
2051
2040
2035
2031
2033
2036
2037
2037
2036
2035
2034
2034
2035
2037
2041
2045
2048
2051
2053
2055
2058
2061
2062
2063
2060
2056
2051
2044
2039
2034
2031
2029
2029
2029
2030
2032
2037
2042
2048
2054
2057
2059
2058
2056
2055
2055
2055
2055
2054
2053
2050
2046
2043
2040
2038
2036
2036
2037
2039
2040
2040
2040
2040
2040
2044
2048
2051
2055
2055
2054
2050
2046
2042
2038
2037
2037
2037
2037
2039
2041
2045
2049
2053
2057
2061
2065
2068
2072
2072
2071
2064
2056
2042
2026
2013
2000
1995
1992
1995
2000
2004
2008
2011
2015
2025
2037
2050
2064
2071
2075
2071
2066
2059
2052
2045
2037
2029
2021
2018
2016
2021
2029
2038
2049
2055
2059
2056
2052
2045
2038
2034
2030
2029
2028
2027
2026
2025
2024
2025
2028
2031
2034
2033
2032
2029
2026
2026
2027
2028
2029
2025
2020
2014
2007
2005
2005
2008
2012
2018
2024
2030
2036
2041
2046
2047
2046
2042
2038
2035
2033
2031
2029
2025
2021
2018
2017
2021
2027
2032
2036
2037
2038
2041
2044
2048
2052
2056
2061
2069
2077
2080
2082
2078
2072
2071
2072
2079
2087
2087
2086
2081
2074
2075
2078
2084
2092
2096
2099
2095
2090
2073
2053
2030
2006
1999
1998
2010
2027
2038
2049
2055
2059
2060
2060
2052
2041
2030
2019
2017
2017
2018
2019
2021
2023
2031
2041
2050
2058
2060
2061
2066
2071
2073
2074
2063
2048
2032
2015
2004
1996
1990
1985
1988
1994
2009
2026
2041
2054
2062
2067
2068
2067
2053
2036
2012
1987
1978
1973
1981
1994
2008
2021
2035
2048
2059
2068
2065
2058
2042
2022
2010
2001
2009
2022
2044
2068
2083
2096
2095
2091
2082
2071
2065
2061
2060
2060
2060
2059
2056
2053
2052
2052
2053
2056
2060
2065
2077
2091
2107
2124
2134
2141
2144
2145
2147
2149
2143
2135
2125
2115
2117
2123
2134
2146
2153
2158
2168
2179
2189
2198
2192
2180
2160
2136
2113
2091
2066
2041
2017
1993
1980
1971
1968
1968
1969
1971
1973
1975
1967
1956
1938
1917
1900
1886
1878
1872
1867
1862
1862
1864
1876
1891
1910
1931
1950
1968
1981
1993
2002
2010
2015
2020
2023
2024
2023
2022
2020
2017
2015
2013
2013
2014
2020
2028
2039
2051
2060
2069
2076
2081
2085
2088
2089
2089
2089
2089
2088
2087
2081
2074
2066
2058
2057
2058
2063
2069
2073
2077
2081
2085
2092
2100
2105
2109
2109
2107
2101
2093
2080
2064
2047
2029
2018
2010
2009
2012
2016
2021
2028
2035
2046
2059
2071
2083
2089
2093
2095
2096
2094
2090
2081
2070
2057
2044
2037
2033
2036
2043
2052
2063
2068
2071
2066
2059
2054
2050
2052
2056
2057
2057
2053
2048
2047
2048
2052
2056
2056
2056
2056
2056
2057
2058
2060
2061
2063
2065
2066
2067
2064
2059
2053
2047
2043
2039
2038
2038
2039
2041
2044
2048
2050
2051
2052
2052
2055
2059
2062
2065
2064
2062
2060
2059
2060
2062
2061
2060
2054
2046
2038
2030
2029
2030
2035
2040
2044
2048
2053
2060
2068
2077
2080
2080
2075
2070
2066
2062
2053
2042
2025
2006
1997
1990
1993
1998
2001
2004
2008
2013
2025
2038
2047
2055
2057
2057
2058
2060
2060
2059
2053
2045
2039
2032
2027
2023
2020
2019
2025
2034
2044
2054
2053
2049
2043
2036
2036
2037
2038
2039
2037
2034
2033
2032
2033
2034
2039
2044
2052
2060
2064
2066
2061
2053
2049
2045
2046
2047
2044
2040
2036
2031
2029
2029
2028
2028
2029
2030
2037
2046
2054
2062
2064
2064
2063
2061
2059
2056
2054
2052
2052
2053
2052
2051
2047
2042
2041
2042
2047
2052
2052
2049
2043
2036
2035
2035
2041
2049
2054
2059
2062
2065
2066
2067
2068
2068
2068
2068
2065
2061
2050
2037
2020
2003
1994
1988
1990
1995
2000
2004
2006
2009
2015
2023
2032
2043
2050
2056
2056
2054
2047
2039
2030
2022
2015
2008
2003
1998
1998
2001
2012
2026
2037
2048
2049
2048
2045
2041
2041
2041
2037
2033
2024
2014
2005
1997
1994
1991
1994
1999
2010
2022
2033
2045
2054
2062
2066
2069
2067
2063
2057
2049
2044
2039
2036
2035
2035
2035
2038
2043
2051
2060
2070
2080
2087
2093
2095
2095
2094
2093
2089
2084
2075
2066
2058
2051
2049
2048
2048
2049
2053
2057
2061
2065
2065
2062
2059
2056
2059
2063
2065
2068
2063
2056
2048
2040
2036
2032
2032
2033
2035
2036
2031
2023
2012
1999
1995
1995
2007
2024
2038
2050
2053
2053
2054
2055
2060
2065
2065
2064
2053
2039
2022
2005
1996
1989
1995
2005
2023
2044
2062
2080
2087
2091
2079
2062
2041
2017
2004
1995
2001
2012
2027
2044
2056
2067
2073
2077
2072
2065
2052
2036
2025
2015
2017
2022
2036
2052
2064
2075
2072
2064
2044
2020
1999
1978
1973
1973
1985
2002
2024
2048
2066
2082
2084
2083
2072
2059
2048
2038
2034
2031
2033
2037
2045
2054
2063
2072
2072
2068
2056
2040
2027
2014
2014
2019
2041
2067
2092
2117
2120
2115
2091
2062
2041
2023
2028
2041
2066
2094
2114
2132
2141
2147
2151
2154
2158
2163
2168
2172
2175
2176
2175
2172
2168
2163
2158
2154
2150
2145
2134
2121
2099
2074
2050
2025
2011
2001
2000
2003
2004
2004
1999
1994
1986
1978
1966
1954
1940
1925
1911
1897
1886
1877
1873
1870
1877
1886
1901
1918
1933
1947
1957
1965
1972
1979
1986
1994
2001
2008
2013
2017
2019
2021
2025
2029
2036
2044
2053
2064
2072
2079
2085
2090
2096
2102
2104
2104
2098
2091
2086
2081
2074
2066
2052
2035
2022
2011
2012
2017
2023
2029
2034
2038
2046
2056
2065
2074
2078
2081
2084
2087
2086
2084
2077
2068
2062
2058
2057
2057
2053
2049
2050
2051
2059
2068
2074
2078
2077
2075
2073
2072
2068
2064
2059
2055
2058
2062
2065
2069
2069
2068
2067
2066
2066
2066
2066
2065
2066
2067
2069
2072
2071
2068
2063
2057
2053
2049
2049
2049
2049
2050
2051
2051
2054
2057
2061
2066
2068
2069
2068
2066
2066
2066
2063
2059
2053
2045
2043
2042
2046
2052
2054
2055
2054
2053
2058
2065
2073
2081
2083
2083
2075
2066
2053
2040
2028
2016
2009
2004
2002
2001
2000
2000
2003
2007
2018
2031
2045
2058
2068
2076
2078
2078
2074
2069
2061
2052
2043
2035
2028
2021
2019
2018
2024
2032
2041
2049
2050
2049
2044
2038
2035
2033
2034
2035
2035
2035
2034
2034
2035
2038
2042
2046
2049
2052
2052
2051
2050
2049
2049
2050
2049
2048
2044
2040
2037
2034
2034
2034
2034
2034
2035
2038
2043
2048
2052
2056
2056
2055
2054
2054
2055
2057
2056
2055
2053
2050
2051
2052
2054
2056
2053
2048
2040
2032
2031
2031
2035
2041
2045
2048
2050
2052
2056
2060
2062
2065
2066
2066
2067
2067
2061
2053
2039
2022
2009
1997
1996
1998
2003
2008
2011
2014
2019
2025
2036
2048
2058
2067
2070
2070
2065
2060
2055
2051
2047
2043
2034
2025
2018
2011
2016
2024
2037
2050
2054
2055
2051
2046
2044
2043
2041
2039
2034
2028
2027
2027
2030
2034
2038
2041
2044
2047
2049
2050
2049
2046
2045
2044
2042
2041
2033
2024
2014
2005
2001
2000
1998
1996
1995
1994
1997
2002
2009
2017
2024
2032
2043
2055
2067
2078
2080
2079
2072
2064
2056
2048
2038
2028
2019
2011
2010
2010
2015
2021
2026
2031
2037
2042
2049
2057
2065
2074
2083
2091
2094
2097
2087
2074
2052
2027
2012
2000
2004
2012
2026
2042
2054
2066
2076
2087
2094
2099
2097
2092
2082
2070
2061
2053
2047
2041
2032
2022
2013
2005
2006
2010
2019
2031
2038
2045
2050
2054
2060
2067
2069
2069
2064
2056
2049
2042
2038
2035
2036
2037
2040
2043
2042
2041
2037
2032
2028
2025
2022
2019
2017
2014
2017
2021
2026
2032
2035
2037
2038
2038
2040
2042
2047
2053
2061
2069
2073
2074
2069
2061
2057
2054
2056
2060
2061
2061
2058
2054
2053
2052
2054
2057
2061
2066
2071
2075
2068
2059
2039
2016
1997
1980
1979
1984
1999
2016
2030
2043
2053
2061
2067
2072
2067
2058
2037
2013
1997
1983
1985
1992
2000
2009
2015
2019
2028
2039
2047
2055
2049
2039
2026
2013
2012
2015
2028
2044
2054
2063
2062
2058
2052
2047
2049
2054
2063
2072
2079
2085
2090
2095
2099
2103
2102
2100
2102
2105
2116
2129
2140
2151
2154
2154
2161
2169
2184
2201
2208
2211
2201
2188
2178
2170
2167
2164
2155
2143
2126
2108
2090
2073
2058
2045
2035
2027
2017
2006
1986
1964
1938
1912
1894
1879
1873
1870
1871
1874
1878
1882
1886
1891
1899
1907
1917
1928
1937
1946
1953
1958
1964
1970
1976
1983
1988
1992
1997
2002
2007
2012
2015
2016
2018
2020
2026
2034
2042
2051
2056
2059
2059
2059
2061
2065
2069
2073
2076
2077
2078
2079
2082
2086
2087
2088
2087
2085
2083
2080
2077
2074
2072
2071
2072
2073
2077
2081
2082
2082
2078
2074
2072
2070
2070
2071
2074
2077
2078
2079
2079
2078
2078
2079
2084
2090
2096
2102
2104
2104
2097
2089
2076
2061
2044
2027
2017
2010
2011
2015
2017
2020
2021
2022
2030
2039
2053
2068
2076
2083
2081
2076
2068
2060
2056
2052
2051
2050
2047
2044
2042
2041
2045
2051
2057
2063
2063
2060
2054
2047
2045
2044
2045
2047
2048
2049
2049
2048
2046
2045
2045
2045
2047
2050
2053
2057
2060
2063
2064
2064
2060
2056
2051
2044
2038
2031
2028
2025
2027
2030
2034
2038
2042
2046
2050
2054
2057
2059
2059
2058
2058
2058
2058
2058
2058
2058
2058
2058
2056
2053
2046
2038
2034
2032
2036
2042
2047
2051
2054
2058
2063
2069
2072
2075
2074
2072
2068
2064
2053
2040
2024
2007
1999
1995
1998
2002
2002
2001
2004
2008
2017
2029
2036
2043
2046
2047
2051
2055
2054
2051
2040
2027
2014
2002
1995
1988
1985
1983
1988
1996
2004
2013
2014
2011
2007
2003
2008
2016
2025
2035
2038
2038
2035
2030
2026
2023
2021
2020
2021
2023
2029
2037
2044
2052
2054
2054
2053
2050
2047
2043
2040
2036
2034
2033
2035
2039
2045
2053
2061
2070
2080
2091
2100
2108
2115
2120
2123
2124
2119
2111
2098
2083
2071
2060
2053
2047
2041
2034
2030
2026
2027
2028
2029
2029
2030
2031
2039
2049
2058
2066
2063
2058
2050
2041
2039
2039
2042
2046
2046
2046
2042
2038
2036
2034
2037
2042
2047
2051
2046
2037
2020
2001
1991
1983
1991
2003
2019
2036
2047
2055
2060
2064
2068
2072
2073
2073
2070
2066
2059
2050
2038
2026
2018
2011
2014
2021
2028
2035
2035
2034
2032
2031
2027
2023
2014
2004
2002
2003
2012
2024
2024
2021
2014
2006
2010
2018
2028
2038
2040
2040
2045
2052
2059
2067
2062
2053
2045
2038
2039
2042
2042
2041
2047
2056
2073
2093
2095
2092
2079
2062
2061
2066
2079
2095
2104
2112
2120
2129
2133
2135
2122
2105
2092
2081
2089
2103
2116
2128
2129
2126
2128
2131
2144
2161
2169
2174
2157
2132
2101
2068
2052
2043
2049
2061
2068
2073
2070
2064
2054
2043
2028
2012
1995
1978
1967
1959
1957
1957
1960
1964
1965
1965
1962
1959
1955
1951
1946
1939
1929
1918
1912
1908
1915
1925
1940
1956
1967
1978
1986
1994
2000
2006
2011
2015
2017
2019
2021
2024
2027
2031
2035
2040
2046
2051
2055
2059
2060
2061
2062
2062
2063
2065
2069
2073
2078
2082
2086
2090
2089
2086
2082
2077
2076
2077
2082
2088
2092
2095
2099
2103
2111
2120
2124
2126
2119
2108
2093
2076
2059
2042
2029
2017
2013
2011
2010
2010
2008
2007
2014
2024
2042
2062
2074
2084
2087
2087
2088
2089
2088
2086
2079
2071
2062
2054
2051
2049
2053
2059
2065
2072
2071
2067
2059
2049
2044
2040
2040
2040
2038
2034
2032
2031
2033
2036
2037
2038
2042
2046
2053
2061
2065
2066
2063
2059
2058
2058
2059
2060
2055
2048
2043
2039
2041
2045
2051
2057
2060
2061
2060
2059
2057
2054
2055
2057
2061
2065
2066
2067
2069
2071
2075
2079
2077
2074
2069
2062
2059
2056
2048
2039
2025
2009
2004
2002
2007
2015
2017
2017
2018
2020
2030
2042
2050
2058
2058
2057
2057
2057
2056
2055
2048
2039
2030
2022
2015
2009
2008
2008
2016
2025
2033
2040
2038
2034
2034
2035
2042
2050
2052
2052
2048
2044
2045
2049
2053
2057
2057
2057
2058
2060
2062
2064
2061
2057
2053
2049
2047
2045
2041
2036
2031
2027
2027
2030
2035
2042
2049
2056
2059
2060
2059
2057
2058
2059
2064
2070
2073
2075
2073
2070
2069
2069
2069
2069
2066
2063
2059
2054
2045
2034
2022
2010
2004
2000
2003
2007
2012
2017
2021
2025
2029
2033
2039
2046
2054
2062
2066
2067
2061
2053
2044
2036
2030
2025
2021
2017
2020
2024
2035
2047
2052
2055
2049
2041
2039
2038
2040
2043
2041
2037
2034
2030
2033
2037
2040
2044
2046
2049
2053
2057
2058
2058
2055
2050
2046
2043
2041
2038
2034
2029
2024
2020
2022
2025
2031
2038
2044
2049
2049
2048
2042
2034
2032
2031
2037
2046
2051
2055
2050
2043
2037
2031
2030
2030
2031
2032
2029
2025
2017
2008
1998
1988
1984
1981
1985
1990
1996
2003
2008
2013
2018
2022
2024
2026
2027
2027
2028
2031
2033
2036
2035
2032
2030
2028
2032
2038
2048
2059
2068
2077
2084
2089
2092
2094
2090
2085
2075
2064
2054
2045
2041
2040
2044
2051
2060
2070
2076
2081
2078
2073
2065
2057
2059
2063
2069
2076
2070
2061
2047
2032
2031
2035
2047
2063
2070
2074
2069
2061
2056
2052
2055
2059
2065
2072
2072
2069
2057
2043
2035
2029
2038
2051
2060
2067
2053
2032
2005
1976
1968
1965
1983
2008
2031
2055
2062
2064
2060
2053
2053
2055
2056
2056
2045
2032
2018
2004
1998
1994
1998
2003
2013
2025
2030
2034
2025
2013
2009
2008
2024
2046
2060
2071
2061
2044
2033
2023
2028
2037
2046
2055
2055
2052
2046
2039
2034
2029
2028
2028
2027
2025
2017
2008
2004
2002
2012
2025
2037
2049
2049
2046
2041
2034
2034
2036
2051
2069
2094
2121
2135
2145
2139
2127
2117
2107
2101
2097
2084
2068
2049
2028
2017
2008
2004
2003
2002
2002
2003
2005
2006
2006
2005
2004
2006
2010
2016
2023
2030
2037
2045
2053
2055
2055
2045
2032
2030
2031
2049
2072
2083
2091
2084
2072
2073
2077
2094
2115
2132
2149
2167
2185
2205
2226
2234
2238
2235
2231
2231
2231
2223
2212
2192
2170
2151
2134
2120
2107
2088
2067
2044
2020
2002
1985
1972
1960
1951
1943
1936
1928
1915
1901
1888
1876
1878
1885
1902
1923
1940
1955
1959
1959
1954
1946
1940
1933
1930
1928
1931
1935
1941
1948
1955
1963
1972
1982
1996
2010
2023
2035
2042
2046
2049
2052
2056
2061
2064
2067
2066
2064
2063
2063
2064
2065
2064
2061
2057
2053
2054
2056
2058
2060
2058
2054
2054
2055
2062
2071
2077
2082
2081
2078
2076
2073
2075
2078
2083
2088
2093
2097
2098
2098
2096
2093
2090
2087
2084
2080
2078
2077
2076
2075
2071
2067
2063
2059
2060
2061
2065
2069
2072
2075
2077
2080
2084
2088
2093
2098
2100
2100
2094
2086
2071
2054
2037
2020
2013
2009
2010
2013
2014
2015
2017
2020
2028
2037
2049
2061
2069
2077
2080
2082
2079
2075
2066
2055
2046
2038
2035
2035
2037
2041
2044
2048
2049
2049
2046
2042
2038
2033
2033
2034
2038
2042
2042
2042
2041
2040
2042
2045
2047
2050
2051
2052
2056
2060
2063
2065
2062
2058
2055
2053
2052
2051
2046
2041
2037
2033
2036
2040
2043
2046
2044
2041
2041
2041
2045
2052
2058
2063
2067
2070
2072
2075
2076
2077
2076
2075
2070
2064
2053
2041
2025
2008
1994
1981
1974
1970
1973
1978
1983
1987
1989
1989
1992
1996
2004
2012
2015
2015
2010
2003
1998
1994
1989
1985
1982
1980
1988
2000
2017
2036
2045
2052
2048
2040
2031
2022
2014
2007
2004
2002
2004
2007
2011
2015
2022
2030
2043
2058
2069
2079
2082
2083
2087
2091
2099
2107
2110
2110
2107
2103
2102
2102
2098
2094
2089
2082
2082
2084
2088
2092
2089
2084
2077
2069
2068
2068
2075
2084
2092
2100
2100
2098
2091
2082
2077
2073
2076
2080
2075
2068
2051
2030
2013
1999
1996
1997
2002
2009
2016
2024
2028
2031
2027
2022
2017
2013
2013
2014
2005
1992
1976
1959
1961
1969
1985
2003
2008
2008
2010
2013
2026
2043
2050
2054
2048
2039
2037
2038
2045
2054
2054
2051
2045
2037
2036
2036
2041
2047
2050
2051
2045
2037
2031
2026
2034
2046
2058
2071
2070
2065
2052
2037
2027
2019
2017
2016
2017
2018
2022
2027
2034
2041
2047
2052
2056
2059
2064
2069
2078
2088
2088
2084
2058
2025
1992
1960
1960
1971
1999
2032
2051
2064
2062
2055
2048
2041
2037
2034
2035
2037
2041
2045
2045
2042
2041
2041
2055
2073
2096
2120
2137
2151
2161
2169
2172
2175
2175
2174
2180
2188
2199
2211
2210
2206
2200
2194
2197
2204
2206
2206
2193
2176
2156
2135
2110
2085
2056
2026
2002
1980
1962
1945
1925
1904
1890
1878
1874
1872
1868
1864
1863
1864
1874
1886
1898
1911
1927
1944
1967
1992
2008
2021
2020
2013
2005
1997
1987
1978
1966
1954
1952
1952
1960
1969
1973
1975
1980
1985
2000
2017
2030
2042
2046
2048
2053
2058
2065
2073
2076
2077
2077
2077
2076
2076
2076
2076
2077
2077
2076
2075
2071
2067
2065
2063
2062
2061
2061
2061
2062
2064
2064
2064
2062
2061
2066
2073
2083
2094
2099
2102
2101
2100
2099
2099
2095
2091
2086
2082
2081
2081
2077
2072
2064
2056
2055
2055
2057
2060
2059
2057
2058
2060
2067
2075
2081
2087
2092
2096
2099
2101
2098
2094
2085
2075
2061
2045
2029
2013
2006
2002
2006
2011
2016
2021
2029
2037
2048
2060
2070
2078
2080
2080
2077
2073
2066
2058
2051
2043
2039
2035
2033
2032
2034
2038
2043
2050
2050
2047
2041
2033
2032
2033
2036
2039
2037
2034
2034
2035
2041
2048
2051
2052
2050
2047
2048
2049
2055
2062
2066
2069
2066
2062
2056
2050
2046
2043
2041
2039
2037
2035
2035
2035
2035
2036
2037
2037
2041
2046
2055
2064
2071
2076
2078
2079
2080
2080
2079
2078
2073
2066
2057
2047
2033
2019
2004
1989
1983
1979
1983
1990
1993
1996
1997
1997
2004
2013
2026
2039
2042
2042
2033
2021
2010
1999
1989
1980
1971
1963
1965
1970
1986
2004
2021
2038
2047
2053
2053
2051
2044
2036
2025
2013
2002
1993
1992
1995
2002
2011
2020
2028
2032
2036
2040
2045
2056
2068
2082
2096
2102
2105
2100
2092
2084
2076
2072
2069
2073
2078
2089
2102
2111
2119
2122
2124
2123
2121
2112
2101
2087
2072
2063
2055
2050
2046
2046
2048
2059
2072
2072
2068
2038
2000
1971
1945
1946
1957
1972
1988
1999
2010
2023
2037
2044
2048
2049
2050
2058
2069
2068
2064
2049
2029
2026
2027
2037
2049
2045
2035
2025
2014
2018
2027
2033
2037
2035
2032
2038
2046
2052
2056
2050
2040
2031
2023
2019
2016
2014
2013
2022
2034
2050
2067
2068
2064
2054
2042
2044
2049
2053
2057
2051
2043
2039
2038
2035
2032
2022
2010
2013
2021
2043
2068
2073
2071
2061
2048
2056
2072
2083
2093
2077
2053
2029
2005
1994
1986
1986
1988
2004
2025
2046
2068
2072
2071
2071
2071
2084
2101
2109
2113
2108
2101
2109
2121
2139
2157
2165
2170
2172
2173
2174
2175
2176
2176
2183
2191
2195
2199
2190
2178
2163
2147
2135
2124
2111
2097
2080
2062
2038
2012
1979
1944
1917
1893
1884
1880
1875
1870
1864
1859
1863
1871
1882
1894
1901
1906
1910
1914
1920
1927
1937
1948
1959
1970
1977
1983
1992
2002
2019
2037
2050
2061
2059
2054
2044
2033
2023
2014
2005
1997
1995
1996
2001
2008
2012
2016
2023
2031
2047
2067
2083
2098
2103
2104
2103
2100
2098
2097
2092
2087
2081
2075
2072
2071
2070
2070
2067
2064
2059
2053
2047
2042
2039
2036
2037
2039
2046
2054
2064
2075
2082
2087
2087
2086
2086
2086
2089
2094
2099
2103
2103
2102
2098
2093
2087
2082
2077
2072
2068
2064
2060
2055
2049
2042
2040
2040
2044
2051
2054
2057
2058
2059
2066
2074
2084
2095
2099
2100
2098
2095
2088
2080
2066
2049
2033
2019
2014
2012
2013
2014
2014
2013
2017
2023
2034
2047
2058
2068
2072
2073
2070
2066
2060
2054
2047
2040
2033
2025
2022
2019
2021
2025
2027
2028
2024
2017
2010
2002
1999
1997
1995
1992
1988
1984
1984
1984
1987
1992
1996
2000
2004
2009
2019
2030
2041
2052
2059
2065
2069
2072
2069
2065
2057
2047
2040
2034
2032
2032
2031
2030
2030
2030
2030
2031
2032
2032
2038
2046
2061
2078
2086
2093
2095
2095
2100
2106
2109
2111
2110
2107
2106
2106
2093
2076
2046
2012
1992
1976
1983
1997
2012
2028
2042
2056
2074
2092
2098
2100
2091
2078
2069
2062
2057
2053
2044
2035
2033
2033
2040
2048
2052
2053
2056
2060
2065
2072
2069
2063
2052
2039
2036
2036
2040
2044
2041
2034
2025
2015
2009
2004
2007
2012
2024
2037
2043
2046
2035
2020
2009
1999
2001
2006
2014
2023
2034
2045
2057
2069
2070
2067
2056
2043
2036
2032
2036
2042
2050
2059
2066
2072
2066
2055
2039
2021
2018
2019
2027
2036
2035
2031
2021
2010
2000
1990
1978
1966
1964
1964
1974
1987
1995
2001
2002
2001
2001
2002
2003
2004
2010
2017
2031
2048
2056
2063
2063
2061
2068
2079
2092
2105
2109
2109
2114
2119
2135
2155
2169
2182
2186
2186
2187
2189
2199
2211
2224
2238
2245
2249
2240
2228
2212
2195
2185
2178
2170
2162
2139
2111
2075
2036
2005
1977
1961
1948
1938
1930
1919
1907
1896
1884
1877
1870
1871
1875
1882
1890
1897
1902
1907
1911
1921
1933
1948
1965
1978
1989
1994
1998
1996
1992
1983
1972
1963
1955
1959
1967
1978
1991
1999
2004
2012
2020
2035
2052
2066
2078
2082
2085
2086
2086
2084
2080
2072
2063
2056
2051
2053
2057
2061
2065
2066
2065
2061
2057
2056
2056
2056
2057
2056
2054
2052
2050
2054
2060
2068
2076
2080
2083
2083
2082
2085
2089
2094
2099
2100
2100
2097
2093
2088
2082
2073
2063
2055
2048
2048
2050
2055
2060
2065
2069
2072
2076
2075
2074
2069
2064
2061
2060
2063
2068
2072
2075
2076
2077
2079
2081
2082
2082
2081
2079
2075
2070
2059
2047
2032
2017
2010
2005
2007
2011
2012
2012
2014
2017
2028
2042
2056
2070
2076
2079
2077
2073
2068
2063
2056
2048
2042
2035
2032
2031
2033
2037
2042
2048
2051
2052
2049
2045
2041
2037
2037
2037
2038
2038
2037
2037
2038
2041
2045
2049
2050
2050
2047
2044
2045
2048
2052
2057
2058
2058
2053
2048
2043
2039
2035
2031
2028
2025
2026
2029
2034
2039
2043
2047
2051
2055
2058
2062
2062
2061
2060
2059
2060
2062
2061
2060
2054
2047
2041
2034
2029
2025
2027
2031
2039
2050
2057
2064
2066
2066
2069
2073
2076
2079
2074
2066
2055
2043
2032
2021
2011
2002
1996
1992
1995
1999
2004
2009
2015
2022
2033
2046
2056
2065
2065
2061
2054
2046
2038
2030
2020
2009
1999
1989
1987
1988
1995
2003
2006
2008
2004
1998
1994
1990
1994
2001
2010
2021
2028
2033
2033
2030
2026
2021
2018
2017
2019
2022
2026
2030
2035
2039
2041
2042
2041
2039
2035
2031
2027
2024
2024
2024
2026
2029
2035
2042
2054
2067
2080
2092
2099
2103
2106
2108
2113
2118
2123
2128
2129
2129
2127
2124
2120
2116
2105
2093
2078
2061
2047
2035
2028
2022
2017
2013
2012
2012
2016
2023
2034
2046
2057
2067
2070
2070
2062
2051
2037
2021
2010
2001
2002
2007
2018
2030
2035
2038
2035
2030
2029
2030
2031
2031
2025
2017
2015
2015
2022
2032
2031
2027
2015
1999
2000
2005
2029
2058
2076
2092
2088
2079
2070
2062
2061
2061
2052
2041
2026
2009
2007
2010
2018
2029
2029
2025
2020
2014
2018
2025
2032
2040
2043
2046
2048
2050
2048
2044
2038
2031
2030
2031
2036
2041
2044
2047
2045
2041
2034
2025
2018
2011
2011
2014
2015
2016
2016
2015
2024
2037
2060
2086
2103
2117
2119
2117
2116
2116
2122
2130
2133
2134
2121
2103
2082
2060
2053
2052
2065
2082
2103
2124
2145
2165
2182
2199
2212
2224
2230
2235
2229
2220
2201
2179
2159
2140
2124
2110
2091
2071
2051
2031
2015
2001
1982
1961
1937
1913
1897
1884
1876
1871
1865
1859
1855
1852
1856
1862
1874
1887
1901
1915
1925
1933
1939
1943
1949
1957
1966
1977
1986
1994
1997
2000
2001
2001
2005
2010
2021
2034
2045
2054
2057
2057
2058
2058
2061
2065
2071
2076
2081
2085
2089
2093
2097
2102
2109
2116
2121
2125
2123
2119
2111
2102
2087
2070
2054
2037
2028
2021
2020
2021
2022
2022
2025
2028
2036
2047
2060
2074
2084
2093
2096
2096
2091
2085
2080
2076
2071
2067
2063
2059
2060
2061
2066
2072
2074
2074
2069
2064
2059
2054
2049
2045
2045
2045
2049
2055
2060
2064
2064
2063
2062
2061
2060
2060
2061
2063
2066
2069
2069
2068
2064
2060
2058
2057
2054
2050
2045
2039
2038
2039
2043
2048
2050
2051
2053
2055
2060
2065
2067
2067
2065
2063
2065
2068
2069
2069
2063
2056
2050
2045
2041
2038
2035
2031
2033
2037
2044
2052
2058
2064
2068
2072
2075
2079
2077
2073
2064
2052
2039
2026
2015
2005
2000
1996
1999
2003
2009
2015
2022
2029
2038
2048
2057
2065
2069
2071
2070
2067
2062
2057
2049
2040
2031
2023
2022
2022
2029
2037
2044
2051
2052
2052
2047
2040
2036
2033
2034
2035
2035
2035
2033
2030
2031
2034
2038
2042
2044
2044
2044
2044
2048
2052
2054
2054
2050
2044
2037
2029
2022
2014
2007
2000
1996
1993
1994
1995
2000
2005
2013
2021
2028
2033
2036
2037
2039
2042
2043
2043
2039
2032
2026
2020
2020
2021
2023
2025
2026
2026
2026
2027
2027
2027
2027
2027
2032
2039
2047
2055
2057
2057
2057
2056
2057
2058
2061
2065
2072
2080
2086
2091
2090
2086
2084
2082
2085
2089
2090
2090
2088
2086
2084
2083
2079
2074
2067
2060
2054
2047
2033
2016
2000
1983
1984
1991
2008
2029
2042
2054
2061
2068
2073
2078
2079
2079
2076
2072
2067
2061
2051
2040
2032
2024
2021
2019
2017
2016
2019
2023
2031
2042
2047
2050
2046
2040
2034
2028
2022
2016
2012
2008
2011
2016
2022
2027
2030
2032
2036
2041
2044
2046
2038
2027
2016
2005
2007
2014
2022
2030
2030
2026
2022
2018
2020
2025
2030
2035
2040
2044
2054
2066
2072
2076
2069
2058
2054
2052
2062
2075
2080
2083
2075
2063
2053
2044
2035
2026
2016
2007
2006
2009
2019
2031
2041
2050
2057
2062
2066
2069
2065
2059
2048
2035
2024
2015
2014
2015
2019
2023
2023
2022
2023
2026
2030
2034
2028
2020
2012
2003
2007
2015
2026
2038
2048
2057
2073
2090
2102
2112
2104
2091
2077
2063
2054
2047
2037
2025
2019
2015
2020
2028
2031
2034
2035
2036
2042
2049
2050
2050
2049
2048
2057
2070
2079
2086
2087
2086
2102
2124
2152
2182
2190
2190
2178
2163
2157
2154
2153
2153
2149
2145
2145
2145
2142
2138
2130
2120
2112
2105
2099
2092
2080
2066
2055
2045
2041
2040
2033
2025
2010
1993
1981
1971
1968
1968
1965
1962
1955
1947
1939
1931
1924
1918
1915
1912
1913
1915
1920
1926
1934
1943
1955
1967
1982
1998
2017
2038
2052
2064
2064
2060
2050
2037
2024
2012
2003
1996
1996
1997
2002
2009
2015
2021
2029
2038
2050
2062
2072
2080
2079
2075
2068
2060
2055
2051
2052
2054
2055
2055
2054
2052
2054
2058
2064
2072
2075
2077
2075
2072
2070
2069
2068
2067
2064
2061
2060
2059
2061
2064
2067
2070
2072
2073
2075
2078
2082
2086
2088
2089
2086
2082
2078
2073
2068
2064
2058
2053
2050
2049
2053
2058
2061
2063
2061
2058
2060
2064
2071
2079
2082
2082
2077
2070
2065
2061
2058
2056
2054
2051
2051
2051
2056
2061
2069
2077
2081
2084
2083
2081
2077
2072
2063
2053
2038
2022
2011
2001
1999
2000
2004
2009
2014
2018
2023
2030
2039
2050
2061
2072
2077
2081
2075
2067
2058
2048
2043
2039
2035
2030
2027
2025
2032
2043
2053
2062
2061
2056
2048
2040
2036
2034
2034
2034
2034
2035
2038
2042
2044
2046
2047
2047
2048
2048
2048
2048
2051
2055
2058
2061
2060
2057
2053
2048
2043
2039
2035
2031
2029
2028
2032
2038
2043
2047
2050
2053
2058
2064
2068
2071
2069
2065
2061
2057
2052
2045
2036
2027
2024
2024
2029
2036
2038
2038
2037
2036
2040
2045
2048
2050
2046
2040
2034
2028
2018
2006
1989
1970
1959
1950
1951
1956
1962
1967
1975
1984
2001
2021
2038
2055
2061
2064
2059
2052
2043
2033
2023
2014
2008
2003
1999
1995
1995
1996
2010
2027
2050
2074
2085
2093
2087
2078
2068
2057
2052
2048
2051
2055
2061
2068
2073
2077
2079
2082
2086
2091
2093
2094
2090
2085
2079
2072
2064
2056
2048
2039
2032
2027
2024
2023
2023
2024
2028
2032
2041
2050
2059
2068
2072
2073
2068
2060
2055
2051
2055
2061
2065
2069
2066
2062
2058
2054
2049
2043
2032
2020
2016
2013
2021
2033
2045
2057
2067
2076
2077
2074
2056
2033
2006
1978
1967
1960
1969
1984
2007
2033
2056
2077
2084
2086
2080
2072
2066
2060
2049
2037
2030
2023
2031
2043
2052
2059
2056
2049
2053
2060
2063
2064
2041
2010
1989
1972
1983
2003
2013
2020
2011
1998
1999
2006
2021
2039
2047
2051
2055
2058
2057
2055
2043
2028
2025
2025
2036
2051
2049
2041
2024
2004
2000
2000
2008
2018
2025
2031
2042
2055
2065
2073
2069
2061
2060
2060
2071
2086
2088
2085
2069
2049
2041
2037
2037
2038
2030
2018
2017
2020
2037
2058
2059
2053
2031
2003
2002
2009
2033
2063
2077
2086
2094
2101
2121
2146
2160
2171
2162
2146
2137
2129
2142
2160
2188
2218
2239
2257
2258
2254
2247
2238
2229
2221
2201
2176
2144
2111
2089
2070
2050
2029
1999
1966
1945
1928
1925
1928
1927
1925
1920
1914
1913
1913
1909
1905
1898
1889
1885
1883
1883
1884
1883
1882
1886
1893
1908
1925
1943
1961
1974
1985
1994
2002
2009
2016
2021
2025
2029
2032
2040
2049
2062
2076
2084
2091
2092
2091
2089
2086
2079
2071
2057
2042
2032
2024
2023
2023
2023
2023
2024
2027
2038
2051
2065
2080
2087
2092
2094
2094
2093
2092
2089
2085
2081
2077
2072
2065
2059
2054
2056
2061
2071
2083
2086
2086
2077
2066
2060
2056
2057
2060
2063
2066
2067
2067
2068
2068
2071
2074
2078
2082
2083
2084
2083
2082
2082
2082
2081
2081
2074
2066
2059
2051
2050
2050
2050
2051
2050
2049
2050
2052
2058
2066
2070
2074
2073
2072
2070
2069
2067
2064
2062
2060
2059
2058
2056
2054
2053
2052
2057
2064
2071
2079
2078
2075
2070
2064
2060
2056
2048
2037
2024
2010
2004
2000
2001
2002
2004
2006
2014
2023
2035
2048
2057
2064
2066
2067
2065
2062
2058
2053
2048
2044
2039
2034
2028
2022
2024
2029
2041
2054
2059
2062
2054
2043
2036
2031
2033
2037
2040
2043
2042
2039
2039
2039
2041
2044
2047
2050
2052
2055
2055
2055
2052
2049
2049
2050
2052
2053
2047
2039
2030
2021
2019
2019
2023
2028
2032
2035
2040
2046
2054
2062
2066
2069
2068
2066
2062
2057
2051
2046
2043
2042
2038
2033
2022
2010
2003
1999
2002
2009
2013
2016
2018
2019
2023
2028
2030
2030
2027
2023
2026
2030
2031
2031
2021
2009
1998
1987
1982
1979
1976
1973
1975
1978
1990
2006
2021
2036
2044
2049
2051
2052
2051
2050
2045
2040
2037
2036
2040
2045
2052
2059
2067
2076
2085
2093
2094
2093
2088
2083
2077
2071
2063
2054
2048
2044
2044
2046
2045
2043
2046
2050
2061
2076
2081
2084
2076
2065
2059
2054
2049
2045
2040
2036
2044
2056
2061
2064
2048
2027
2013
2002
2007
2018
2030
2042
2057
2073
2089
2106
2108
2107
2100
2091
2084
2078
2068
2056
2049
2044
2047
2053
2050
2045
2032
2017
2013
2013
2020
2029
2028
2024
2004
1980
1960
1942
1948
1961
1984
2009
2019
2023
2024
2024
2029
2034
2026
2014
2007
2000
2014
2035
2040
2040
2025
2005
2011
2025
2046
2068
2059
2040
2018
1995
1997
2007
2021
2037
2043
2047
2046
2043
2039
2035
2036
2037
2040
2044
2041
2036
2033
2030
2031
2033
2030
2025
2023
2022
2033
2049
2065
2081
2093
2104
2114
2123
2125
2124
2119
2114
2117
2123
2132
2142
2149
2156
2165
2176
2187
2198
2202
2204
2204
2204
2205
2206
2201
2194
2182
2168
2160
2155
2161
2172
2186
2202
2207
2209
2194
2174
2143
2108
2067
2025
1983
1941
1906
1874
1855
1840
1841
1846
1863
1883
1898
1911
1911
1907
1896
1884
1874
1866
1861
1857
1857
1858
1862
1867
1873
1878
1887
1898
1916
1936
1955
1974
1986
1996
2005
2014
2023
2031
2035
2037
2037
2037
2038
2040
2043
2047
2051
2055
2060
2065
2069
2073
2077
2081
2088
2097
2106
2114
2118
2121
2122
2122
2124
2125
2124
2122
2117
2111
2103
2095
2084
2071
2056
2041
2034
2030
2033
2040
2044
2048
2049
2049
2055
2063
2074
2086
2093
2097
2094
2089
2082
2075
2070
2065
2062
2061
2059
2058
2058
2058
2065
2074
2083
2091
2085
2076
2064
2052
2052
2056
2059
2062
2058
2051
2048
2047
2051
2056
2058
2058
2058
2058
2061
2066
2071
2075
2077
2077
2076
2073
2068
2061
2054
2046
2041
2037
2036
2036
2040
2045
2049
2053
2054
2054
2055
2056
2058
2061
2061
2060
2058
2056
2055
2055
2054
2054
2053
2052
2052
2052
2051
2050
2048
2045
2045
2046
2048
2049
2049
2048
2047
2047
2047
2047
2048
2048
2048
2048
2048
2049
2049
2048
2043
2038
2034
2031
2034
2038
2043
2047
2048
2048
2049
2052
2060
2071
2079
2086
2083
2076
2063
2047
2031
2014
2004
1996
1996
1998
2002
2006
2010
2013
2020
2028
2038
2049
2057
2064
2066
2066
2063
2058
2049
2039
2029
2018
2009
2001
1996
1993
1998
2005
2013
2021
2021
2020
2015
2009
2003
1997
1991
1984
1982
1981
1985
1990
1995
2000
2006
2013
2023
2034
2040
2045
2043
2039
2034
2030
2029
2028
2025
2022
2018
2014
2012
2011
2016
2023
2034
2047
2058
2069
2076
2081
2087
2094
2099
2103
2101
2097
2091
2085
2084
2084
2084
2083
2077
2070
2067
2065
2069
2074
2079
2083
2085
2085
2080
2073
2063
2051
2044
2039
2043
2050
2055
2059
2055
2050
2047
2045
2048
2052
2053
2053
2051
2047
2046
2045
2048
2053
2057
2061
2053
2042
2024
2003
1994
1988
1994
2005
2013
2021
2026
2030
2042
2056
2068
2080
2077
2069
2055
2038
2027
2018
2014
2013
2014
2017
2023
2030
2035
2039
2036
2032
2029
2027
2028
2031
2025
2017
2006
1994
1995
2001
2015
2032
2043
2051
2055
2059
2063
2067
2064
2059
2054
2049
2046
2044
2033
2020
2006
1992
1994
2001
2010
2021
2022
2021
2021
2021
2023
2027
2029
2032
2042
2054
2067
2080
2083
2083
2079
2074
2069
2065
2056
2047
2046
2048
2059
2074
2073
2067
2052
2035
2038
2047
2062
2079
2079
2074
2070
2067
2081
2099
2111
2121
2116
2107
2100
2093
2099
2108
2121
2136
2150
2163
2176
2188
2196
2201
2199
2194
2189
2184
2183
2183
2179
2173
2156
2135
2106
2075
2042
2009
1982
1957
1944
1936
1934
1933
1927
1919
1915
1911
1916
1924
1927
1929
1923
1915
1912
1910
1913
1918
1921
1922
1922
1921
1924
1929
1938
1949
1960
1971
1980
1989
1995
1999
2000
2001
2005
2009
2015
2022
2026
2029
2033
2037
2046
2057
2067
2076
2081
2085
2090
2097
2106
2117
2122
2126
2122
2117
2111
2104
2096
2088
2076
2062
2047
2032
2025
2020
2021
2024
2028
2032
2037
2042
2051
2060
2072
2084
2092
2097
2097
2094
2090
2086
2080
2074
2066
2058
2054
2050
2053
2057
2063
2070
2074
2077
2074
2070
2064
2056
2054
2053
2056
2060
2062
2062
2060
2056
2057
2060
2063
2067
2067
2066
2066
2066
2069
2073
2073
2073
2070
2067
2065
2063
2060
2057
2052
2047
2043
2040
2042
2045
2050
2057
2063
2068
2070
2070
2068
2065
2064
2063
2063
2063
2061
2057
2052
2046
2042
2038
2039
2040
2046
2053
2059
2066
2069
2072
2073
2073
2072
2071
2063
2054
2039
2023
2013
2005
2004
2004
2004
2003
2003
2003
2011
2021
2032
2043
2051
2058
2064
2069
2071
2071
2064
2056
2046
2037
2030
2024
2022
2021
2026
2034
2043
2052
2053
2052
2046
2038
2037
2037
2039
2042
2041
2040
2037
2034
2035
2037
2040
2043
2046
2049
2050
2051
2051
2050
2049
2049
2049
2050
2049
2047
2043
2038
2033
2029
2027
2026
2027
2029
2034
2039
2046
2054
2059
2063
2064
2064
2064
2064
2063
2062
2060
2058
2057
2056
2052
2047
2039
2031
2028
2026
2030
2035
2039
2043
2046
2050
2057
2066
2073
2080
2078
2073
2065
2056
2046
2035
2023
2011
2003
1996
1998
2002
2005
2009
2011
2014
2022
2033
2045
2057
2063
2066
2064
2060
2056
2052
2047
2042
2035
2028
2023
2019
2019
2019
2025
2032
2040
2049
2054
2058
2055
2051
2047
2043
2039
2036
2034
2033
2033
2034
2038
2042
2044
2047
2049
2052
2056
2060
2064
2067
2065
2061
2055
2048
2041
2034
2029
2024
2021
2020
2022
2025
2030
2036
2042
2048
2053
2057
2060
2063
2063
2063
2060
2056
2052
2048
2045
2041
2039
2037
2037
2037
2037
2037
2038
2038
2039
2041
2044
2047
2048
2049
2050
2050
2050
2050
2050
2050
2048
2047
2046
2046
2046
2047
2049
2050
2053
2057
2058
2058
2054
2049
2045
2041
2044
2049
2055
2061
2063
2064
2064
2064
2064
2065
2066
2066
2061
2056
2044
2030
2015
1999
1991
1986
1989
1994
2002
2011
2020
2028
2034
2039
2044
2049
2054
2059
2061
2062
2058
2052
2045
2037
2030
2022
2016
2011
2013
2017
2028
2040
2050
2058
2062
2063
2061
2058
2052
2044
2038
2031
2030
2030
2031
2033
2036
2039
2044
2051
2058
2065
2068
2069
2067
2063
2057
2050
2042
2034
2029
2025
2023
2020
2016
2012
2014
2017
2027
2040
2052
2063
2067
2068
2067
2065
2064
2064
2061
2057
2052
2045
2041
2038
2038
2038
2037
2035
2032
2029
2027
2024
2021
2018
2017
2016
2020
2025
2034
2044
2050
2054
2052
2047
2040
2032
2030
2029
2033
2039
2048
2058
2069
2081
2088
2093
2092
2089
2087
2084
2085
2086
2083
2079
2073
2067
2069
2073
2084
2096
2104
2111
2107
2100
2081
2058
2038
2020
2022
2030
2048
2068
2078
2086
2086
2085
2082
2079
2074
2068
2064
2060
2059
2059
2051
2042
2031
2020
2016
2015
2014
2014
2009
2002
1999
1996
1995
1994
1991
1988
1991
1995
2003
2014
2020
2024
2026
2027
2031
2035
2039
2042
2040
2037
2032
2027
2021
2014
2010
2007
2008
2009
2009
2009
2006
2003
2003
2004
2009
2016
2023
2030
2036
2042
2048
2054
2060
2066
2071
2075
2075
2075
2072
2068
2066
2063
2061
2060
2058
2055
2053
2050
2049
2048
2046
2044
2040
2036
2036
2037
2043
2051
2055
2059
2059
2058
2060
2064
2069
2074
2076
2077
2076
2073
2068
2062
2056
2050
2050
2053
2058
2063
2064
2063
2063
2063
2069
2077
2084
2089
2086
2081
2071
2060
2045
2028
2012
1996
1992
1991
1998
2007
2014
2021
2026
2030
2038
2046
2052
2057
2058
2057
2053
2049
2044
2040
2037
2033
2029
2025
2022
2018
2019
2020
2025
2031
2036
2041
2045
2048
2047
2046
2040
2033
2025
2017
2014
2012
2014
2018
2025
2033
2043
2055
2068
2082
2092
2100
2099
2095
2082
2067
2053
2039
2030
2023
2019
2015
2016
2018
2023
2030
2037
2045
2052
2059
2064
2069
2071
2071
2069
2068
2066
2064
2058
2050
2042
2033
2029
2028
2029
2030
2029
2026
2026
2027
2034
2042
2049
2057
2059
2059
2053
2046
2038
2030
2027
2025
2029
2036
2044
2053
2060
2067
2068
2068
2065
2062
2066
2073
2083
2094
2095
2092
2084
2073
2069
2068
2069
2072
2069
2064
2053
2040
2024
2007
1997
1989
1997
2009
2024
2041
2049
2054
2057
2058
2063
2068
2071
2072
2072
2071
2071
2071
2071
2071
2072
2075
2080
2085
2088
2090
2090
2090
2090
2090
2086
2081
2073
2065
2059
2055
2051
2047
2043
2038
2033
2029
2024
2018
2014
2010
2011
2012
2011
2008
2002
1994
1992
1992
1994
1998
1997
1994
1991
1988
1986
1985
1984
1984
1986
1990
1994
1999
2002
2004
2009
2014
2023
2034
2041
2047
2050
2052
2054
2056
2055
2053
2052
2051
2054
2059
2061
2062
2058
2053
2052
2052
2058
2066
2070
2073
2072
2069
2067
2064
2062
2060
2057
2053
2049
2045
2043
2042
2042
2043
2046
2049
2055
2062
2071
2082
2091
2099
2101
2101
2093
2082
2065
2047
2030
2013
2008
2006
2009
2014
2016
2017
2021
2025
2034
2045
2052
2058
2059
2059
2059
2059
2057
2055
2051
2047
2044
2042
2039
2036
2032
2028
2030
2034
2043
2054
2059
2062
2060
2056
2054
2053
2053
2053
2052
2050
2048
2046
2047
2048
2052
2056
2058
2060
2061
2061
2062
2063
2062
2059
2052
2044
2038
2032
2031
2031
2030
2030
2028
2026
2027
2030
2035
2042
2049
2057
2063
2069
2070
2069
2064
2058
2055
2054
2054
2054
2051
2047
2044
2040
2039
2039
2039
2040
2044
2048
2052
2055
2054
2051
2051
2051
2054
2058
2060
2061
2059
2056
2052
2048
2042
2036
2034
2033
2039
2048
2055
2060
2060
2059
2061
2065
2070
2075
2076
2075
2069
2061
2046
2029
2009
1988
1982
1980
1989
2002
2010
2017
2022
2026
2037
2049
2055
2060
2058
2053
2051
2051
2051
2051
2044
2036
2029
2021
2018
2017
2018
2019
2024
2029
2037
2046
2053
2059
2061
2062
2061
2058
2052
2044
2036
2028
2027
2027
2030
2034
2039
2044
2049
2053
2054
2054
2050
2046
2044
2043
2041
2039
2033
2025
2017
2009
2009
2012
2018
2026
2031
2035
2039
2042
2047
2053
2061
2069
2076
2083
2085
2086
2079
2070
2059
2047
2044
2043
2045
2048
2044
2039
2033
2027
2027
2028
2031
2034
2037
2041
2047
2055
2060
2064
2063
2060
2056
2052
2047
2042
2040
2040
2046
2054
2063
2071
2073
2073
2075
2077
2082
2087
2087
2086
2078
2067
2050
2031
2012
1994
1988
1986
1998
2014
2027
2039
2046
2050
2053
2057
2058
2059
2057
2054
2052
2049
2044
2039
2030
2021
2015
2011
2010
2010
2009
2008
2012
2017
2025
2034
2038
2041
2041
2040
2041
2043
2043
2043
2043
2043
2053
2065
2078
2092
2096
2097
2092
2085
2082
2079
2078
2077
2075
2072
2072
2072
2075
2079
2081
2083
2084
2084
2086
2088
2090
2092
2093
2093
2094
2094
2092
2091
2085
2077
2069
2060
2053
2048
2039
2030
2017
2002
1991
1982
1980
1980
1984
1989
1998
2009
2020
2032
2035
2035
2029
2020
2016
2013
2016
2020
2021
2021
2016
2009
2008
2008
2015
2024
2032
2040
2040
2039
2032
2023
2013
2003
1998
1995
1999
2004
2009
2014
2019
2023
2031
2040
2050
2061
2068
2073
2074
2073
2068
2062
2056
2049
2048
2048
2047
2046
2038
2028
2022
2018
2022
2030
2036
2043
2047
2051
2057
2064
2067
2070
2066
2061
2059
2059
2063
2069
2071
2071
2070
2067
2066
2066
2064
2061
2057
2053
2050
2049
2046
2043
2039
2035
2035
2035
2038
2042
2045
2048
2052
2056
2060
2064
2066
2067
2068
2068
2068
2068
2067
2064
2060
2056
2053
2051
2050
2050
2050
2050
2051
2053
2055
2057
2059
2061
2062
2062
2059
2055
2051
2047
2048
2051
2056
2061
2062
2062
2061
2060
2062
2066
2068
2070
2067
2062
2053
2043
2032
2020
2011
2002
1998
1997
2000
2004
2010
2017
2026
2036
2045
2053
2056
2059
2060
2060
2059
2059
2056
2052
2045
2037
2028
2020
2016
2015
2019
2026
2033
2040
2044
2048
2049
2050
2050
2050
2046
2042
2035
2027
2022
2018
2019
2022
2028
2036
2041
2045
2045
2044
2042
2040
2038
2037
2035
2033
2031
2030
2029
2028
2027
2026
2025
2024
2024
2024
2028
2032
2042
2053
2064
2076
2080
2081
2080
2077
2077
2077
2076
2074
2068
2060
2052
2044
2041
2040
2046
2055
2064
2073
2072
2068
2060
2050
2049
2052
2061
2072
2075
2076
2070
2061
2054
2047
2047
2050
2055
2060
2058
2054
2039
2022
2008
1995
1996
2001
2012
2025
2033
2039
2042
2044
2046
2048
2049
2050
2050
2049
2047
2044
2040
2036
2032
2029
2029
2030
2031
2031
2031
2031
2034
2038
2041
2043
2039
2033
2028
2023
2022
2022
2020
2017
2016
2015
2021
2029
2038
2046
2050
2053
2055
2057
2056
2054
2048
2040
2035
2031
2029
2029
2028
2028
2028
2028
2030
2031
2033
2036
2040
2044
2048
2051
2054
2057
2061
2066
2069
2071
2068
2064
2061
2058
2058
2058
2057
2054
2050
2045
2041
2037
2037
2037
2039
2043
2047
2051
2053
2056
2059
2063
2066
2070
2070
2069
2063
2055
2040
2023
2008
1993
1996
2004
2023
2047
2064
2079
2089
2098
2108
2117
2119
2119
2112
2104
2101
2098
2099
2100
2102
2104
2110
2118
2125
2132
2135
2138
2139
2139
2134
2126
2109
2088
2071
2055
2045
2037
2025
2013
2003
1993
1991
1991
1992
1993
1992
1990
1989
1988
1984
1980
1972
1962
1955
1949
1949
1950
1954
1958
1960
1962
1966
1970
1977
1986
1996
2006
2016
2026
2035
2043
2048
2052
2050
2047
2045
2043
2048
2055
2061
2068
2068
2066
2065
2064
2068
2074
2079
2083
2082
2079
2073
2066
2054
2040
2027
2015
2010
2007
2008
2009
2009
2009
2013
2019
2030
2043
2052
2060
2063
2066
2069
2072
2072
2072
2069
2065
2064
2063
2060
2056
2051
2046
2048
2052
2060
2069
2072
2072
2067
2060
2057
2056
2053
2050
2045
2038
2038
2039
2045
2053
2055
2055
2053
2051
2055
2062
2068
2073
2071
2066
2060
2054
2052
2052
2052
2052
2050
2049
2048
2048
2049
2051
2056
2062
2069
2076
2078
2079
2077
2073
2069
2065
2058
2050
2047
2045
2048
2053
2056
2058
2057
2056
2059
2063
2069
2074
2073
2070
2065
2058
2049
2039
2026
2011
2002
1995
1997
2001
2005
2009
2014
2019
2030
2042
2054
2066
2070
2072
2069
2065
2060
2055
2049
2043
2034
2024
2016
2008
2010
2014
2023
2034
2039
2043
2041
2037
2035
2033
2029
2025
2019
2012
2008
2005
2006
2009
2012
2016
2020
2024
2030
2037
2045
2053
2056
2057
2054
2050
2046
2041
2034
2027
2019
2011
2012
2015
2025
2037
2044
2051
2053
2053
2057
2063
2072
2082
2088
2092
2091
2087
2080
2072
2066
2062
2062
2065
2066
2066
2064
2063
2067
2073
2081
2089
2093
2096
2089
2080
2059
2035
2012
1988
1983
1984
1995
2009
2016
2021
2026
2030
2041
2054
2062
2067
2064
2058
2052
2047
2043
2040
2038
2036
2034
2033
2030
2027
2027
2027
2032
2039
2041
2042
2040
2037
2039
2042
2041
2040
2032
2023
2023
2026
2038
2054
2061
2065
2062
2056
2055
2055
2055
2055
2050
2044
2039
2034
2033
2033
2033
2034
2035
2036
2037
2037
2037
2037
2041
2045
2050
2056
2058
2059
2055
2049
2043
2038
2037
2037
2038
2041
2041
2040
2041
2044
2051
2059
2066
2072
2066
2056
2034
2009
1985
1963
1961
1965
1985
2009
2028
2045
2052
2055
2056
2056
2056
2056
2053
2049
2047
2044
2042
2039
2035
2030
2028
2028
2033
2041
2049
2058
2062
2063
2057
2049
2042
2034
2037
2042
2049
2057
2055
2051
2047
2043
2050
2059
2068
2076
2077
2075
2069
2062
2054
2045
2036
2028
2025
2022
2021
2021
2019
2017
2017
2018
2023
2028
2036
2045
2055
2064
2070
2074
2074
2072
2071
2070
2071
2074
2078
2082
2087
2092
2097
2102
2107
2111
2118
2127
2136
2145
2142
2135
2119
2100
2092
2088
2102
2120
2139
2157
2163
2166
2158
2146
2128
2107
2084
2059
2036
2013
1993
1975
1964
1956
1960
1968
1980
1994
2001
2005
2000
1993
1983
1972
1961
1950
1942
1934
1931
1929
1929
1929
1930
1933
1942
1953
1967
1982
1994
2006
2013
2020
2025
2029
2033
2036
2036
2035
2032
2028
2028
2028
2033
2041
2050
2059
2066
2073
2078
2083
2086
2087
2084
2079
2076
2073
2074
2076
2075
2073
2069
2065
2067
2071
2078
2087
2092
2096
2091
2083
2069
2053
2038
2023
2018
2017
2019
2023
2024
2025
2030
2035
2046
2058
2068
2076
2080
2081
2081
2080
2077
2073
2068
2061
2054
2047
2043
2039
2042
2047
2055
2064
2068
2069
2064
2057
2052
2048
2048
2048
2045
2041
2040
2039
2042
2046
2051
2056
2059
2060
2062
2064
2067
2070
2071
2071
2069
2068
2065
2062
2057
2052
2046
2039
2036
2035
2039
2044
2052
2061
2068
2074
2074
2072
2066
2059
2054
2050
2050
2050
2050
2049
2046
2042
2042
2042
2046
2051
2054
2056
2052
2047
2038
2028
2016
2004
1992
1980
1970
1962
1958
1957
1957
1957
1958
1961
1970
1981
1995
2010
2021
2032
2040
2047
2056
2066
2071
2075
2066
2053
2037
2021
2018
2018
2024
2032
2037
2041
2042
2043
2044
2044
2046
2048
2054
2061
2069
2078
2083
2086
2086
2086
2086
2086
2086
2085
2083
2082
2082
2083
2083
2083
2081
2078
2074
2070
2064
2058
2052
2046
2043
2040
2039
2038
2038
2038
2042
2046
2049
2053
2053
2053
2053
2053
2055
2059
2063
2067
2069
2070
2068
2065
2060
2055
2053
2052
2056
2062
2060
2056
2037
2012
1989
1966
1965
1970
1990
2015
2036
2056
2070
2083
2092
2099
2096
2091
2080
2068
2056
2045
2035
2026
2017
2009
2006
2004
2006
2010
2013
2016
2016
2015
2010
2004
2001
2000
2003
2007
2009
2010
2007
2003
2000
1998
1999
2001
2003
2005
2007
2008
2012
2016
2019
2023
2025
2027
2029
2032
2034
2036
2036
2035
2035
2036
2045
2056
2071
2087
2096
2104
2107
2109
2114
2119
2130
2142
2156
2171
2183
2195
2198
2199
2197
2193
2193
2193
2185
2175
2150
2121
2092
2064
2056
2053
2065
2082
2097
2112
2115
2114
2101
2084
2062
2040
2018
1997
1977
1957
1942
1929
1925
1925
1931
1939
1945
1951
1956
1960
1963
1967
1964
1960
1951
1940
1934
1929
1930
1933
1934
1934
1935
1938
1949
1964
1983
2003
2019
2035
2046
2057
2063
2068
2069
2069
2066
2063
2060
2056
2052
2048
2047
2046
2048
2052
2056
2061
2065
2069
2071
2072
2075
2078
2081
2085
2084
2083
2082
2082
2085
2090
2092
2092
2085
2077
2070
2063
2056
2048
2038
2027
2022
2018
2022
2028
2033
2037
2042
2047
2056
2065
2073
2081
2084
2086
2086
2085
2080
2074
2067
2059
2053
2046
2042
2038
2044
2052
2063
2075
2078
2077
2067
2055
2047
2040
2039
2039
2038
2037
2038
2041
2045
2049
2052
2055
2060
2065
2070
2074
2075
2075
2074
2073
2071
2068
2061
2053
2045
2037
2034
2031
2031
2032
2033
2033
2032
2031
2029
2027
2028
2031
2035
2039
2039
2038
2034
2029
2028
2028
2028
2028
2021
2013
2004
1995
1987
1980
1976
1973
1977
1982
1993
2005
2014
2022
2029
2034
2040
2047
2051
2055
2053
2050
2046
2041
2038
2035
2038
2043
2052
2062
2069
2075
2081
2086
2093
2101
2101
2098
2087
2072
2062
2053
2053
2056
2060
2064
2068
2072
2074
2077
2074
2069
2062
2054
2051
2049
2048
2048
2047
2047
2049
2053
2051
2048
2040
2031
2030
2031
2039
2049
2053
2056
2057
2057
2059
2063
2063
2062
2058
2053
2052
2053
2057
2061
2064
2067
2069
2070
2064
2056
2040
2021
2007
1995
1996
2000
2014
2030
2046
2062
2070
2075
2071
2063
2060
2057
2064
2073
2080
2087
2085
2080
2071
2062
2058
2056
2065
2077
2090
2104
2100
2091
2070
2045
2029
2016
2012
2011
2004
1995
1984
1972
1968
1967
1973
1981
1991
2002
2007
2010
2005
1997
1992
1988
1987
1987
1985
1981
1978
1975
1979
1984
1990
1995
2000
2004
2011
2019
2024
2028
2033
2037
2048
2062
2074
2085
2088
2089
2096
2104
2109
2113
2094
2069
2042
2015
2006
2003
2009
2017
2032
2048
2066
2086
2092
2094
2097
2101
2119
2143
2151
2155
2134
2106
2085
2065
2051
2039
2022
2005
2009
2020
2050
2087
2106
2121
2117
2107
2096
2084
2075
2067
2075
2087
2117
2154
2183
2211
2218
2219
2211
2199
2188
2176
2175
2176
2191
2211
2224
2235
2223
2205
2171
2133
2087
2038
1987
1935
1889
1845
1813
1785
1778
1777
1798
1827
1863
1900
1924
1944
1952
1956
1955
1954
1950
1945
1939
1932
1929
1927
1930
1934
1940
1948
1956
1964
1975
1987
2001
2017
2029
2041
2047
2052
2055
2056
2054
2050
2042
2032
2026
2021
2024
2031
2038
2045
2047
2048
2053
2058
2067
2077
2081
2084
2084
2084
2087
2091
2093
2094
2091
2087
2086
2086
2091
2098
2101
2102
2102
2102
2101
2100
2094
2087
2080
2072
2071
2071
2072
2072
2070
2066
2069
2074
2085
2097
2101
2104
2101
2097
2096
2096
2088
2079
2062
2042
2030
2021
2021
2025
2026
2026
2024
2022
2029
2038
2053
2069
2082
2093
2094
2092
2084
2073
2064
2055
2050
2046
2043
2040
2039
2039
2042
2046
2045
2044
2037
2029
2025
2022
2025
2030
2034
2038
2040
2041
2043
2045
2046
2047
2049
2050
2054
2059
2064
2068
2069
2069
2069
2069
2069
2069
2066
2063
2058
2051
2043
2035
2029
2023
2021
2021
2025
2030
2038
2047
2057
2066
2075
2083
2087
2091
2090
2088
2081
2073
2061
2046
2031
2015
2005
1997
1996
1996
1997
1999
2004
2009
2019
2031
2044
2059
2068
2076
2073
2068
2058
2046
2038
2031
2025
2018
2012
2005
2007
2012
2021
2032
2032
2029
2018
2005
1996
1989
1987
1987
1985
1982
1978
1974
1971
1968
1967
1966
1967
1969
1974
1980
1990
2002
2018
2035
2052
2069
2077
2082
2077
2069
2054
2037
2024
2012
2011
2012
2021
2032
2042
2053
2059
2063
2066
2068
2073
2078
2084
2091
2096
2100
2103
2104
2101
2097
2093
2089
2094
2102
2109
2117
2105
2087
2063
2037
2033
2036
2050
2067
2071
2071
2063
2052
2046
2042
2039
2037
2032
2025
2017
2008
2002
1998
2004
2012
2024
2036
2043
2047
2051
2054
2061
2069
2071
2071
2063
2051
2036
2020
2004
1988
1979
1972
1977
1985
1999
2014
2026
2038
2047
2056
2059
2060
2054
2045
2039
2034
2042
2054
2071
2089
2094
2095
2086
2074
2066
2061
2059
2058
2049
2038
2028
2017
2019
2025
2033
2041
2044
2045
2049
2053
2058
2063
2057
2047
2029
2008
1994
1982
1974
1966
1961
1956
1965
1980
2006
2035
2048
2055
2046
2032
2027
2026
2030
2037
2034
2028
2027
2027
2036
2048
2053
2056
2056
2056
2062
2070
2064
2054
2034
2011
2009
2014
2028
2045
2049
2048
2049
2052
2063
2077
2077
2073
2059
2043
2040
2040
2043
2047
2048
2048
2059
2074
2090
2106
2111
2111
2114
2118
2131
2147
2158
2166
2172
2177
2194
2215
2233
2249
2246
2236
2223
2210
2211
2218
2229
2241
2238
2231
2205
2173
2126
2074
2019
1962
1917
1876
1850
1829
1823
1821
1828
1838
1850
1862
1872
1881
1891
1900
1910
1919
1927
1934
1937
1939
1938
1936
1935
1935
1939
1946
1951
1956
1956
1955
1957
1961
1971
1983
1994
2006
2015
2024
2033
2042
2051
2059
2064
2068
2070
2071
2072
2073
2076
2080
2085
2090
2096
2102
2105
2108
2106
2103
2099
2095
2092
2089
2084
2077
2069
2061
2058
2056
2056
2056
2056
2055
2061
2070
2085
2101
2109
2116
2117
2117
2117
2117
2110
2100
2084
2066
2055
2047
2041
2036
2026
2014
2013
2015
2030
2050
2065
2080
2084
2085
2083
2079
2075
2071
2067
2063
2061
2058
2054
2049
2048
2048
2054
2063
2066
2066
2056
2044
2039
2035
2038
2042
2044
2044
2045
2045
2048
2052
2055
2058
2058
2057
2058
2059
2061
2063
2066
2069
2073
2077
2077
2076
2069
2060
2051
2043
2039
2037
2038
2040
2044
2049
2053
2057
2056
2054
2050
2046
2046
2046
2047
2049
2051
2052
2056
2060
2064
2069
2069
2067
2062
2056
2051
2047
2040
2031
2016
1999
1986
1974
1972
1972
1974
1977
1980
1984
1992
2002
2012
2022
2025
2025
2021
2014
2004
1993
1983
1972
1969
1968
1976
1988
2006
2027
2047
2068
2076
2080
2067
2050
2033
2017
2011
2010
2011
2012
2013
2013
2020
2028
2037
2046
2052
2056
2062
2069
2081
2094
2105
2114
2116
2115
2109
2101
2094
2087
2082
2078
2075
2072
2070
2069
2069
2069
2071
2072
2071
2068
2063
2058
2050
2042
2031
2018
2008
2000
2003
2010
2022
2035
2042
2047
2049
2049
2054
2061
2070
2080
2083
2083
2076
2066
2054
2042
2032
2023
2016
2010
2010
2012
2022
2034
2046
2058
2064
2068
2072
2076
2079
2082
2076
2067
2057
2046
2047
2051
2055
2059
2052
2042
2035
2028
2028
2029
2025
2018
2012
2005
2008
2013
2017
2020
2016
2009
2008
2008
2012
2017
2022
2026
2034
2045
2050
2054
2041
2023
2011
2000
2005
2016
2022
2026
2024
2020
2024
2031
2035
2039
2035
2030
2032
2036
2041
2045
2039
2030
2031
2035
2050
2069
2072
2071
2062
2051
2057
2068
2081
2094
2089
2078
2059
2037
2018
2001
1992
1985
1993
2006
2026
2048
2060
2069
2073
2076
2083
2091
2099
2107
2113
2120
2132
2145
2161
2177
2185
2192
2195
2198
2204
2212
2217
2221
2214
2203
2187
2169
2154
2141
2125
2108
2082
2053
2026
2000
1981
1965
1953
1941
1933
1925
1922
1919
1918
1917
1917
1917
1919
1920
1916
1911
1903
1895
1896
1899
1908
1919
1928
1936
1942
1947
1956
1965
1981
1999
2014
2029
2034
2036
2039
2042
2051
2063
2071
2078
2081
2082
2084
2086
2081
2073
2057
2039
2029
2022
2025
2031
2034
2036
2037
2038
2045
2054
2064
2074
2079
2082
2081
2079
2075
2070
2065
2061
2058
2055
2054
2054
2058
2065
2073
2082
2083
2082
2076
2068
2066
2065
2065
2065
2063
2060
2062
2065
2070
2075
2076
2075
2073
2070
2071
2073
2077
2082
2085
2087
2086
2084
2080
2075
2069
2064
2059
2055
2051
2048
2048
2048
2051
2055
2060
2064
2065
2066
2068
2071
2074
2077
2074
2070
2061
2052
2048
2046
2048
2052
2054
2055
2058
2062
2066
2070
2071
2070
2069
2068
2068
2068
2059
2047
2029
2009
2000
1994
1997
2002
2006
2010
2015
2020
2031
2043
2054
2065
2072
2078
2080
2080
2073
2065
2055
2046
2039
2032
2027
2023
2026
2030
2040
2052
2055
2056
2049
2039
2035
2034
2037
2041
2041
2039
2037
2034
2036
2040
2043
2047
2048
2049
2050
2050
2049
2048
2048
2048
2049
2051
2049
2046
2042
2037
2034
2033
2033
2033
2033
2034
2040
2048
2056
2064
2066
2067
2067
2066
2066
2067
2066
2063
2058
2051
2042
2033
2027
2022
2024
2029
2035
2041
2043
2043
2044
2046
2050
2054
2052
2048
2041
2033
2025
2016
2003
1988
1975
1963
1958
1957
1957
1957
1958
1958
1967
1978
1996
2016
2035
2053
2066
2078
2077
2073
2058
2041
2026
2011
2006
2004
2009
2016
2027
2039
2046
2051
2048
2042
2038
2034
2038
2044
2047
2050
2051
2051
2057
2065
2076
2087
2091
2092
2091
2090
2091
2093
2093
2093
2090
2086
2081
2076
2068
2060
2051
2042
2036
2032
2031
2031
2030
2030
2032
2035
2042
2051
2063
2075
2083
2090
2087
2082
2074
2066
2060
2056
2051
2046
2039
2032
2031
2031
2034
2038
2039
2040
2044
2048
2050
2052
2042
2028
2011
1993
1988
1987
1998
2013
2030
2048
2059
2068
2069
2068
2066
2065
2064
2063
2055
2046
2036
2025
2024
2025
2028
2031
2030
2029
2035
2043
2051
2059
2052
2041
2027
2011
2009
2010
2015
2020
2020
2017
2015
2014
2018
2023
2029
2034
2035
2034
2030
2026
2025
2025
2025
2025
2020
2015
2013
2013
2020
2030
2040
2051
2057
2061
2063
2066
2068
2071
2071
2070
2068
2066
2065
2064
2062
2061
2061
2061
2067
2074
2084
2095
2102
2109
2112
2115
2114
2112
2103
2091
2076
2060
2055
2054
2069
2090
2112
2134
2143
2148
2146
2142
2141
2141
2140
2140
2134
2126
2115
2102
2089
2076
2062
2047
2033
2019
2009
2000
1996
1993
1994
1995
1997
2000
1999
1997
1987
1975
1959
1941
1926
1911
1905
1902
1908
1917
1928
1939
1946
1953
1960
1968
1976
1984
1988
1991
1995
2000
2009
2018
2025
2030
2032
2033
2037
2041
2046
2053
2058
2063
2068
2072
2075
2079
2083
2087
2090
2092
2092
2092
2091
2090
2089
2088
2084
2080
2076
2072
2068
2064
2054
2042
2029
2017
2015
2018
2024
2032
2034
2034
2039
2044
2057
2072
2082
2091
2091
2088
2082
2075
2068
2060
2055
2051
2048
2047
2047
2047
2052
2059
2068
2078
2078
2075
2065
2053
2048
2045
2048
2052
2051
2048
2045
2041
2044
2048
2053
2059
2063
2067
2068
2069
2070
2071
2073
2075
2075
2074
2068
2061
2053
2045
2042
2041
2041
2041
2041
2042
2047
2054
2061
2068
2069
2069
2066
2063
2063
2063
2062
2061
2059
2056
2057
2058
2057
2056
2048
2037
2031
2027
2032
2040
2045
2050
2052
2053
2058
2063
2069
2075
2076
2076
2072
2068
2061
2053
2040
2025
2014
2005
2003
2003
2003
2004
2007
2010
2020
2032
2048
2064
2075
2084
2085
2082
2074
2064
2054
2043
2036
2029
2025
2021
2021
2021
2027
2035
2043
2051
2051
2049
2043
2036
2033
2031
2031
2031
2030
2028
2028
2028
2030
2033
2035
2036
2037
2038
2041
2044
2045
2046
2045
2042
2038
2034
2025
2015
2003
1991
1984
1979
1979
1980
1984
1989
1996
2004
2012
2020
2030
2041
2056
2072
2083
2092
2089
2082
2070
2056
2047
2039
2035
2032
2030
2027
2027
2027
2028
2030
2033
2036
2043
2051
2061
2072
2077
2081
2080
2079
2080
2082
2084
2086
2083
2079
2075
2071
2071
2073
2076
2080
2078
2075
2070
2063
2058
2054
2048
2042
2036
2030
2029
2030
2033
2037
2038
2039
2039
2039
2033
2026
2013
1997
1991
1987
2000
2019
2038
2057
2067
2075
2080
2085
2086
2086
2076
2064
2051
2037
2028
2021
2020
2020
2024
2028
2031
2034
2036
2039
2047
2057
2066
2074
2069
2060
2049
2037
2034
2033
2031
2029
2027
2024
2028
2035
2040
2045
2043
2038
2035
2034
2036
2040
2039
2038
2035
2032
2032
2033
2032
2029
2024
2017
2015
2014
2018
2023
2031
2040
2049
2057
2063
2069
2074
2078
2081
2084
2081
2077
2071
2063
2062
2062
2064
2068
2068
2067
2068
2069
2075
2082
2087
2092
2095
2098
2101
2105
2109
2113
2115
2118
2117
2116
2109
2101
2091
2080
2070
2061
2051
2040
2029
2018
2012
2008
2011
2016
2022
2029
2031
2032
2024
2012
1994
1973
1959
1947
1947
1950
1956
1963
1969
1974
1981
1989
1996
2003
2006
2008
2009
2009
2007
2005
2004
2003
2004
2005
2007
2009
2012
2016
2023
2031
2037
2041
2041
2040
2042
2045
2051
2059
2059
2058
2054
2050
2051
2055
2060
2067
2069
2070
2070
2069
2068
2067
2068
2071
2075
2079
2077
2073
2062
2050
2044
2040
2043
2048
2051
2053
2054
2055
2060
2065
2070
2074
2077
2079
2081
2083
2082
2081
2077
2073
2069
2065
2061
2057
2053
2050
2052
2055
2057
2059
2057
2054
2054
2054
2058
2063
2065
2065
2064
2062
2062
2062
2059
2056
2051
2046
2041
2037
2037
2037
2038
2039
2043
2047
2054
2062
2067
2072
2074
2075
2075
2074
2068
2060
2047
2031
2018
2005
1998
1994
1994
1994
1995
1997
2007
2019
2035
2052
2063
2071
2074
2075
2074
2073
2069
2064
2055
2046
2035
2023
2016
2011
2015
2023
2035
2048
2056
2063
2063
2061
2057
2053
2050
2047
2043
2039
2038
2037
2038
2041
2044
2048
2050
2051
2053
2056
2059
2062
2062
2062
2057
2052
2047
2043
2040
2037
2032
2025
2021
2017
2020
2024
2030
2036
2041
2045
2050
2055
2058
2060
2057
2053
2047
2042
2037
2033
2028
2024
2019
2015
2011
2007
2004
2001
2002
2003
2009
2016
2026
2038
2052
2067
2078
2089
2091
2090
2080
2068
2053
2038
2029
2022
2024
2029
2037
2046
2052
2056
2058
2059
2063
2068
2075
2082
2084
2084
2075
2063
2044
2023
2008
1996
1994
1996
2006
2018
2035
2052
2067
2081
2084
2084
2074
2061
2048
2036
2025
2016
2008
2001
1998
1995
1995
1995
2001
2009
2025
2044
2061
2077
2080
2079
2071
2060
2054
2050
2045
2041
2037
2032
2033
2036
2041
2048
2050
2051
2051
2050
2051
2052
2051
2050
2045
2039
2036
2034
2035
2036
2035
2034
2034
2034
2037
2041
2045
2049
2054
2060
2066
2072
2074
2074
2070
2066
2066
2066
2067
2067
2060
2052
2046
2039
2039
2041
2044
2047
2048
2048
2046
2043
2040
2037
2035
2034
2032
2030
2027
2023
2024
2025
2032
2040
2046
2051
2052
2051
2054
2058
2065
2073
2076
2079
2074
2067
2054
2039
2022
2005
1997
1992
1999
2010
2022
2035
2042
2046
2047
2047
2044
2040
2034
2026
2017
2008
2002
1998
1998
2001
2003
2005
2007
2008
2017
2029
2046
2065
2075
2083
2082
2078
2081
2085
2096
2108
2112
2115
2114
2111
2116
2124
2133
2144
2148
2150
2150
2149
2148
2148
2143
2137
2126
2114
2104
2094
2083
2072
2057
2041
2025
2010
2004
2001
2004
2008
2011
2015
2016
2016
2014
2012
2008
2004
1997
1989
1981
1973
1968
1964
1960
1955
1951
1947
1953
1961
1974
1989
1997
2002
2007
2011
2025
2042
2058
2073
2075
2072
2063
2051
2039
2027
2015
2002
1994
1989
1993
2000
2009
2019
2027
2034
2040
2047
2053
2060
2063
2066
2065
2062
2057
2052
2049
2047
2045
2043
2040
2036
2038
2042
2051
2062
2069
2075
2074
2070
2069
2069
2069
2069
2065
2059
2054
2049
2050
2054
2058
2063
2066
2067
2070
2074
2075
2076
2073
2068
2065
2062
2065
2069
2069
2066
2058
2047
2042
2039
2043
2050
2055
2059
2060
2061
2063
2066
2068
2070
2072
2074
2076
2077
2078
2078
2074
2070
2062
2051
2041
2031
2029
2029
2036
2044
2049
2052
2053
2053
2058
2063
2068
2072
2070
2067
2062
2055
2045
2033
2017
2000
1987
1975
1972
1971
1970
1969
1969
1969
1980
1993
2009
2025
2031
2034
2032
2029
2034
2042
2051
2062
2063
2060
2047
2031
2017
2005
2006
2012
2026
2043
2052
2057
2051
2041
2034
2029
2032
2037
2043
2050
2054
2058
2063
2068
2072
2076
2075
2072
2072
2072
2076
2081
2086
2090
2092
2093
2092
2089
2084
2078
2069
2059
2051
2043
2040
2039
2043
2048
2052
2056
2055
2053
2054
2057
2064
2072
2075
2075
2072
2067
2066
2066
2064
2061
2053
2044
2040
2038
2042
2048
2047
2043
2037
2029
2030
2033
2038
2044
2049
2053
2055
2058
2049
2037
2014
1987
1971
1958
1966
1981
2002
2024
2040
2054
2062
2067
2068
2067
2063
2059
2052
2044
2032
2019
2009
2001
2003
2007
2012
2016
2016
2016
2019
2023
2027
2031
2027
2021
2015
2009
2010
2014
2016
2017
2017
2016
2022
2030
2044
2060
2069
2077
2080
2081
2083
2084
2082
2078
2070
2061
2052
2044
2037
2031
2025
2019
2019
2022
2032
2044
2053
2062
2065
2065
2066
2067
2067
2066
2061
2055
2048
2040
2034
2029
2022
2014
2011
2008
2017
2029
2044
2060
2070
2078
2082
2085
2084
2082
2069
2053
2033
2012
2003
1998
2005
2017
2030
2043
2054
2064
2071
2077
2076
2072
2063
2052
2044
2036
2031
2027
2022
2018
2017
2018
2022
2026
2027
2028
2033
2038
2047
2056
2057
2055
2051
2047
2057
2070
2086
2102
2106
2106
2104
2103
2111
2122
2133
2144
2149
2152
2153
2153
2152
2149
2145
2141
2141
2141
2141
2141
2134
2125
2114
2102
2092
2083
2070
2057
2040
2022
2007
1992
1984
1979
1978
1978
1978
1978
1977
1975
1973
1971
1970
1970
1970
1970
1967
1963
1955
1945
1933
1921
1914
1908
1910
1914
1925
1938
1954
1970
1987
2003
2017
2030
2041
2050
2054
2057
2058
2058
2060
2061
2061
2060
2055
2050
2046
2042
2046
2051
2059
2067
2069
2070
2067
2062
2059
2056
2056
2057
2057
2057
2055
2052
2053
2055
2062
2070
2078
2086
2092
2097
2100
2101
2101
2100
2095
2090
2082
2074
2068
2062
2059
2057
2056
2055
2055
2056
2060
2065
2069
2073
2072
2069
2066
2063
2065
2069
2072
2076
2076
2076
2074
2071
2071
2071
2072
2072
2070
2067
2059
2050
2039
2027
2020
2014
2012
2012
2011
2011
2013
2017
2025
2036
2048
2060
2069
2077
2082
2085
2082
2077
2068
2058
2051
2044
2038
2032
2027
2023
2030
2040
2053
2067
2068
2064
2054
2042
2037
2033
2033
2033
2031
2028
2029
2031
2034
2038
2039
2039
2042
2045
2050
2055
2054
2050
2042
2033
2027
2023
2019
2015
2008
1999
1992
1985
1984
1984
1986
1989
1993
1997
2002
2007
2011
2014
2018
2022
2032
2044
2056
2068
2067
2063
2054
2042
2036
2032
2032
2032
2035
2038
2043
2050
2049
2046
2032
2015
2004
1995
2002
2014
2032
2051
2068
2085
2098
2109
2111
2111
2106
2101
2096
2092
2087
2080
2075
2070
2070
2073
2074
2074
2073
2070
2070
2071
2068
2064
2054
2041
2033
2027
2024
2023
2018
2012
2012
2014
2026
2041
2053
2065
2070
2074
2074
2074
2067
2059
2048
2037
2033
2032
2033
2035
2032
2028
2022
2015
2014
2014
2020
2028
2034
2039
2042
2045
2052
2060
2071
2083
2089
2093
2093
2092
2086
2078
2064
2048
2038
2031
2036
2044
2041
2036
2015
1989
1971
1955
1958
1967
1984
2003
2019
2035
2043
2048
2045
2039
2032
2025
2023
2022
2023
2025
2022
2018
2013
2007
2013
2022
2040
2060
2067
2071
2060
2044
2034
2026
2028
2032
2035
2039
2040
2041
2044
2048
2054
2061
2070
2080
2083
2083
2076
2065
2053
2041
2031
2021
2011
2002
1999
1999
2006
2015
2027
2040
2053
2065
2072
2078
2076
2072
2070
2069
2069
2070
2065
2057
2050
2043
2047
2055
2061
2068
2062
2052
2032
2010
1988
1967
1954
1943
1944
1949
1959
1970
1983
1997
2022
2050
2082
2115
2136
2153
2158
2159
2158
2157
2158
2161
2169
2180
2195
2212
2226
2238
2242
2243
2239
2233
2221
2207
2192
2176
2167
2160
2155
2150
2135
2118
2093
2067
2040
2014
1989
1965
1947
1930
1920
1913
1908
1904
1900
1896
1894
1892
1888
1884
1878
1872
1873
1877
1883
1890
1893
1894
1901
1909
1925
1945
1961
1977
1988
1999
2015
2033
2050
2067
2076
2083
2087
2090
2087
2083
2071
2056
2044
2033
2029
2026
2023
2019
2019
2020
2030
2042
2055
2068
2076
2083
2088
2092
2093
2092
2085
2077
2068
2060
2055
2051
2050
2050
2053
2057
2062
2069
2073
2076
2076
2076
2076
2076
2077
2079
2079
2079
2077
2074
2074
2074
2078
2082
2084
2085
2083
2079
2080
2082
2087
2092
2092
2091
2085
2077
2071
2064
2060
2056
2055
2054
2054
2054
2051
2047
2043
2039
2041
2045
2053
2062
2071
2079
2086
2093
2099
2104
2104
2101
2095
2087
2079
2070
2056
2040
2026
2012
2006
2002
2003
2004
2006
2009
2017
2026
2038
2050
2058
2063
2064
2063
2059
2054
2045
2035
2023
2011
2000
1991
1987
1985
1991
1999
2006
2014
2010
2002
1989
1974
1965
1958
1954
1950
1945
1938
1935
1934
1944
1958
1983
2012
2039
2067
2081
2090
2086
2078
2064
2047
2029
2012
2003
1996
2002
2013
2025
2037
2047
2055
2067
2080
2098
2118
2133
2148
2154
2157
2150
2139
2126
2113
2111
2112
2115
2119
2110
2098
2086
2075
2077
2084
2094
2106
2112
2116
2108
2097
2069
2035
2003
1971
1966
1969
1983
2001
2011
2018
2026
2034
2044
2055
2057
2057
2055
2053
2055
2058
2054
2048
2042
2035
2039
2047
2048
2048
2033
2013
2002
1993
2002
2017
2031
2044
2044
2040
2035
2030
2036
2045
2058
2071
2074
2074
2066
2056
2048
2040
2033
2025
2020
2016
2018
2022
2025
2026
2023
2019
2024
2032
2046
2062
2062
2058
2047
2034
2030
2030
2031
2034
2031
2026
2022
2019
2019
2020
2022
2023
2027
2032
2036
2040
2035
2028
2016
2001
1990
1979
1976
1976
1982
1991
1999
2006
2006
2005
2005
2005
2011
2018
2024
2031
2035
2038
2038
2037
2033
2029
2033
2039
2057
2079
2092
2103
2097
2085
2083
2084
2105
2132
2154
2175
2188
2197
2219
2245
2274
2303
2312
2314
2302
2286
2271
2255
2238
2219
2202
2186
2175
2166
2146
2122
2084
2040
2000
1961
1933
1909
1893
1880
1879
1882
1894
1910
1923
1935
1937
1937
1930
1922
1914
1906
1905
1905
1909
1914
1916
1916
1911
1905
1896
1887
1882
1878
1887
1899
1917
1937
1954
1970
1988
2007
2025
2044
2056
2065
2071
2075
2079
2083
2083
2082
2078
2074
2071
2070
2069
2069
2068
2068
2067
2066
2062
2058
2053
2049
2048
2047
2046
2045
2047
2050
2059
2071
2080
2089
2092
2093
2097
2101
2106
2112
2115
2118
2118
2117
2111
2103
2092
2079
2072
2068
2069
2073
2072
2070
2066
2061
2061
2062
2066
2070
2074
2077
2081
2085
2089
2093
2095
2097
2098
2098
2097
2096
2091
2085
2073
2060
2043
2026
2015
2006
2005
2008
2010
2012
2014
2016
2026
2038
2053
2069
2078
2085
2084
2081
2075
2068
2061
2054
2050
2046
2044
2042
2041
2041
2045
2052
2057
2062
2058
2050
2043
2036
2036
2039
2040
2040
2036
2031
2031
2032
2036
2040
2040
2038
2037
2037
2039
2042
2041
2040
2036
2032
2030
2027
2022
2016
2008
1999
1992
1986
1981
1977
1974
1971
1972
1973
1977
1981
1983
1983
1980
1977
1980
1984
1999
2017
2035
2054
2061
2065
2062
2057
2051
2046
2038
2029
2024
2021
2030
2042
2050
2057
2047
2032
2020
2008
2015
2027
2045
2065
2085
2104
2120
2136
2140
2140
2131
2120
2115
2111
2112
2114
2110
2105
2100
2096
2096
2099
2096
2092
2078
2062
2051
2042
2040
2041
2043
2044
2043
2041
2040
2040
2038
2037
2034
2030
2029
2028
2029
2031
2035
2039
2043
2047
2049
2050
2051
2052
2050
2047
2036
2022
2009
1997
1998
2003
2008
2012
2009
2005
2015
2030
2051
2074
2073
2065
2049
2031
2033
2041
2050
2058
2051
2039
2038
2040
2054
2071
2076
2076
2060
2039
2020
2002
1993
1988
1988
1991
1997
2005
2016
2028
2036
2044
2035
2021
2001
1979
1977
1981
1997
2018
2029
2037
2039
2040
2044
2048
2047
2046
2044
2043
2045
2049
2043
2035
2026
2015
2018
2026
2034
2042
2039
2031
2028
2025
2032
2042
2047
2051
2052
2052
2057
2063
2060
2053
2039
2022
2026
2038
2063
2093
2091
2079
2039
1991
1968
1953
1969
1995
2017
2038
2056
2073
2100
2130
2150
2167
2170
2167
2166
2166
2156
2143
2115
2082
2068
2060
2081
2111
2142
2174
2195
2214
2230
2246
2254
2260
2259
2256
2253
2250
2242
2232
2218
2203
2185
2165
2128
2085
2029
1968
1923
1882
1857
1837
1819
1802
1793
1786
1797
1814
1836
1859
1874
1886
1892
1897
1904
1911
1918
1925
1926
1925
1921
1916
1917
1920
1929
1940
1952
1964
1977
1990
2001
2010
2016
2020
2027
2035
2046
2058
2065
2069
2070
2071
2078
2086
2094
2103
2109
2113
2119
2126
2132
2139
2136
2129
2113
2094
2078
2062
2053
2046
2040
2033
2028
2023
2027
2034
2045
2057
2063
2066
2065
2064
2067
2071
2076
2080
2081
2080
2081
2084
2090
2098
2100
2100
2095
2087
2080
2073
2068
2064
2059
2054
2051
2048
2050
2054
2057
2060
2062
2063
2067
2072
2076
2080
2081
2081
2082
2083
2085
2086
2081
2074
2067
2060
2057
2056
2054
2051
2045
2038
2035
2033
2035
2039
2043
2048
2055
2062
2070
2078
2084
2088
2090
2090
2091
2091
2087
2081
2067
2050
2033
2017
2010
2005
2003
2003
2003
2003
2010
2018
2030
2043
2054
2064
2070
2075
2075
2073
2066
2058
2049
2041
2035
2031
2028
2026
2029
2034
2042
2050
2050
2046
2037
2025
2022
2021
2025
2031
2032
2031
2028
2025
2024
2023
2021
2018
2016
2015
2017
2021
2021
2020
2015
2009
2005
2001
1997
1992
1980
1967
1954
1941
1935
1932
1939
1948
1966
1986
2010
2034
2049
2062
2064
2062
2057
2050
2045
2040
2033
2025
2018
2011
2011
2013
2022
2034
2048
2064
2080
2097
2110
2121
2117
2108
2088
2066
2056
2049
2061
2078
2095
2112
2124
2133
2145
2157
2163
2168
2163
2155
2145
2136
2121
2105
2078
2048
2026
2006
2005
2009
2016
2024
2029
2033
2037
2041
2037
2030
2019
2006
2006
2010
2016
2024
2018
2008
1995
1980
1972
1967
1964
1963
1969
1978
1995
2014
2024
2031
2026
2018
2016
2017
2032
2052
2073
2094
2105
2112
2107
2098
2085
2072
2063
2055
2054
2054
2052
2050
2042
2033
2029
2028
2041
2058
2074
2089
2081
2065
2037
2004
1983
1967
1977
1995
2025
2059
2075
2085
2067
2040
2012
1983
1977
1977
1990
2009
2026
2043
2042
2035
2008
1974
1956
1944
1966
1999
2023
2043
2036
2020
2022
2030
2052
2079
2078
2068
2044
2015
2004
1997
1996
1996
1997
1998
2008
2020
2032
2043
2048
2052
2054
2056
2057
2057
2059
2062
2066
2071
2066
2057
2049
2042
2059
2084
2121
2162
2199
2233
2254
2271
2265
2252
2227
2198
2189
2186
2201
2221
2229
2234
2220
2200
2170
2138
2116
2097
2102
2115
2134
2155
2165
2170
2174
2178
2183
2190
2184
2173
2143
2106
2047
1982
1905
1825
1767
1717
1702
1698
1711
1729
1754
1780
1809
1839
1856
1868
1873
1874
1883
1895
1905
1915
1919
1921
1932
1947
1969
1994
2009
2020
2024
2025
2029
2034
2040
2046
2052
2058
2064
2070
2069
2065
2054
2040
2031
2023
2023
2024
2027
2031
2037
2044
2057
2072
2092
2114
2136
2157
2170
2179
2178
2174
2165
2154
2138
2120
2097
2072
2051
2031
2019
2008
2001
1994
1994
1996
2009
2026
2045
2064
2078
2090
2098
2105
2107
2108
2107
2106
2104
2102
2097
2090
2085
2081
2083
2086
2082
2077
2063
2047
2038
2031
2034
2039
2043
2046
2047
2048
2052
2056
2058
2058
2059
2059
2064
2071
2077
2084
2086
2086
2086
2086
2084
2081
2075
2068
2062
2056
2054
2053
2051
2050
2046
2042
2039
2036
2037
2038
2041
2045
2049
2053
2058
2063
2071
2079
2084
2089
2089
2088
2083
2076
2067
2056
2041
2025
2012
2000
1999
2001
2003
2004
2003
2001
2008
2019
2035
2052
2061
2068
2069
2068
2067
2067
2062
2056
2046
2035
2029
2025
2026
2029
2034
2040
2043
2046
2043
2039
2034
2030
2030
2033
2035
2038
2037
2035
2036
2037
2042
2049
2052
2055
2054
2051
2052
2055
2060
2066
2068
2068
2061
2053
2043
2034
2027
2020
2015
2011
2012
2014
2020
2027
2032
2037
2042
2047
2051
2054
2050
2044
2033
2021
2014
2007
2004
2003
2001
1998
1996
1995
1994
1994
1992
1991
1992
1994
1999
2006
2012
2017
2019
2020
2017
2012
2004
1996
1992
1988
1992
1999
2012
2027
2043
2059
2071
2081
2081
2077
2069
2058
2051
2044
2043
2044
2049
2054
2061
2068
2077
2086
2093
2099
2098
2095
2091
2087
2087
2087
2087
2086
2084
2081
2081
2082
2080
2076
2065
2052
2041
2032
2030
2031
2031
2031
2029
2027
2029
2032
2035
2039
2039
2038
2037
2037
2039
2043
2048
2054
2058
2062
2061
2058
2054
2050
2048
2045
2041
2037
2032
2028
2026
2025
2023
2022
2020
2018
2023
2031
2041
2053
2059
2063
2064
2064
2063
2063
2054
2043
2028
2012
2007
2006
2016
2030
2043
2055
2058
2058
2054
2049
2043
2038
2034
2030
2027
2023
2018
2011
2006
2001
1998
1997
1999
2002
2008
2016
2020
2024
2022
2019
2021
2025
2034
2046
2050
2052
2050
2046
2052
2060
2069
2077
2074
2066
2061
2057
2063
2071
2073
2073
2064
2053
2048
2045
2043
2040
2033
2025
2017
2010
2003
1995
1988
1980
1984
1991
2005
2021
2026
2029
2025
2020
2020
2023
2028
2035
2041
2047
2053
2058
2056
2052
2037
2018
2002
1987
1986
1990
2006
2026
2049
2072
2087
2099
2105
2109
2109
2108
2104
2100
2096
2091
2093
2098
2109
2121
2128
2133
2128
2120
2111
2103
2106
2113
2126
2142
2161
2182
2207
2232
2244
2251
2236
2213
2190
2167
2160
2159
2156
2153
2140
2124
2109
2095
2079
2063
2036
2005
1968
1930
1896
1863
1842
1826
1832
1844
1871
1901
1923
1943
1949
1950
1950
1949
1951
1954
1954
1954
1952
1950
1955
1963
1975
1990
2000
2008
2010
2010
2007
2003
1994
1983
1971
1959
1958
1961
1972
1987
1999
2011
2021
2032
2045
2059
2072
2084
2094
2102
2104
2104
2098
2090
2084
2077
2072
2068
2064
2060
2060
2061
2065
2069
2067
2062
2055
2048
2049
2053
2056
2060
2059
2058
2061
2066
2076
2088
2095
2101
2102
2101
2099
2098
2097
2097
2097
2097
2094
2090
2083
2075
2068
2062
2057
2053
2051
2049
2052
2056
2063
2070
2072
2072
2071
2070
2071
2073
2073
2072
2068
2064
2064
2064
2067
2071
2074
2077
2078
2078
2078
2077
2075
2073
2068
2062
2050
2035
2023
2012
2009
2009
2007
2006
2004
2003
2012
2024
2040
2058
2068
2076
2078
2078
2076
2074
2067
2059
2052
2044
2041
2038
2036
2035
2037
2041
2048
2056
2056
2055
2048
2039
2036
2035
2038
2042
2042
2039
2036
2032
2033
2036
2038
2041
2041
2040
2040
2040
2041
2043
2044
2044
2041
2036
2026
2015
2004
1993
1987
1982
1979
1976
1973
1969
1970
1972
1978
1986
1991
1995
1997
1997
2000
2005
2016
2028
2038
2049
2053
2055
2052
2048
2044
2039
2033
2026
2022
2018
2025
2035
2048
2063
2062
2056
2042
2025
2022
2025
2038
2055
2067
2076
2085
2094
2109
2126
2138
2148
2147
2142
2131
2119
2104
