2007
1987
1970
1959
1953
1950
1949
1951
1956
1965
1978
1990
2002
2012
2019
2024
2027
2029
2029
2030
2032
2035
2039
2043
2046
2046
2044
2042
2040
2043
2049
2057
2067
2074
2079
2080
2076
2071
2064
2058
2051
2045
2039
2036
2036
2039
2046
2052
2059
2064
2068
2071
2074
2077
2079
2081
2083
2083
2081
2077
2072
2068
2064
2063
2063
2063
2062
2062
2062
2066
2074
2081
2086
2088
2086
2085
2084
2081
2077
2070
2061
2061
2066
2077
2091
2096
2094
2083
2065
2043
2018
1989
1958
1929
1903
1888
1882
1883
1890
1897
1906
1919
1933
1947
1961
1970
1974
1973
1968
1958
1945
1935
1928
1935
1951
1973
2000
2021
2037
2049
2058
2067
2075
2079
2081
2081
2081
2083
2087
2092
2096
2100
2102
2105
2110
2116
2123
2128
2130
2131
2131
2129
2127
2124
2121
2118
2116
2112
2108
2102
2095
2092
2090
2091
2093
2092
2089
2085
2080
2078
2078
2079
2079
2075
2069
2063
2056
2052
2049
2046
2042
2039
2037
2039
2046
2057
2070
2078
2081
2073
2055
2034
2009
1989
1975
1965
1960
1956
1954
1955
1959
1967
1980
1992
2005
2014
2021
2026
2030
2033
2035
2037
2037
2038
2038
2041
2046
2053
2062
2068
2073
2076
2077
2079
2081
2082
2083
2080
2074
2067
2060
2055
2052
2050
2050
2050
2050
2050
2049
2048
2046
2047
2049
2053
2057
2057
2053
2048
2041
2038
2038
2038
2040
2040
2040
2041
2043
2046
2048
2048
2046
2048
2053
2060
2067
2070
2070
2068
2064
2061
2059
2054
2047
2042
2039
2044
2055
2067
2080
2086
2086
2080
2071
2058
2044
2029
2014
2002
1992
1984
1978
1975
1974
1980
1993
2009
2029
2043
2052
2055
2053
2049
2043
2039
2037
2037
2041
2046
2052
2055
2057
2058
2058
2060
2063
2067
2071
2074
2075
2074
2072
2068
2063
2059
2057
2055
2054
2053
2051
2051
2052
2054
2057
2059
2059
2060
2060
2060
2061
2060
2058
2056
2054
2052
2050
2048
2045
2044
2044
2046
2050
2053
2055
2056
2058
2062
2067
2071
2073
2072
2070
2067
2065
2061
2056
2049
2040
2035
2033
2036
2043
2052
2063
2070
2075
2074
2067
2054
2036
2020
2006
1994
1985
1975
1965
1959
1957
1965
1979
1996
2014
2029
2042
2052
2061
2068
2072
2073
2071
2070
2070
2070
2072
2071
2069
2067
2064
2064
2067
2071
2076
2079
2080
2080
2079
2079
2080
2079
2077
2074
2069
2068
2070
2074
2080
2083
2084
2084
2083
2082
2081
2078
2074
2068
2061
2057
2054
2052
2051
2049
2045
2040
2033
2026
2021
2022
2027
2036
2048
2056
2060
2062
2061
2060
2059
2055
2049
2043
2036
2039
2050
2063
2079
2087
2088
2082
2071
2057
2040
2021
2000
1985
1974
1972
1976
1982
1989
1998
2008
2022
2040
2053
2062
2064
2060
2052
2041
2030
2019
2011
2007
2011
2022
2036
2051
2060
2064
2065
2064
2061
2057
2050
2041
2034
2029
2026
2026
2024
2021
2018
2014
2012
2012
2012
2012
2014
2016
2019
2023
2025
2025
2026
2027
2032
2040
2048
2057
2063
2065
2066
2064
2065
2068
2075
2085
2094
2103
2106
2104
2100
2095
2090
2086
2084
2083
2086
2092
2102
2115
2125
2130
2127
2117
2102
2084
2064
2042
2022
2003
1989
1978
1974
1974
1981
1992
2006
2024
2037
2048
2051
2047
2042
2035
2032
2031
2031
2031
2031
2033
2037
2044
2051
2058
2062
2064
2065
2067
2068
2068
2065
2061
2058
2054
2053
2053
2054
2056
2057
2058
2059
2060
2061
2062
2062
2062
2061
2061
2059
2057
2055
2053
2051
2049
2046
2044
2043
2043
2043
2043
2043
2043
2044
2047
2051
2056
2058
2057
2053
2046
2041
2037
2036
2036
2038
2041
2047
2056
2066
2077
2080
2076
2064
2046
2027
2009
1994
1983
1973
1965
1962
1962
1972
1988
2007
2029
2046
2059
2065
2067
2065
2061
2054
2045
2037
2030
2031
2037
2044
2053
2055
2053
2052
2051
2056
2066
2074
2079
2077
2069
2061
2054
2050
2048
2048
2048
2049
2051
2055
2060
2064
2067
2069
2069
2068
2066
2063
2059
2056
2053
2050
2048
2047
2046
2046
2047
2047
2047
2045
2042
2041
2042
2046
2053
2058
2060
2061
2060
2060
2062
2061
2058
2050
2039
2031
2027
2030
2040
2049
2058
2060
2056
2047
2034
2020
2004
1989
1975
1964
1956
1952
1950
1953
1960
1974
1994
2016
2040
2058
2071
2081
2086
2090
2093
2092
2087
2080
2073
2072
2076
2084
2095
2102
2106
2107
2106
2107
2111
2114
2117
2116
2112
2106
2100
2097
2097
2098
2102
2105
2108
2111
2115
2117
2117
2114
2107
2099
2092
2087
2085
2080
2073
2064
2051
2041
2032
2026
2024
2021
2017
2013
2008
2004
2002
2003
2007
2012
2019
2022
2024
2023
2019
2016
2014
2012
2011
2013
2018
2028
2041
2050
2055
2051
2040
2028
2015
2004
1993
1979
1961
1944
1928
1922
1924
1933
1948
1966
1987
2010
2035
2053
2065
2065
2055
2042
2028
2019
2015
2015
2018
2021
2025
2030
2037
2044
2050
2051
2048
2041
2030
2019
2007
1997
1988
1982
1978
1976
1975
1975
1976
1978
1980
1985
1992
2000
2011
2022
2035
2046
2057
2064
2069
2074
2079
2089
2102
2116
2130
2139
2144
2147
2147
2149
2153
2159
2168
2175
2180
2180
2175
2166
2155
2145
2136
2128
2122
2117
2113
2113
2115
2119
2123
2122
2115
2102
2085
2068
2050
2029
2006
1982
1958
1943
1934
1936
1947
1961
1979
1996
2014
2027
2037
2040
2036
2030
2021
2015
2013
2014
2016
2017
2018
2021
2026
2034
2044
2052
2057
2060
2061
2061
2061
2058
2054
2048
2041
2039
2039
2041
2045
2046
2044
2042
2040
2042
2047
2053
2060
2062
2062
2058
2051
2045
2040
2038
2038
2039
2039
2037
2033
2031
2030
2032
2036
2039
2041
2043
2045
2047
2049
2052
2054
2055
2055
2055
2053
2051
2049
2047
2045
2044
2044
2045
2049
2056
2065
2072
2076
2073
2062
2048
2030
2015
2002
1989
1978
1969
1960
1958
1962
1972
1988
2004
2022
2038
2052
2061
2065
2065
2061
2054
2047
2040
2033
2029
2027
2027
2030
2035
2041
2046
2050
2056
2062
2068
2074
2077
2077
2074
2068
2063
2059
2057
2057
2057
2057
2058
2060
2061
2062
2063
2063
2063
2063
2061
2059
2055
2048
2042
2036
2033
2031
2031
2033
2033
2032
2033
2035
2039
2046
2051
2054
2055
2053
2053
2055
2057
2060
2059
2055
2048
2041
2036
2034
2032
2030
2028
2025
2027
2033
2041
2052
2055
2053
2045
2032
2021
2010
2001
1993
1984
1974
1967
1962
1965
1974
1991
2014
2037
2060
2075
2084
2087
2085
2081
2077
2073
2068
2064
2060
2061
2066
2072
2079
2084
2086
2089
2093
2098
2105
2108
2110
2108
2104
2098
2091
2083
2076
2071
2067
2066
2068
2068
2067
2065
2061
2060
2060
2063
2068
2072
2074
2072
2068
2062
2056
2052
2048
2045
2042
2041
2041
2044
2048
2049
2047
2043
2038
2040
2047
2056
2065
2066
2059
2052
2043
2036
2032
2026
2017
2015
2017
2030
2050
2061
2065
2058
2042
2031
2022
2012
1999
1979
1953
1937
1928
1931
1943
1953
1960
1971
1984
2003
2028
2043
2050
2045
2030
2014
1997
1983
1972
1968
1969
1979
1997
2013
2027
2035
2037
2038
2039
2039
2039
2035
2030
2029
2033
2041
2052
2058
2062
2065
2067
2073
2081
2087
2091
2093
2093
2095
2100
2104
2107
2108
2106
2106
2107
2108
2108
2105
2101
2099
2101
2104
2108
2108
2104
2099
2092
2088
2087
2085
2083
2078
2071
2066
2062
2059
2055
2050
2043
2038
2034
2036
2041
2051
2064
2074
2082
2080
2070
2054
2034
2017
2001
1988
1978
1969
1961
1958
1960
1969
1983
2000
2019
2035
2048
2055
2057
2054
2047
2039
2032
2027
2024
2023
2023
2026
2031
2038
2045
2052
2058
2062
2065
2067
2069
2069
2068
2066
2062
2058
2054
2052
2050
2051
2053
2055
2057
2057
2055
2055
2055
2055
2057
2057
2056
2053
2048
2042
2036
2032
2028
2028
2031
2036
2042
2046
2049
2051
2053
2054
2054
2055
2055
2058
2062
2066
2070
2070
2066
2059
2052
2048
2048
2048
2048
2046
2042
2041
2045
2053
2064
2069
2070
2063
2049
2033
2017
2003
1992
1982
1973
1966
1960
1959
1961
1969
1982
1996
2011
2023
2032
2037
2039
2037
2033
2028
2021
2018
2016
2019
2025
2032
2041
2049
2056
2060
2064
2068
2073
2079
2086
2090
2093
2093
2091
2088
2085
2084
2085
2088
2092
2095
2099
2101
2103
2102
2100
2096
2092
2088
2084
2079
2075
2072
2068
2065
2062
2060
2059
2059
2060
2061
2061
2061
2061
2062
2062
2059
2055
2050
2044
2042
2043
2047
2054
2056
2056
2051
2044
2038
2034
2035
2039
2047
2056
2066
2075
2081
2084
2081
2074
2062
2047
2029
2009
1989
1969
1957
1950
1950
1955
1965
1978
1995
2015
2034
2053
2062
2062
2055
2041
2028
2017
2010
2008
2010
2015
2026
2042
2058
2076
2088
2097
2103
2105
2105
2101
2093
2082
2071
2060
2054
2052
2052
2054
2055
2055
2056
2056
2057
2057
2057
2056
2054
2052
2050
2048
2046
2044
2043
2043
2044
2046
2048
2051
2055
2059
2063
2065
2065
2063
2063
2064
2067
2071
2071
2067
2060
2051
2044
2039
2035
2031
2025
2018
2013
2011
2010
2010
2003
1990
1973
1953
1933
1913
1890
1863
1837
1811
1797
1793
1800
1816
1838
1864
1895
1931
1966
2001
2027
2045
2057
2062
2066
2070
2076
2085
2100
2121
2147
2178
2203
2223
2235
2239
2242
2242
2241
2237
2230
2221
2211
2202
2193
2185
2175
2164
2152
2139
2128
2118
2108
2097
2087
2078
2070
2065
2059
2052
2044
2034
2026
2019
2015
2014
2015
2018
2021
2023
2025
2027
2029
2031
2032
2033
2032
2029
2026
2024
2025
2028
2031
2033
2033
2031
2031
2031
2032
2032
2031
2029
2032
2039
2050
2063
2069
2071
2064
2051
2038
2025
2013
2003
1993
1984
1976
1970
1968
1969
1976
1987
2001
2017
2031
2042
2047
2048
2045
2038
2029
2020
2014
2011
2014
2023
2033
2043
2048
2048
2048
2048
2050
2054
2058
2062
2063
2061
2059
2055
2052
2050
2050
2051
2053
2056
2058
2059
2058
2055
2053
2052
2053
2055
2057
2058
2056
2051
2044
2036
2031
2028
2028
2032
2036
2040
2042
2044
2046
2048
2052
2056
2058
2060
2059
2057
2056
2055
2055
2057
2058
2058
2057
2055
2054
2054
2052
2050
2043
2034
2025
2018
2018
2025
2035
2048
2054
2054
2045
2029
2012
1994
1981
1971
1963
1957
1952
1947
1946
1948
1957
1971
1990
2012
2031
2047
2056
2058
2056
2051
2047
2044
2046
2053
2062
2073
2084
2093
2100
2105
2110
2114
2118
2121
2122
2121
2118
2114
2111
2107
2105
2104
2105
2107
2109
2109
2106
2102
2096
2089
2083
2078
2074
2072
2072
2072
2072
2071
2066
2059
2051
2042
2039
2041
2046
2055
2061
2065
2065
2063
2062
2062
2061
2060
2058
2056
2056
2058
2058
2058
2052
2041
2032
2023
2021
2024
2026
2028
2029
2029
2035
2045
2054
2062
2062
2057
2051
2045
2038
2030
2013
1988
1964
1940
1930
1930
1938
1951
1965
1979
1998
2020
2040
2058
2063
2059
2048
2032
2018
2007
2003
2005
2016
2032
2051
2071
2087
2100
2107
2111
2111
2109
2106
2101
2095
2090
2084
2078
2074
2072
2072
2075
2080
2085
2089
2091
2092
2092
2090
2088
2085
2082
2080
2080
2081
2083
2086
2088
2089
2089
2088
2087
2087
2088
2089
2089
2087
2082
2076
2069
2063
2056
2046
2033
2019
2003
1989
1978
1967
1957
1949
1942
1939
1941
1939
1935
1920
1898
1872
1845
1819
1794
1767
1738
1714
1692
1685
1689
1705
1730
1755
1782
1809
1836
1863
1891
1919
1946
1973
2000
2027
2054
2086
2121
2160
2202
2245
2289
2328
2364
2392
2414
2427
2434
2437
2437
2431
2420
2403
2380
2355
2330
2307
2287
2267
2247
2224
2199
2173
2147
2124
2103
2085
2069
2056
2043
2029
2014
1999
1983
1970
1961
1958
1960
1964
1971
1976
1980
1984
1988
1993
1999
2006
2013
2019
2024
2027
2028
2027
2025
2021
2017
2012
2008
2007
2008
2013
2020
2028
2037
2039
2035
2026
2012
1998
1985
1974
1965
1957
1951
1948
1947
1951
1958
1971
1988
2007
2027
2042
2053
2055
2050
2041
2030
2020
2011
2006
2004
2007
2014
2023
2033
2039
2042
2044
2045
2048
2052
2055
2056
2054
2050
2047
2045
2046
2048
2050
2050
2051
2051
2052
2054
2055
2057
2058
2059
2060
2060
2057
2053
2047
2040
2032
2025
2020
2018
2019
2023
2028
2035
2040
2044
2046
2046
2046
2046
2048
2052
2056
2060
2063
2063
2059
2052
2046
2039
2036
2036
2037
2039
2039
2038
2038
2039
2043
2050
2052
2051
2041
2025
2008
1990
1980
1975
1973
1973
1976
1980
1990
2005
2023
2044
2061
2074
2083
2087
2090
2090
2087
2082
2075
2066
2062
2062
2068
2080
2094
2108
2118
2125
2129
2130
2131
2133
2135
2137
2137
2135
2132
2128
2126
2126
2126
2126
2121
2114
2106
2099
2092
2087
2078
2067
2055
2044
2041
2043
2046
2050
2049
2045
2042
2041
2042
2045
2045
2041
2039
2037
2040
2045
2048
2050
2052
2054
2058
2065
2066
2062
2054
2043
2038
2037
2037
2037
2037
2037
2043
2055
2067
2080
2083
2078
2070
2059
2049
2040
2024
2003
1983
1963
1955
1955
1961
1970
1981
1992
2009
2031
2050
2066
2070
2063
2050
2032
2019
2010
2011
2020
2033
2051
2069
2086
2099
2108
2111
2108
2099
2086
2072
2059
2048
2040
2034
2029
2027
2028
2033
2040
2045
2048
2050
2050
2055
2065
2078
2093
2103
2108
2112
2114
2118
2123
2126
2126
2122
2115
2106
2096
2081
2061
2038
2012
1990
1970
1952
1934
1909
1880
1850
1819
1792
1767
1741
1714
1691
1670
1657
1651
1643
1632
1615
1591
1572
1556
1548
1548
1550
1554
1571
1596
1645
1712
1797
1896
2001
2111
2217
2318
2403
2475
2528
2567
2598
2623
2641
2654
2659
2655
2649
2641
2634
2629
2619
2606
2583
2552
2516
2474
2430
2384
2338
2291
2246
2201
2159
2119
2085
2055
2030
2009
1990
1974
1960
1947
1937
1930
1923
1916
1910
1903
1900
1900
1907
1918
1930
1942
1952
1961
1971
1982
1990
1997
1998
1994
1989
1982
1980
1980
1977
1973
1965
1954
1948
1945
1949
1959
1968
1977
1984
1989
1997
2008
2020
2034
2046
2057
2062
2062
2056
2045
2031
2014
2000
1987
1977
1970
1964
1960
1961
1967
1977
1991
2004
2016
2025
2030
2031
2029
2021
2007
1994
1982
1979
1984
1994
2007
2020
2031
2041
2050
2058
2063
2064
2062
2061
2059
2059
2059
2055
2050
2045
2040
2038
2038
2038
2038
2036
2034
2033
2033
2034
2036
2036
2035
2031
2026
2019
2012
2005
1999
1996
1995
1997
2001
2006
2010
2014
2016
2018
2020
2026
2035
2044
2052
2056
2057
2061
2067
2076
2089
2096
2098
2097
2092
2091
2093
2095
2099
2100
2100
2103
2108
2117
2128
2140
2151
2162
2172
2172
2163
2141
2108
2076
2045
2023
2010
2005
2005
2013
2029
2052
2081
2102
2116
2119
2112
2104
2095
2084
2073
2058
2042
2035
2035
2048
2072
2094
2114
2122
2122
2119
2114
2110
2108
2100
2089
2076
2062
2052
2047
2043
2040
2034
2026
2021
2018
2018
2022
2023
2022
2019
2015
2014
2016
2018
2022
2024
2024
2024
2024
2025
2025
2025
2025
2029
2035
2040
2044
2047
2048
2052
2059
2065
2070
2070
2066
2061
2057
2054
2053
2048
2041
2037
2035
2042
2056
2065
2069
2062
2047
2033
2020
2009
1998
1983
1965
1952
1943
1946
1959
1975
1994
2015
2037
2064
2094
2121
2146
2163
2174
2179
2179
2175
2170
2167
2167
2173
2184
2196
2207
2210
2205
2190
2166
2138
2107
2076
2045
2015
1986
1956
1925
1897
1870
1844
1820
1791
1758
1722
1684
1650
1619
1591
1565
1537
1507
1476
1445
1414
1385
1358
1334
1322
1318
1330
1355
1388
1430
1478
1532
1602
1686
1796
1928
2074
2233
2384
2528
2649
2752
2832
2893
2935
2962
2975
2977
2974
2965
2955
2944
2929
2911
2881
2842
2787
2719
2641
2555
2469
2383
2302
2225
2156
2093
2041
1999
1969
1947
1930
1917
1903
1887
1870
1851
1834
1818
1805
1796
1792
1793
1803
1820
1845
1876
1906
1937
1963
1987
2010
2032
2050
2064
2071
2071
2066
2057
2047
2036
2022
2007
1994
1981
1975
1975
1976
1979
1981
1982
1983
1985
1987
1990
1993
1995
1996
1998
1997
1993
1988
1981
1982
1987
1998
2014
2025
2032
2033
2029
2028
2028
2027
2025
2017
2005
1994
1983
1976
1972
1968
1963
1958
1954
1951
1951
1954
1960
1969
1981
1989
1993
1988
1977
1965
1952
1938
1925
1907
1887
1876
1872
1888
1921
1957
1995
2019
2031
2033
2026
2019
2010
2008
2010
2027
2054
2092
2137
2179
2219
2246
2262
2268
2265
2259
2252
2246
2242
2237
2233
2228
2223
2219
2216
2213
2211
2209
2206
2200
2191
2179
2165
2152
2141
2134
2130
2126
2122
2118
2115
2114
2114
2111
2106
2097
2086
2078
2071
2063
2054
2043
2029
2017
2007
1998
1989
1981
1972
1964
1957
1947
1935
1923
1910
1900
1893
1883
1872
1861
1850
1849
1855
1862
1871
1874
1872
1868
1864
1858
1849
1834
1814
1802
1795
1798
1811
1828
1848
1868
1888
1905
1918
1931
1944
1969
2003
2037
2071
2087
2087
2089
2093
2119
2162
2214
2272
2326
2378
2425
2467
2484
2479
2438
2368
2290
2207
2153
2122
2125
2156
2183
2208
2192
2144
2070
1974
1893
1823
1776
1749
1733
1726
1724
1726
1722
1715
1700
1679
1664
1654
1661
1681
1716
1761
1807
1854
1888
1910
1912
1899
1880
1858
1856
1870
1915
1984
2070
2171
2267
2361
2444
2516
2573
2616
2638
2642
2627
2598
2561
2517
2467
2411
2353
2292
2238
2190
2151
2119
2092
2070
2056
2048
2044
2044
2042
2040
2037
2035
2031
2027
2019
2008
2003
2003
2015
2037
2062
2088
2112
2134
2160
2190
2221
2252
2286
2322
2371
2431
2487
2540
2559
2552
2518
2464
2410
2357
2308
2261
2210
2156
2106
2057
2018
1985
1960
1940
1919
1897
1866
1827
1786
1744
1712
1687
1672
1664
1665
1674
1700
1741
1793
1853
1905
1952
1991
2024
2051
2073
2083
2082
2066
2038
2001
1958
1913
1866
1827
1794
1779
1779
1795
1824
1856
1891
1914
1927
1921
1901
1872
1834
1797
1761
1733
1710
1698
1695
1700
1712
1721
1726
1727
1724
1730
1743
1767
1798
1819
1832
1832
1819
1812
1810
1828
1864
1917
1986
2062
2143
2218
2288
2339
2375
2393
2397
2392
2379
2362
2340
2316
2290
2270
2256
2250
2250
2251
2252
2250
2246
2242
2237
2229
2218
2203
2185
2168
2154
2148
2149
2153
2160
2163
2163
2162
2160
2163
2169
2175
2181
2184
2184
2183
2181
2177
2170
2160
2147
2134
2123
2118
2117
2119
2123
2129
2135
2140
2144
2144
2142
2139
2135
2137
2146
2173
2214
2275
2351
2425
2496
2534
2546
2527
2482
2438
2394
2366
2352
2338
2325
2296
2253
2194
2123
2050
1974
1913
1864
1834
1821
1819
1826
1832
1837
1841
1843
1843
1841
1835
1824
1815
1806
1805
1809
1812
1814
1810
1801
1797
1798
1815
1845
1883
1926
1959
1983
1985
1971
1941
1898
1852
1803
1761
1723
1698
1682
1677
1681
1688
1697
1702
1704
1708
1714
1722
1732
1732
1724
1705
1678
1653
1631
1620
1618
1632
1658
1697
1747
1796
1843
1878
1903
1926
1950
1993
2051
2128
2219
2307
2394
2460
2509
2536
2545
2541
2527
2507
2482
2452
2418
2382
2344
2308
2274
2246
2221
2205
2198
2202
2215
2228
2242
2243
2233
2211
2180
2147
2113
2081
2052
2027
2003
1983
1966
1955
1950
1951
1957
1966
1979
1990
1999
2007
2013
2020
2029
2042
2057
2073
2091
2110
2130
2152
2176
2198
2218
2233
2243
2248
2249
2252
2256
2271
2293
2329
2376
2431
2494
2549
2598
2615
2608
2567
2498
2429
2360
2318
2300
2294
2299
2290
2270
2231
2177
2114
2045
1976
1908
1855
1814
1795
1793
1799
1810
1814
1812
1807
1798
1794
1794
1797
1804
1810
1814
1812
1807
1796
1782
1772
1765
1770
1786
1808
1835
1856
1872
1879
1879
1876
1872
1862
1847
1826
1799
1781
1769
1772
1786
1800
1813
1815
1809
1803
1796
1795
1799
1804
1811
1820
1830
1840
1850
1855
1855
1854
1850
1853
1861
1867
1872
1870
1861
1857
1859
1874
1899
1928
1961
1994
2028
2065
2105
2145
2186
2228
2271
2317
2365
2403
2434
2446
2443
2432
2414
2397
2379
2355
2326
2294
2259
2228
2201
2176
2154
2131
2109
2094
2084
2085
2094
2105
2116
2121
2122
2124
2127
2133
2140
2138
2127
2107
2080
2058
2040
2027
2018
2001
1979
1958
1938
1929
1929
1935
1946
1957
1968
1979
1988
1994
1996
1998
2000
2010
2025
2043
2063
2085
2109
2136
2165
2194
2221
2246
2268
2293
2321
2351
2382
2409
2433
2456
2479
2498
2512
2510
2496
2471
2437
2407
2378
2357
2341
2328
2319
2302
2280
2244
2197
2146
2090
2035
1981
1929
1878
1839
1810
1798
1798
1801
1805
1811
1820
1842
1873
1893
1903
1880
1829
1776
1720
1689
1678
1674
1677
1677
1674
1682
1700
1730
1770
1806
1840
1865
1884
1902
1918
1935
1951
1965
1976
1990
2006
2028
2055
2082
2107
2126
2140
2155
2170
2185
2201
2205
2201
2188
2167
2149
2133
2118
2105
2088
2067
2049
2033
2022
2016
2005
1991
1971
1946
1928
1915
1908
1904
1892
1874
1852
1827
1809
1796
1787
1780
1777
1779
1789
1806
1817
1824
1818
1803
1792
1784
1774
1763
1731
1683
1636
1589
1576
1591
1629
1685
1742
1798
1853
1907
1962
2016
2061
2099
2120
2129
2124
2109
2104
2106
2144
2213
2313
2438
2560
2681
2773
2842
2872
2871
2838
2780
2711
2631
2553
2477
2405
2336
2279
2230
2192
2161
2130
2099
2069
2039
2018
2005
1998
1994
1990
1985
1981
1979
1975
1971
1966
1962
1964
1971
1984
2002
2017
2029
2039
2047
2057
2068
2076
2083
2086
2086
2089
2094
2103
2114
2120
2120
2109
2091
2069
2045
2026
2010
1997
1985
1972
1959
1946
1935
1929
1925
1923
1921
1920
1919
1919
1919
1921
1924
1930
1939
1949
1961
1970
1975
1977
1977
1979
1983
1990
1999
2005
2009
2011
2012
2012
2011
2008
2004
1999
1995
1992
1991
1990
1989
1989
1989
1994
2001
2010
2020
2029
2036
2045
2054
2064
2074
2082
2087
2095
2104
2121
2143
2168
2195
2219
2241
2257
2268
2271
2267
2257
2241
2224
2206
2196
2192
2194
2201
2200
2193
2166
2124
2076
2024
1984
1954
1936
1928
1926
1929
1938
1951
1965
1980
1990
1996
2000
2003
2007
2011
2014
2014
2010
2004
1997
1988
1980
1973
1972
1974
1979
1986
1989
1990
1992
1995
2001
2008
2014
2018
2019
2017
2016
2014
2012
2010
2008
2008
2011
2018
2026
2033
2039
2043
2047
2050
2050
2047
2044
2040
2043
2051
2059
2068
2069
2064
2057
2048
2043
2039
2037
2036
2039
2044
2048
2051
2043
2027
2004
1975
1947
1920
1890
1857
1825
1792
1768
1752
1740
1731
1721
1709
1701
1697
1695
1695
1683
1661
1630
1591
1558
1531
1517
1514
1519
1532
1548
1567
1588
1612
1637
1664
1698
1738
1794
1863
1951
2054
2162
2274
2373
2461
2533
2591
2639
2679
2714
2743
2767
2787
2800
2809
2811
2807
2796
2780
2758
2732
2699
2659
2612
2558
2504
2448
2396
2346
2297
2248
2201
2155
2113
2074
2037
2002
1968
1935
1908
1887
1879
1882
1891
1905
1912
1914
1908
1897
1887
1878
1873
1871
1870
1870
1874
1879
1889
1902
1919
1939
1959
1980
1995
2004
2004
1997
1987
1976
1967
1961
1956
1952
1951
1951
1956
1964
1972
1979
1987
1994
2004
2015
2025
2032
2035
2034
2032
2030
2027
2024
2020
2016
2014
2014
2014
2014
2015
2016
2019
2023
2027
2031
2033
2033
2033
2031
2028
2024
2018
2013
2011
2011
2011
2011
2009
2007
2009
2014
2024
2037
2047
2054
2055
2052
2049
2046
2042
2038
2032
2025
2022
2021
2025
2033
2041
2049
2050
2046
2035
2019
2005
1992
1982
1975
1966
1955
1946
1939
1940
1948
1962
1980
2000
2021
2042
2064
2080
2092
2096
2094
2091
2087
2085
2084
2082
2078
2075
2073
2075
2082
2092
2105
2114
2121
2122
2120
2118
2115
2112
2108
2104
2099
2096
2096
2096
2098
2097
2095
2093
2090
2089
2091
2090
2086
2079
2068
2059
2052
2047
2043
2039
2034
2028
2023
2018
2014
2012
2012
2017
2024
2029
2033
2033
2029
2026
2024
2022
2020
2018
2018
2026
2042
2060
2080
2087
2084
2075
2062
2050
2039
2022
2000
1979
1957
1948
1949
1955
1966
1975
1984
1997
2011
2025
2038
2043
2041
2033
2020
2006
1991
1981
1975
1979
1992
2007
2025
2035
2039
2040
2037
2032
2025
2013
1997
1981
1967
1957
1950
1944
1938
1934
1930
1930
1934
1936
1937
1936
1933
1933
1935
1939
1944
1948
1950
1956
1965
1979
1996
2011
2024
2034
2042
2051
2062
2073
2084
2095
2107
2120
2133
2146
2158
2167
2174
2179
2183
2187
2191
2196
2203
2216
2232
2250
2268
2278
2282
2275
2261
2240
2213
2183
2150
2119
2090
2068
2054
2045
2041
2039
2040
2044
2051
2056
2060
2057
2049
2040
2029
2023
2020
2018
2017
2017
2017
2021
2027
2034
2043
2049
2053
2057
2059
2059
2058
2054
2049
2043
2036
2031
2027
2025
2023
2023
2024
2025
2026
2025
2023
2022
2020
2021
2023
2025
2026
2026
2026
2026
2026
2027
2027
2026
2025
2026
2029
2032
2035
2036
2036
2036
2038
2042
2048
2052
2055
2054
2050
2045
2039
2035
2033
2033
2035
2037
2041
2046
2051
2057
2064
2066
2065
2059
2049
2038
2026
2014
2003
1992
1981
1972
1967
1968
1973
1982
1994
2006
2018
2029
2039
2045
2049
2048
2044
2038
2032
2029
2028
2029
2031
2033
2033
2032
2032
2035
2040
2049
2060
2068
2074
2075
2073
2069
2064
2058
2051
2046
2042
2043
2048
2058
2072
2087
2103
2116
2127
2131
2130
2123
2112
2099
2086
2076
2069
2065
2063
2062
2060
2060
2062
2067
2075
2083
2092
2097
2099
2098
2096
2096
2098
2100
2103
2102
2098
2089
2076
2065
2055
2053
2057
2066
2078
2088
2096
2101
2103
2097
2086
2064
2033
2002
1972
1955
1950
1952
1959
1967
1974
1988
2006
2028
2053
2068
2077
2076
2067
2054
2038
2023
2010
2005
2007
2016
2031
2043
2053
2056
2054
2048
2040
2029
2016
2001
1985
1973
1964
1958
1954
1949
1944
1937
1929
1922
1915
1909
1904
1900
1896
1896
1899
1904
1911
1918
1924
1930
1936
1944
1954
1966
1979
1993
2009
2028
2048
2070
2093
2115
2136
2155
2173
2185
2193
2196
2194
2193
2192
2192
2192
2191
2188
2189
2193
2203
2216
2223
2227
2222
2210
2194
2175
2151
2124
2094
2062
2038
2020
2009
2005
2004
2006
2013
2024
2033
2040
2042
2038
2035
2031
2029
2029
2025
2020
2017
2015
2020
2030
2039
2047
2052
2055
2059
2064
2067
2067
2064
2057
2053
2050
2048
2046
2044
2041
2040
2041
2043
2045
2044
2040
2039
2039
2041
2045
2048
2048
2045
2041
2040
2040
2041
2043
2045
2047
2049
2049
2046
2042
2039
2037
2039
2044
2049
2053
2056
2056
2055
2055
2053
2050
2045
2040
2036
2034
2037
2042
2050
2060
2067
2072
2069
2060
2046
2030
2016
2004
1993
1983
1974
1965
1964
1968
1979
1997
2013
2029
2043
2054
2063
2069
2069
2064
2057
2050
2046
2046
2047
2049
2050
2050
2051
2051
2051
2052
2054
2056
2059
2063
2064
2062
2059
2055
2051
2049
2049
2049
2048
2048
2049
2051
2054
2058
2060
2062
2063
2063
2062
2060
2056
2050
2044
2038
2035
2035
2035
2035
2036
2037
2038
2039
2040
2040
2042
2044
2048
2055
2062
2069
2070
2067
2061
2053
2047
2043
2038
2034
2031
2029
2033
2041
2051
2064
2069
2069
2060
2046
2032
2019
2009
2000
1990
1979
1970
1961
1961
1968
1979
1995
2011
2027
2043
2059
2073
2085
2088
2084
2076
2064
2057
2054
2054
2056
2056
2056
2058
2063
2071
2080
2087
2092
2095
2095
2094
2092
2088
2081
2075
2070
2069
2072
2076
2080
2083
2085
2088
2093
2098
2102
2103
2100
2096
2091
2086
2081
2075
2068
2063
2059
2058
2060
2060
2060
2058
2054
2052
2052
2056
2063
2072
2083
2088
2088
2081
2070
2060
2051
2045
2043
2045
2049
2055
2063
2069
2074
2074
2069
2062
2053
2044
2033
2017
1997
1975
1953
1938
1930
1931
1939
1951
1967
1983
2001
2018
2032
2040
2044
2041
2034
2025
2015
2009
2007
2011
2020
2032
2046
2059
2070
2077
2081
2078
2070
2058
2042
2027
2013
2000
1987
1976
1965
1957
1950
1945
1941
1937
1935
1935
1939
1944
1949
1951
1949
1948
1948
1954
1967
1983
2002
2018
2031
2044
2055
2067
2080
2092
2104
2117
2130
2144
2158
2168
2173
2174
2170
2167
2165
2164
2164
2161
2157
2157
2159
2167
2178
2185
2189
2187
2179
2166
2149
2128
2103
2076
2048
2024
2004
1992
1985
1985
1990
2001
2015
2027
2038
2042
2040
2036
2029
2024
2020
2016
2013
2011
2011
2013
2018
2025
2033
2041
2048
2053
2055
2055
2053
2050
2048
2046
2046
2044
2042
2040
2037
2036
2037
2039
2043
2046
2048
2050
2052
2053
2053
2050
2046
2041
2037
2036
2036
2037
2039
2041
2043
2044
2046
2045
2043
2041
2039
2039
2042
2046
2050
2052
2052
2051
2051
2050
2049
2046
2041
2036
2032
2034
2040
2049
2060
2067
2071
2066
2055
2041
2023
2009
1998
1988
1981
1974
1967
1964
1964
1970
1983
1997
2013
2025
2035
2043
2049
2051
2049
2043
2034
2026
2020
2020
2024
2032
2041
2049
2056
2062
2066
2070
2072
2074
2074
2074
2072
2071
2070
2070
2070
2070
2070
2070
2070
2071
2073
2074
2074
2073
2073
2074
2077
2078
2077
2073
2066
2062
2059
2057
2057
2055
2053
2054
2056
2059
2063
2062
2058
2056
2057
2063
2074
2079
2079
2075
2068
2065
2065
2063
2061
2055
2047
2047
2054
2064
2078
2086
2088
2084
2075
2060
2042
2020
1995
1976
1962
1957
1959
1966
1977
1995
2019
2044
2070
2086
2093
2093
2086
2076
2065
2052
2039
2033
2033
2043
2061
2077
2090
2097
2099
2100
2101
2099
2094
2084
2070
2060
2053
2048
2045
2040
2033
2028
2025
2023
2021
2015
2005
1993
1980
1970
1963
1959
1957
1953
1948
1943
1939
1937
1936
1938
1942
1950
1959
1968
1976
1982
1986
1990
1994
1999
2006
2012
2019
2027
2036
2043
2050
2056
2060
2069
2080
2096
2116
2134
2151
2159
2161
2156
2145
2132
2116
2101
2085
2072
2062
2056
2052
2050
2048
2051
2057
2068
2084
2098
2110
2112
2105
2093
2079
2069
2062
2059
2058
2056
2054
2053
2053
2055
2059
2061
2063
2063
2062
2060
2057
2053
2049
2045
2042
2041
2042
2043
2044
2045
2045
2046
2048
2049
2051
2052
2053
2054
2055
2054
2052
2050
2046
2045
2045
2047
2049
2050
2049
2047
2043
2041
2040
2041
2044
2047
2049
2050
2050
2051
2052
2053
2053
2050
2046
2041
2037
2038
2042
2050
2059
2066
2071
2071
2067
2059
2046
2033
2020
2009
2001
1994
1987
1979
1970
1966
1968
1979
1999
2019
2039
2052
2059
2060
2058
2057
2056
2054
2052
2050
2046
2045
2047
2049
2053
2055
2055
2056
2056
2058
2060
2061
2061
2061
2059
2057
2053
2050
2046
2044
2044
2046
2050
2053
2055
2058
2060
2062
2064
2063
2061
2057
2050
2044
2040
2037
2035
2035
2035
2036
2037
2038
2039
2039
2039
2040
2042
2048
2056
2062
2067
2067
2063
2058
2051
2047
2045
2045
2045
2043
2039
2038
2039
2046
2057
2065
2072
2068
2057
2040
2020
2004
1991
1980
1972
1965
1959
1957
1958
1965
1977
1992
2009
2024
2038
2047
2051
2052
2050
2048
2046
2045
2045
2043
2041
2039
2039
2042
2047
2054
2062
2069
2076
2083
2088
2092
2096
2098
2099
2098
2096
2091
2085
2079
2073
2070
2069
2069
2071
2073
2075
2076
2078
2077
2073
2068
2062
2058
2056
2055
2056
2056
2055
2053
2051
2051
2052
2056
2062
2070
2081
2088
2093
2093
2089
2086
2084
2087
2092
2094
2094
2088
2079
2069
2059
2050
2043
2040
2040
2046
2057
2066
2075
2076
2072
2063
2052
2038
2021
2001
1977
1959
1944
1939
1941
1947
1954
1965
1979
1998
2021
2039
2052
2055
2048
2039
2026
2019
2017
2021
2030
2041
2052
2059
2064
2071
2080
2093
2109
2118
2122
2118
2107
2098
2089
2084
2082
2079
2077
2076
2078
2081
2085
2087
2086
2082
2076
2069
2060
2051
2043
2037
2033
2030
2028
2025
2021
2019
2018
2018
2018
2016
2013
2008
2001
1995
1988
1983
1979
1976
1974
1969
1961
1949
1933
1919
1906
1898
1893
1894
1899
1908
1919
1927
1931
1929
1920
1911
1902
1895
1891
1888
1886
1891
1902
1925
1956
1990
2025
2058
2090
2124
2158
2189
2216
2233
2242
2242
2236
2230
2225
2224
2227
2233
2242
2248
2251
2250
2246
2240
2234
2225
2212
2195
2175
2156
2137
2120
2104
2089
2075
2064
2057
2051
2047
2043
2039
2035
2033
2031
2029
2026
2022
2017
2013
2011
2009
2008
2008
2009
2011
2016
2022
2026
2028
2026
2022
2018
2013
2011
2011
2015
2020
2023
2025
2022
2015
2012
2011
2014
2020
2023
2025
2026
2028
2035
2046
2055
2064
2064
2057
2046
2030
2016
2002
1990
1980
1971
1963
1957
1953
1955
1962
1975
1993
2008
2021
2028
2029
2026
2021
2012
2001
1992
1984
1985
1992
2005
2021
2033
2041
2047
2052
2061
2072
2083
2094
2102
2109
2113
2115
2112
2106
2098
2088
2082
2080
2085
2095
2105
2115
2121
2125
2126
2126
2123
2119
2115
2110
2104
2099
2093
2088
2083
2079
2078
2078
2081
2086
2092
2098
2100
2099
2094
2086
2079
2074
2073
2076
2077
2076
2069
2057
2046
2036
2029
2025
2022
2020
2020
2022
2028
2037
2043
2045
2043
2037
2029
2018
2003
1983
1962
1938
1923
1914
1915
1925
1941
1961
1983
2008
2030
2050
2062
2069
2068
2061
2049
2034
2022
2011
2011
2020
2035
2056
2073
2086
2094
2098
2097
2093
2080
2060
2037
2011
1990
1972
1959
1949
1938
1927
1915
1901
1886
1871
1858
1846
1837
1832
1827
1823
1821
1820
1823
1830
1838
1848
1859
1872
1893
1922
1962
2013
2063
2112
2151
2183
2209
2230
2248
2264
2275
2282
2283
2281
2281
2283
2287
2293
2295
2294
2289
2282
2275
2269
2264
2259
2251
2240
2225
2206
2181
2151
2117
2079
2044
2013
1989
1973
1963
1959
1961
1966
1974
1985
1993
2000
2003
2004
2003
2001
1997
1993
1989
1987
1989
1996
2004
2013
2021
2026
2032
2038
2044
2051
2051
2047
2039
2028
2022
2019
2019
2023
2025
2025
2025
2025
2029
2034
2039
2043
2044
2043
2042
2041
2040
2040
2038
2034
2031
2029
2029
2031
2032
2032
2031
2029
2028
2028
2030
2034
2037
2040
2042
2043
2044
2044
2044
2044
2046
2048
2051
2053
2054
2055
2054
2052
2047
2042
2038
2036
2037
2040
2042
2042
2040
2037
2038
2043
2051
2060
2063
2059
2048
2030
2015
2001
1989
1980
1969
1958
1949
1941
1938
1940
1947
1959
1976
1996
2016
2036
2051
2061
2066
2066
2065
2064
2065
2068
2073
2080
2084
2088
2089
2089
2090
2092
2099
2108
2118
2127
2134
2138
2143
2147
2149
2150
2146
2139
2129
2118
2110
2105
2101
2099
2095
2091
2089
2087
2087
2087
2086
2082
2078
2074
2070
2067
2062
2057
2050
2043
2039
2039
2041
2045
2048
2050
2053
2057
2062
2068
2071
2073
2074
2074
2075
2075
2072
2068
2064
2062
2063
2065
2066
2066
2067
2071
2079
2091
2098
2102
2096
2083
2068
2052
2035
2017
1998
1976
1962
1953
1952
1959
1967
1976
1989
2005
2024
2047
2064
2076
2076
2066
2052
2034
2022
2015
2017
2026
2043
2066
2088
2110
2126
2137
2141
2138
2128
2113
2097
2079
2065
2054
2047
2042
2040
2040
2042
2046
2049
2051
2052
2050
2049
2047
2045
2042
2037
2031
2026
2021
2016
2012
2005
1998
1991
1986
1983
1981
1978
1974
1965
1952
1937
1921
1905
1889
1873
1855
1834
1810
1785
1759
1735
1713
1694
1678
1665
1654
1648
1646
1646
1647
1647
1645
1646
1648
1657
1671
1692
1718
1756
1805
1873
1956
2050
2153
2248
2337
2415
2484
2543
2595
2636
2668
2686
2691
2686
2672
2654
2632
2613
2595
2579
2564
2546
2526
2497
2461
2419
2374
2330
2287
2244
2202
2160
2118
2080
2045
2017
1995
1977
1963
1950
1939
1929
1920
1915
1913
1913
1915
1917
1920
1923
1925
1931
1939
1949
1960
1968
1975
1980
1984
1986
1986
1983
1978
1969
1958
1949
1943
1942
1944
1949
1954
1960
1966
1972
1977
1983
1990
1997
2006
2014
2023
2030
2034
2038
2040
2044
2050
2056
2063
2064
2060
2049
2033
2017
2001
1989
1980
1969
1956
1942
1926
1918
1916
1925
1943
1960
1978
1988
1992
1993
1993
1992
1992
1990
1986
1987
1991
2002
2018
2034
2050
2063
2072
2082
2091
2100
2107
2109
2107
2104
2100
2098
2099
2103
2110
2117
2125
2130
2132
2131
2126
2123
2121
2124
2129
2133
2135
2135
2131
2128
2126
2121
2114
2103
2089
2079
2072
2072
2076
2079
2081
2082
2084
2089
2097
2103
2108
2109
2106
2105
2105
2108
2114
2116
2116
2113
2109
2109
2112
2116
2120
2119
2115
2114
2114
2118
2127
2129
2126
2115
2097
2081
2065
2046
2026
1998
1962
1929
1898
1879
1871
1871
1878
1887
1898
1912
1929
1944
1957
1963
1962
1955
1943
1934
1929
1934
1947
1970
1999
2030
2061
2085
2104
2115
2120
2119
2113
2104
2091
2077
2061
2046
2033
2026
2025
2029
2036
2040
2042
2040
2036
2037
2041
2049
2058
2066
2071
2076
2080
2086
2093
2101
2110
2120
2133
2145
2156
2162
2164
2166
2166
2168
2170
2166
2158
2144
2124
2104
2083
2062
2041
2018
1993
1969
1944
1921
1899
1876
1854
1832
1809
1781
1749
1712
1670
1629
1589
1550
1511
1470
1426
1385
1346
1314
1288
1267
1251
1244
1244
1257
1281
1312
1349
1399
1459
1554
1679
1844
2043
2255
2477
2675
2855
2994
3099
3166
3202
3212
3201
3178
3145
3111
3077
3042
3007
2965
2917
2861
2799
2734
2668
2602
2535
2467
2398
2328
2257
2188
2119
2054
1992
1939
1893
1854
1821
1791
1762
1741
1725
1721
1725
1733
1744
1756
1767
1782
1800
1820
1842
1863
1884
1908
1934
1961
1989
2011
2027
2036
2040
2040
2038
2035
2030
2022
2011
1999
1986
1978
1974
1976
1985
1994
2003
2004
2000
1993
1984
1978
1974
1973
1973
1972
1970
1970
1971
1977
1986
1998
2013
2024
2031
2030
2022
2009
1991
1975
1959
1947
1936
1929
1925
1926
1931
1938
1945
1949
1951
1951
1949
1947
1945
1941
1936
1932
1929
1930
1934
1938
1943
1952
1964
1987
2019
2054
2091
2118
2137
2147
2149
2146
2140
2134
2128
2131
2141
2163
2194
2224
2251
2266
2271
2272
2268
2269
2273
2278
2285
2285
2281
2271
2258
2245
2232
2219
2206
2190
2171
2153
2137
2125
2117
2108
2098
2085
2070
2058
2047
2041
2039
2037
2035
2031
2025
2016
2005
1994
1981
1967
1952
1933
1911
1890
1871
1861
1858
1858
1861
1861
1859
1862
1868
1877
1889
1893
1891
1883
1872
1864
1860
1858
1858
1861
1866
1882
1907
1930
1952
1958
1952
1944
1933
1925
1919
1908
1892
1883
1879
1884
1897
1904
1906
1908
1910
1925
1949
1969
1985
1994
1997
2002
2007
2000
1984
1967
1949
1961
1997
2030
2060
2049
2005
1957
1905
1875
1863
1855
1851
1860
1880
1916
1966
2004
2033
2057
2077
2108
2149
2177
2195
2206
2212
2243
2296
2352
2410
2445
2461
2469
2473
2471
2465
2448
2421
2407
2403
2410
2428
2430
2419
2396
2364
2338
2316
2290
2259
2222
2180
2145
2117
2098
2086
2077
2070
2066
2063
2057
2049
2040
2029
2025
2025
2028
2032
2030
2025
2013
1996
1977
1955
1939
1928
1933
1950
1977
2013
2041
2063
2069
2062
2050
2032
2019
2010
2007
2009
2010
2011
2009
2004
2001
1999
1998
1998
1995
1991
2001
2021
2064
2126
2186
2244
2277
2290
2289
2277
2265
2252
2240
2228
2217
2206
2191
2171
2143
2107
2071
2035
2003
1972
1939
1903
1869
1836
1809
1787
1770
1757
1756
1765
1786
1818
1849
1878
1903
1923
1940
1956
1962
1959
1942
1915
1887
1859
1842
1833
1833
1840
1845
1847
1837
1817
1795
1771
1757
1752
1750
1750
1749
1747
1749
1754
1755
1752
1746
1738
1746
1766
1798
1841
1877
1906
1931
1951
1975
2002
2031
2061
2097
2137
2187
2246
2311
2381
2453
2527
2597
2664
2708
2734
2733
2709
2676
2634
2596
2562
2530
2499
2466
2432
2389
2340
2279
2208
2130
2045
1966
1890
1829
1782
1753
1740
1737
1741
1744
1744
1745
1746
1759
1783
1820
1867
1913
1958
1989
2009
2015
2011
2004
1993
1991
1996
2015
2046
2082
2124
2160
2193
2215
2228
2233
2229
2223
2214
2217
2228
2247
2274
2290
2299
2311
2324
2372
2448
2535
2631
2679
2688
2649
2573
2499
2428
2377
2341
2310
2281
2248
2212
2168
2118
2062
2001
1944
1891
1842
1797
1756
1718
1693
1678
1676
1683
1687
1688
1686
1682
1679
1676
1657
1624
1577
1519
1487
1478
1514
1588
1675
1772
1849
1911
1958
1992
2023
2052
2075
2093
2102
2102
2092
2076
2057
2036
2025
2023
2039
2070
2103
2137
2153
2154
2136
2103
2067
2030
2001
1977
1955
1934
1908
1879
1850
1821
1798
1780
1767
1758
1749
1741
1734
1727
1726
1728
1747
1778
1832
1905
1986
2074
2155
2231
2307
2383
2461
2541
2604
2655
2675
2670
2648
2612
2580
2551
2538
2536
2547
2568
2587
2605
2607
2594
2569
2533
2509
2495
2509
2545
2592
2646
2677
2689
2667
2618
2546
2455
2354
2245
2139
2035
1935
1839
1744
1650
1569
1500
1454
1428
1408
1392
1359
1312
1261
1207
1176
1165
1183
1223
1277
1343
1413
1487
1560
1633
1698
1757
1804
1842
1879
1915
1959
2010
2067
2130
2205
2288
2380
2478
2551
2602
2607
2574
2522
2454
2397
2350
2315
2290
2278
2276
2285
2302
2317
2330
2341
2350
2366
2387
2415
2448
2482
2517
2541
2557
2544
2506
2446
2369
2301
2240
2192
2155
2122
2092
2072
2060
2055
2055
2049
2040
2037
2039
2061
2099
2142
2187
2225
2256
2280
2299
2303
2295
2265
2217
2159
2092
2033
1979
1935
1901
1871
1844
1810
1768
1718
1661
1611
1567
1540
1527
1521
1521
1519
1516
1511
1504
1497
1490
1480
1469
1462
1458
1470
1494
1530
1576
1612
1641
1653
1651
1651
1651
1663
1683
1704
1725
1743
1759
1774
1789
1797
1799
1815
1840
1918
2038
2196
2387
2536
2652
2683
2646
2586
2508
2490
2521
2590
2690
2728
2713
2623
2472
2356
2271
2280
2367
2468
2581
2635
2641
2613
2557
2506
2458
2412
2367
2316
2260
2199
2134
2069
2004
1953
1911
1879
1855
1833
1813
1807
1813
1839
1883
1926
1968
1998
2018
2035
2051
2068
2087
2104
2120
2132
2141
2145
2143
2142
2141
2148
2161
2174
2187
2190
2185
2176
2165
2150
2132
2099
2055
2005
1950
1906
1870
1845
1828
1813
1800
1791
1786
1788
1795
1808
1826
1842
1857
1865
1867
1871
1875
1895
1926
1966
2014
2051
2079
2091
2090
2087
2082
2079
2079
2077
2075
2075
2077
2081
2087
2090
2092
2089
2083
2073
2060
2046
2030
2019
2012
2010
2014
2016
2018
2017
2015
2016
2020
2028
2039
2047
2054
2056
2056
2057
2059
2066
2077
2090
2103
2114
2121
2129
2138
2149
2160
2162
2155
2137
2110
2085
2063
2049
2040
2028
2013
1994
1972
1955
1943
1939
1941
1941
1939
1924
1899
1869
1834
1807
1785
1776
1777
1784
1797
1810
1823
1837
1853
1876
1905
1937
1972
1997
2015
2023
2023
2026
2033
2047
2067
2082
2093
2098
2096
2100
2107
2121
2141
2151
2154
2138
2106
2070
2031
2011
2006
2011
2024
2023
2011
1988
1957
1939
1933
1943
1965
1981
1992
1992
1981
1976
1976
1989
2014
2040
2067
2078
2077
2064
2042
2026
2016
2026
2052
2088
2133
2168
2194
2204
2202
2201
2201
2211
2230
2253
2280
2301
2319
2324
2320
2302
2271
2237
2199
2167
2141
2117
2093
2066
2035
2014
2001
2007
2029
2051
2073
2068
2040
1982
1900
1817
1732
1666
1615
1577
1550
1530
1515
1517
1532
1563
1608
1650
1690
1713
1724
1731
1736
1756
1787
1824
1866
1904
1937
1979
2028
2092
2168
2229
2279
2306
2313
2328
2348
2381
2426
2454
2468
2456
2423
2384
2342
2311
2289
2274
2265
2245
2216
2173
2120
2078
2046
2033
2035
2030
2020
2001
1975
1961
1957
1955
1954
1935
1901
1867
1833
1827
1843
1875
1920
1952
1972
1969
1949
1926
1899
1886
1886
1897
1917
1936
1955
1974
1993
2013
2035
2051
2062
2068
2070
2070
2068
2062
2053
2041
2028
2021
2017
2018
2022
2026
2030
2033
2035
2034
2032
2033
2037
2046
2059
2061
2054
2039
2015
2009
2016
2043
2085
2118
2143
2149
2139
2125
2109
2103
2105
2120
2144
2163
2179
2171
2142
2103
2057
2032
2025
2031
2049
2052
2042
2018
1982
1955
1933
1925
1927
1934
1944
1949
1949
1945
1939
1944
1958
1985
2023
2057
2089
2108
2115
2114
2107
2098
2089
2084
2083
2089
2100
2109
2114
2109
2096
2082
2066
2055
2048
2039
2027
2006
1977
1951
1927
1921
1928
1950
1983
2005
2016
2007
1981
1965
1956
1979
2030
2086
2146
2178
2186
2173
2143
2121
2105
2105
2119
2135
2153
2158
2151
2133
2104
2081
2062
2058
2065
2075
2087
2084
2068
2036
1990
1944
1897
1866
1848
1846
1855
1863
1868
1864
1853
1843
1835
1841
1859
1886
1921
1951
1978
1991
1995
1994
1990
1995
2006
2024
2048
2062
2069
2065
2052
2044
2042
2050
2067
2078
2085
2085
2078
2078
2083
2094
2109
2117
2119
2120
2119
2124
2135
2146
2157
2163
2163
2159
2150
2145
2142
2147
2158
2169
2179
2174
2156
2132
2102
2082
2069
2063
2062
2058
2051
2042
2031
2017
1999
1975
1946
1924
1906
1901
1906
1915
1927
1933
1933
1929
1924
1927
1937
1959
1992
2025
2058
2077
2086
2085
2077
2072
2069
2070
2074
2075
2073
2067
2056
2045
2034
2028
2024
2025
2030
2038
2047
2055
2062
2067
2069
2070
2070
2071
2074
2082
2094
2106
2117
2124
2128
2135
2144
2164
2191
2219
2247
2268
2284
2303
2323
2346
2371
2384
2387
2375
2350
2319
2283
2244
2203
2165
2129
2104
2088
2079
2075
2067
2054
2039
2021
2005
1989
1972
1952
1931
1909
1887
1867
1846
1826
1811
1798
1793
1794
1799
1806
1811
1814
1813
1809
1801
1789
1777
1765
1755
1748
1738
1727
1715
1704
1700
1702
1708
1719
1728
1735
1745
1758
1777
1801
1822
1840
1850
1853
1858
1863
1878
1902
1930
1963
1997
2031
2072
2117
2168
2224
2272
2316
2348
2370
2385
2394
2396
2392
2380
2362
2343
2323
2308
2297
2287
2279
2271
2264
2260
2259
2257
2255
2246
2231
2212
2190
2168
2146
2127
2109
2095
2084
2079
2078
2078
2080
2078
2074
2068
2061
2056
2054
2055
2058
2060
2062
2059
2054
2047
2039
2035
2033
2035
2039
2044
2048
2051
2054
2055
2055
2051
2046
2040
2035
2031
2029
2027
2025
2020
2011
2000
1987
1978
1971
1973
1980
1988
1997
2000
1996
1990
1981
1980
1984
1992
2005
2019
2034
2050
2066
2080
2092
2096
2094
2085
2071
2057
2042
2029
2017
2007
1999
1995
1995
2001
2012
2026
2041
2051
2057
2058
2055
2052
2050
2049
2048
2047
2047
2050
2056
2064
2075
2084
2092
2102
2113
2127
2143
2154
2161
2163
2161
2159
2157
2157
2157
2155
2153
2152
2150
2147
2143
2133
2118
2102
2084
2070
2059
2050
2043
2040
2040
2042
2047
2047
2043
2031
2013
1995
1977
1962
1949
1939
1930
1926
1927
1934
1947
1960
1973
1984
1993
1999
2004
2008
2012
2018
2027
2036
2047
2053
2057
2057
2054
2053
2054
2057
2062
2067
2071
2075
2077
2079
2080
2079
2076
2073
2070
2067
2063
2059
2055
2051
2047
2047
2050
2055
2060
2063
2064
2063
2059
2055
2050
2046
2044
2043
2044
2043
2039
2034
2028
2027
2030
2034
2039
2041
2039
2042
2047
2059
2076
2085
2087
2077
2057
2038
2018
2002
1988
1974
1961
1951
1944
1939
1937
1936
1934
1935
1937
1941
1945
1945
1941
1933
1924
1914
1904
1891
1876
1860
1842
1828
1816
1808
1804
1804
1806
1809
1814
1820
1826
1833
1842
1852
1863
1878
1894
1917
1945
1974
2005
2030
2051
2073
2096
2125
2158
2188
2217
2241
2263
2284
2304
2322
2337
2349
2359
2369
2380
2385
2385
2376
2360
2345
2329
2314
2301
2285
2267
2252
2239
2233
2232
2228
2221
2206
2183
2158
2131
2106
2084
2063
2043
2023
2003
1986
1970
1961
1957
1958
1965
1973
1980
1984
1984
1983
1980
1978
1976
1975
1974
1973
1972
1973
1975
1979
1984
1990
1997
2003
2008
2012
2015
2017
2018
2017
2014
2011
2007
2004
2002
2001
1999
2000
2002
2006
2013
2019
2024
2028
2031
2035
2039
2042
2045
2045
2042
2038
2034
2032
2032
2034
2037
2040
2042
2044
2044
2040
2033
2027
2020
2016
2016
2017
2019
2021
2023
2026
2030
2032
2034
2032
2028
2023
2017
2011
2005
1999
1992
1985
1978
1972
1967
1966
1970
1978
1991
2002
2011
2016
2016
2016
2018
2021
2026
2030
2032
2034
2036
2038
2040
2043
2045
2047
2049
2051
2053
2055
2055
2052
2048
2042
2035
2031
2027
2026
2028
2029
2029
2028
2024
2022
2022
2025
2032
2038
2044
2048
2052
2054
2056
2055
2052
2048
2044
2044
2046
2050
2055
2059
2063
2066
2068
2068
2067
2065
2063
2063
2065
2068
2072
2077
2082
2087
2091
2092
2091
2089
2087
2085
2085
2081
2075
2065
2050
2039
2030
2027
2030
2033
2036
2038
2038
2041
2045
2047
2049
2047
2043
2041
2041
2043
2047
2051
2054
2057
2059
2062
2066
2070
2074
2078
2080
2081
2079
2076
2071
2063
2054
2042
2029
2015
2000
1986
1973
1962
1953
1949
1947
1947
1947
1944
1940
1936
1933
1933
1935
1936
1936
1933
1929
1928
1928
1931
1938
1946
1956
1967
1978
1989
2000
2012
2026
2046
2070
2093
2115
2129
2134
2131
2121
2108
2092
2078
2064
2054
2047
2045
2046
2048
2052
2059
2069
2081
2094
2104
2109
2111
2111
2111
2111
2110
2108
2106
2104
2105
2107
2107
2105
2098
2087
2081
2078
2079
2084
2087
2087
2083
2076
2071
2067
2065
2065
2065
2065
2064
2063
2061
2057
2054
2050
2048
2048
2049
2051
2053
2055
2055
2055
2053
2050
2046
2042
2040
2039
2040
2042
2044
2046
2048
2050
2051
2051
2050
2048
2045
2043
2042
2042
2045
2049
2056
2064
2072
2080
2084
2084
2080
2071
2060
2047
2034
2021
2009
1997
1989
1985
1989
2000
2016
2037
2058
2078
2093
2104
2112
2116
2117
2116
2113
2109
2105
2100
2095
2090
2084
2078
2072
2067
2063
2060
2060
2062
2064
2064
2059
2051
2040
2027
2017
2009
2006
2007
2012
2019
2026
2033
2038
2043
2049
2056
2063
2068
2071
2071
2071
2071
2073
2076
2076
2074
2070
2066
2066
2068
2071
2075
2078
2081
2084
2086
2084
2078
2074
2072
2080
2096
2111
2124
2125
2115
2100
2080
2061
2041
2019
1995
1978
1967
1965
1970
1976
1981
1987
1994
2005
2019
2030
2037
2040
2039
2040
2042
2044
2045
2045
2045
2048
2055
2058
2058
2050
2037
2027
2018
2012
2007
1997
1982
1966
1948
1936
1927
1919
1912
1904
1896
1889
1882
1876
1870
1866
1864
1863
1865
1867
1870
1875
1881
1889
1899
1910
1922
1935
1948
1965
1983
2002
2022
2040
2056
2071
2084
2097
2109
2121
2132
2145
2160
2178
2198
2217
2237
2253
2266
2273
2275
2268
2254
2236
2215
2196
2178
2161
2145
2129
2114
2106
2104
2108
2115
2121
2125
2125
2121
2115
2107
2098
2087
2078
2069
2062
2058
2056
2057
2059
2062
2064
2066
2065
2063
2060
2056
2051
2045
2039
2032
2028
2026
2027
2030
2033
2035
2037
2038
2039
2040
2040
2038
2037
2035
2035
2035
2034
2034
2034
2034
2035
2036
2036
2034
2034
2034
2038
2044
2048
2050
2046
2039
2031
2023
2018
2015
2014
2014
2018
2025
2035
2046
2054
2061
2063
2061
2053
2040
2025
2007
1990
1974
1960
1949
1943
1941
1945
1955
1969
1985
2000
2015
2027
2037
2042
2043
2041
2036
2034
2034
2038
2045
2050
2052
2053
2052
2054
2058
2064
2069
2072
2073
2073
2072
2070
2068
2066
2062
2061
2061
2063
2065
2065
2065
2066
2070
2076
2085
2090
2094
2095
2094
2092
2088
2082
2075
2069
2065
2063
2065
2062
2057
2050
2042
2041
2045
2053
2063
2068
2068
2068
2066
2065
2064
2061
2057
2056
2059
2067
2078
2086
2093
2093
2089
2080
2066
2044
2015
1989
1965
1953
1951
1955
1962
1970
1979
1993
2012
2032
2052
2063
2067
2066
2061
2056
2052
2050
2050
2055
2065
2077
2090
2097
2098
2093
2082
2072
2062
2054
2048
2043
2039
2036
2033
2033
2035
2039
2045
2049
2052
2051
2047
2043
2039
2037
2037
2040
2044
2051
2059
2066
2073
2079
2083
2086
2088
2088
2086
2083
2079
2077
2077
2079
2081
2077
2068
2058
2048
2041
2037
2031
2024
2017
2012
2012
2016
2015
2010
1996
1976
1956
1935
1910
1881
1848
1812
1786
1768
1761
1764
1767
1770
1775
1782
1796
1816
1835
1853
1866
1875
1880
1883
1890
1899
1920
1951
1990
2037
2081
2121
2154
2183
2209
2234
2254
2270
2277
2278
2278
2276
2276
2276
2276
2274
2273
2271
2269
2266
2261
2254
2246
2237
2228
2217
2205
2190
2177
2164
2154
2145
2138
2131
2124
2119
2113
2106
2097
2086
2076
2067
2061
2057
2051
2044
2035
2025
2019
2015
2012
2010
2006
2001
1998
1996
2000
2008
2016
2025
2029
2031
2028
2022
2012
1998
1982
1966
1952
1941
1934
1931
1934
1943
1956
1974
1992
2009
2021
2028
2033
2037
2039
2039
2035
2028
2022
2016
2016
2021
2029
2040
2047
2052
2055
2057
2058
2060
2059
2056
2052
2048
2045
2045
2045
2047
2046
2044
2042
2039
2037
2035
2034
2033
2033
2034
2036
2040
2043
2045
2045
2042
2039
2037
2036
2036
2036
2034
2032
2029
2029
2032
2036
2040
2043
2045
2047
2051
2055
2059
2060
2059
2057
2054
2050
2046
2041
2036
2032
2030
2031
2035
2042
2049
2056
2061
2062
2060
2052
2041
2030
2019
2011
2004
1995
1983
1972
1962
1963
1972
1987
2006
2022
2035
2046
2055
2061
2064
2061
2052
2046
2042
2045
2054
2062
2069
2073
2074
2078
2085
2093
2101
2103
2101
2097
2092
2090
2091
2092
2092
2091
2088
2085
2083
2079
2075
2070
2065
2063
2064
2071
2083
2095
2108
2115
2118
2117
2113
2107
2100
2095
2091
2090
2090
2090
2092
2094
2096
2099
2103
2103
2101
2097
2090
2085
2081
2078
2076
2071
2062
2052
2041
2034
2029
2024
2020
2019
2019
2026
2037
2047
2055
2056
2052
2046
2037
2024
2008
1986
1960
1940
1925
1921
1925
1933
1942
1953
1964
1981
2001
2019
2037
2049
2055
2056
2052
2047
2041
2040
2042
2054
2072
2091
2111
2122
2127
2128
2126
2124
2122
2117
2109
2100
2089
2083
2080
2080
2083
2085
2085
2084
2081
2077
2073
2068
2064
2059
2055
2049
2042
2032
2019
2006
1993
1984
1977
1969
1960
1945
1926
1908
1891
1875
1859
1840
1818
1795
1772
1754
1740
1728
1718
1711
1706
1707
1713
1723
1736
1754
1777
1808
1845
1880
1915
1943
1965
1988
2011
2036
2061
2085
2107
2134
2166
2205
2249
2290
2330
2364
2394
2420
2442
2454
2458
2451
2436
2419
2400
2381
2363
2345
2327
2313
2302
2292
2281
2266
2246
2227
2208
2192
2179
2163
2145
2122
2095
2072
2051
2035
2024
2015
2008
2002
1998
1997
1998
2000
2002
2001
1997
1991
1982
1976
1972
1971
1972
1973
1973
1972
1971
1971
1973
1973
1971
1970
1969
1972
1979
1987
1995
2000
2002
2004
2008
2013
2018
2020
2019
2018
2017
2021
2030
2041
2052
2057
2059
2055
2046
2036
2024
2012
2001
1991
1982
1971
1959
1951
1946
1950
1963
1980
2000
2015
2026
2033
2035
2035
2033
2030
2026
2023
2021
2023
2027
2032
2038
2044
2049
2054
2058
2059
2059
2056
2052
2048
2045
2042
2039
2036
2034
2034
2035
2036
2036
2035
2033
2032
2032
2033
2037
2040
2042
2041
2039
2037
2034
2031
2029
2028
2028
2028
2028
2030
2033
2036
2040
2042
2042
2043
2045
2049
2055
2059
2063
2063
2061
2061
2063
2068
2077
2084
2091
2096
2100
2103
2107
2108
2107
2105
2102
2098
2094
2084
2070
2053
2035
2022
2013
2011
2016
2026
2041
2060
2082
2102
2122
2134
2141
2142
2138
2130
2119
2107
2096
2093
2096
2104
2115
2121
2121
2117
2110
2106
2104
2103
2103
2098
2089
2079
2068
2060
2053
2046
2040
2035
2030
2025
2021
2017
2013
2013
2015
2020
2027
2032
2036
2038
2039
2041
2043
2045
2046
2046
2046
2047
2051
2057
2066
2074
2080
2082
2081
2079
2076
2075
2075
2074
2072
2065
2054
2048
2046
2049
2058
2062
2062
2058
2050
2045
2041
2033
2022
2005
1981
1965
1954
1954
1961
1967
1972
1977
1981
1988
1999
2007
2014
2018
2020
2023
2028
2035
2044
2057
2073
2091
2110
2124
2135
2141
2144
2146
2146
2139
2128
2115
2100
2091
2087
2085
2085
2081
2075
2070
2066
2063
2061
2057
2050
2043
2036
2033
2031
2027
2020
2010
1998
1988
1979
1971
1965
1957
1948
1936
1923
1908
1892
1873
1852
1828
1802
1774
1743
1712
1679
1649
1622
1602
1587
1578
1573
1567
1561
1555
1548
1547
1551
1563
1582
1611
1649
1703
1770
1856
1958
2069
2188
2294
2390
2465
2523
2572
2612
2648
2681
2701
2712
2712
2704
2696
2687
2678
2669
2655
2637
2614
2589
2558
2522
2480
2435
2390
2346
2302
2259
2215
2171
2132
2098
2073
2055
2040
2027
2014
2001
1991
1982
1972
1959
1945
1930
1921
1916
1915
1917
1917
1915
1915
1915
1919
1926
1932
1938
1943
1947
1949
1951
1949
1945
1938
1931
1928
1928
1931
1938
1945
1951
1956
1960
1968
1979
1992
2008
2019
2028
2030
2026
2017
2006
1995
1984
1973
1962
1950
1939
1934
1933
1937
1946
1956
1968
1981
1994
2004
2013
2014
2010
2003
1996
1993
1995
1999
2006
2013
2020
2027
2035
2041
2045
2045
2043
2042
2040
2039
2038
2034
2028
2023
2019
2020
2025
2029
2033
2034
2032
2032
2032
2033
2034
2034
2033
2033
2033
2033
2034
2032
2028
2024
2020
2020
2022
2025
2029
2033
2037
2040
2042
2041
2038
2034
2029
2027
2029
2033
2039
2042
2042
2040
2036
2032
2030
2030
2033
2036
2039
2041
2043
2045
2049
2054
2060
2063
2065
2062
2055
2050
2045
2045
2049
2055
2060
2061
2058
2056
2055
2060
2071
2081
2092
2098
2100
2100
2098
2098
2099
2101
2105
2113
2125
2139
2155
2167
2176
2181
2181
2177
2170
2161
2148
2138
2130
2128
2130
2132
2132
2128
2119
2111
2102
2094
2085
2075
2066
2063
2065
2071
2082
2088
2090
2090
2088
2087
2089
2088
2086
2080
2071
2065
2061
2061
2065
2067
2067
2067
2065
2065
2066
2065
2063
2058
2051
2045
2041
2040
2040
2039
2036
2034
2033
2039
2051
2064
2077
2081
2079
2069
2051
2028
2001
1973
1942
1917
1897
1889
1890
1897
1908
1919
1932
1947
1965
1986
2009
2028
2043
2052
2056
2062
2069
2080
2095
2113
2133
2152
2171
2185
2195
2197
2193
2182
2166
2150
2134
2119
2104
2088
2072
2057
2042
2031
2024
2017
2011
2003
1992
1980
1967
1952
1937
1919
1898
1876
1854
1834
1815
1794
1770
1743
1712
1684
1657
1632
1607
1577
1542
1503
1461
1420
1382
1347
1315
1286
1259
1242
1231
1236
1254
1288
1335
1397
1471
1568
1683
1826
1992
2170
2357
2526
2679
2802
2900
2981
3048
3100
3141
3162
3167
3158
3138
3112
3080
3040
2993
2940
2881
2819
2755
2688
2617
2548
2479
2418
2365
2318
2275
2230
2184
2139
2095
2056
2020
1986
1954
1925
1898
1877
1859
1844
1832
1824
1819
1819
1823
1830
1841
1851
1862
1871
1879
1887
1896
1905
1914
1920
1922
1919
1910
1900
1891
1887
1887
1890
1895
1900
1904
1911
1920
1930
1942
1952
1961
1967
1971
1977
1982
1988
1993
1997
1999
2000
2001
2005
2011
2019
2028
2034
2038
2036
2030
2023
2014
2005
1995
1983
1968
1955
1943
1937
1935
1940
1951
1967
1987
2008
2031
2050
2065
2078
2089
2104
2122
2140
2158
2173
2184
2190
2192
2186
2175
2161
2144
2135
2133
2139
2150
2157
2161
2161
2159
2159
2161
2159
2154
2143
2128
2115
2103
2096
2092
2092
2094
2100
2108
2116
2125
2130
2132
2132
2129
2126
2122
2120
2119
2120
2124
2126
2126
2121
2110
2096
2078
2065
2056
2050
2046
2040
2031
2019
2004
1990
1977
1967
1962
1964
1971
1982
1996
2006
2013
2014
2011
2005
1997
1984
1968
1949
1929
1916
1908
1905
1907
1905
1900
1894
1887
1885
1885
1884
1883
1877
1867
1853
1837
1822
1807
1797
1790
1784
1780
1772
1761
1746
1727
1704
1678
1655
1635
1623
1619
1617
1617
1609
1595
1580
1565
1557
1555
1564
1581
1615
1664
1731
1813
1898
1985
2061
2126
2177
2215
2244
2265
2277
2281
2278
2269
2280
2307
2377
2481
2583
2681
2720
2711
2673
2611
2572
2550
2534
2521
2494
2454
2420
2391
2373
2366
2358
2350
2346
2344
2344
2345
2339
2326
2308
2286
2257
2222
2179
2129
2086
2049
2027
2018
2012
2010
2008
2007
2007
2007
2001
1990
1977
1964
1959
1961
1965
1970
1971
1969
1969
1969
1968
1966
1960
1949
1942
1938
1937
1937
1932
1924
1918
1914
1917
1927
1938
1950
1958
1962
1965
1968
1974
1982
1990
1999
2006
2011
2013
2013
2012
2011
2013
2017
2022
2028
2034
2041
2049
2060
2073
2088
2101
2113
2123
2130
2142
2157
2173
2189
2203
2215
2239
2272
2321
2383
2433
2473
2485
2474
2453
2422
2390
2357
2319
2277
2237
2198
2161
2125
2097
2075
2069
2078
2078
2071
2034
1972
1918
1869
1850
1855
1862
1871
1876
1878
1880
1883
1870
1845
1817
1787
1774
1776
1772
1763
1744
1716
1701
1697
1700
1707
1726
1755
1818
1909
1980
2036
2018
1939
1852
1759
1725
1740
1776
1829
1876
1917
1967
2025
2077
2122
2144
2147
2148
2148
2146
2144
2119
2077
2032
1985
1970
1981
2015
2068
2112
2150
2173
2184
2188
2186
2179
2168
2148
2121
2086
2044
2000
1954
1913
1875
1839
1804
1766
1724
1687
1652
1631
1620
1622
1633
1653
1682
1725
1778
1846
1926
2012
2105
2193
2277
2354
2423
2484
2539
2577
2601
2598
2572
2527
2467
2405
2341
2278
2214
2153
2093
2046
2010
1991
1987
1996
2016
2043
2077
2113
2151
2186
2217
2240
2257
2266
2270
2267
2260
2246
2228
2201
2167
2130
2090
2057
2030
2010
1995
1982
1971
1964
1962
1967
1980
1993
2007
2017
2023
2030
2039
2048
2056
2055
2048
2034
2016
2001
1988
1976
1965
1949
1927
1906
1885
1873
1869
1872
1883
1898
1916
1939
1965
1994
2027
2062
2100
2135
2169
2191
2203
2204
2196
2193
2193
2203
2221
2236
2247
2248
2241
2228
2210
2191
2169
2147
2125
2105
2089
2069
2046
2005
1949
1880
1800
1738
1690
1674
1685
1705
1733
1748
1752
1746
1733
1727
1726
1739
1763
1798
1841
1882
1922
1959
1993
2031
2071
2111
2151
2181
2201
2213
2217
2222
2226
2229
2233
2232
2228
2222
2213
2205
2198
2192
2187
2174
2155
2131
2104
2088
2082
2084
2093
2088
2070
2040
2000
1976
1966
1981
2017
2062
2115
2171
2231
2298
2371
2433
2486
2509
2507
2499
2488
2506
2548
2582
2609
2576
2493
2384
2254
2159
2093
2047
2018
1977
1928
1885
1847
1826
1821
1811
1798
1775
1742
1713
1687
1672
1665
1666
1675
1688
1704
1721
1738
1752
1765
1775
1782
1790
1798
1807
1816
1822
1825
1830
1837
1863
1904
1958
2022
2074
2116
2147
2168
2189
2210
2229
2245
2256
2263
2270
2277
2281
2282
2272
2252
2229
2202
2180
2160
2140
2122
2101
2079
2051
2018
1976
1927
1875
1822
1774
1729
1686
1646
1606
1568
1533
1501
1474
1452
1437
1430
1431
1440
1450
1459
1460
1454
1441
1423
1409
1399
1407
1429
1468
1523
1583
1647
1709
1771
1835
1902
1974
2049
2130
2215
2301
2388
2456
2510
2541
2554
2570
2590
2633
2695
2772
2861
2943
3019
3071
3103
3108
3092
3069
3040
3018
3000
2972
2936
2882
2814
2755
2703
2676
2671
2675
2686
2681
2665
2627
2572
2502
2420
2330
2233
2134
2033
1940
1855
1791
1744
1719
1713
1717
1728
1737
1742
1741
1736
1722
1702
1671
1632
1592
1552
1524
1506
1502
1508
1520
1538
1556
1574
1586
1593
1596
1596
1608
1630
1667
1717
1768
1821
1865
1903
1931
1951
1962
1965
1967
1969
1975
1985
1994
2003
2014
2025
2045
2070
2099
2130
2156
2176
2189
2196
2194
2185
2169
2145
2118
2087
2057
2028
2005
1987
1979
1980
1987
2000
2013
2028
2042
2055
2062
2066
2062
2053
2039
2021
2001
1977
1954
1930
1915
1907
1908
1917
1927
1938
1948
1957
1966
1975
1986
1998
2014
2032
2055
2081
2103
2123
2132
2134
2125
2107
2085
2058
2036
2017
2006
2001
2000
2002
2009
2018
2035
2057
2079
2099
2107
2105
2094
2076
2059
2043
2031
2021
2010
1998
1985
1971
1959
1949
1946
1950
1961
1979
2000
2024
2048
2070
2089
2105
2119
2132
2145
2158
2172
2188
2204
2222
2240
2258
2279
2301
2323
2343
2356
2363
2365
2361
2359
2359
2360
2364
2366
2368
2366
2361
2346
2323
2290
2248
2213
2182
2170
2172
2177
2184
2177
2157
2124
2080
2034
1987
1948
1917
1898
1889
1886
1890
1896
1904
1914
1927
1933
1933
1922
1902
1881
1861
1845
1834
1824
1813
1805
1798
1796
1797
1799
1801
1805
1810
1819
1830
1842
1853
1862
1870
1871
1867
1854
1832
1810
1787
1768
1753
1736
1718
1706
1699
1708
1730
1755
1784
1810
1834
1860
1887
1904
1912
1909
1898
1902
1920
1961
2021
2084
2148
2208
2263
2310
2350
2372
2379
2368
2343
2315
2284
2258
2235
2218
2205
2197
2192
2188
2184
2184
2186
2191
2200
2204
2202
2193
2177
2163
2150
2143
2141
2139
2137
2132
2125
2119
2112
2104
2097
2090
2084
2079
2074
2069
2065
2061
2059
2056
2054
2049
2040
2027
2011
1998
1985
1977
1972
1970
1970
1971
1974
1978
1983
1989
1994
2002
2011
2022
2035
2047
2059
2068
2075
2080
2082
2083
2082
2082
2083
2089
2099
2113
2130
2145
2159
2167
2170
2172
2172
2175
2182
2191
2201
2210
2218
2230
2245
2265
2289
2310
2330
2343
2350
2347
2336
2311
2275
2235
2193
2163
2143
2136
2138
2137
2134
2125
2110
2093
2073
2051
2029
2007
1987
1967
1947
1925
1903
1889
1880
1880
1889
1896
1901
1901
1897
1896
1897
1897
1897
1893
1887
1885
1887
1888
1888
1886
1881
1884
1893
1905
1918
1921
1915
1914
1916
1928
1950
1961
1963
1956
1940
1926
1915
1897
1875
1846
1813
1788
1768
1756
1751
1751
1756
1761
1766
1759
1741
1727
1716
1728
1759
1783
1803
1803
1785
1777
1777
1783
1794
1791
1776
1772
1777
1805
1852
1891
1923
1947
1963
1992
2031
2065
2095
2103
2093
2080
2065
2064
2073
2096
2130
2174
2225
2276
2325
2370
2412
2456
2501
2541
2577
2600
2613
2629
2649
2685
2734
2778
2818
2829
2815
2779
2726
2672
2618
2570
2526
2486
2448
2406
2359
2293
2211
2106
1982
1863
1748
1661
1599
1564
1551
1556
1574
1606
1648
1688
1726
1752
1768
1777
1781
1788
1799
1814
1834
1859
1888
1918
1947
1969
1985
1995
1999
2004
2011
2016
2021
2021
2017
2010
2001
1993
1986
1981
1979
1977
1975
1975
1975
1978
1983
1993
2006
2022
2038
2052
2063
2070
2072
2072
2068
2064
2060
2059
2059
2059
2059
2057
2054
2052
2051
2052
2054
2056
2060
2065
2072
2080
2091
2098
2103
2101
2092
2078
2058
2039
2019
2004
1994
1991
1993
1999
2009
2022
2038
2055
2072
2085
2096
2101
2102
2100
2095
2090
2086
2087
2092
2101
2114
2126
2137
2146
2153
2157
2159
2160
2160
2160
2160
2159
2157
2153
2146
2142
2140
2141
2144
2146
2147
2145
2141
2138
2134
2133
2133
2136
2140
2141
2139
2131
2117
2102
2086
2075
2068
2064
2061
2057
2052
2046
2040
2034
2027
2021
2014
2010
2008
2006
2004
2000
1993
1981
1963
1937
1906
1877
1849
1832
1823
1820
1821
1820
1818
1815
1813
1811
1810
1805
1797
1784
1767
1750
1732
1719
1710
1707
1710
1714
1718
1719
1717
1715
1713
1714
1718
1725
1736
1750
1768
1788
1810
1835
1862
1893
1927
1963
2000
2036
2072
2109
2147
2184
2222
2254
2281
2301
2315
2327
2336
2348
2363
2380
2399
2416
2432
2440
2444
2442
2436
2426
2411
2391
2367
2344
2320
2303
2292
2284
2277
2264
2246
2221
2191
2159
2126
2096
2067
2043
2023
2007
1995
1986
1979
1978
1980
1986
1995
2002
2006
2004
1996
1986
1975
1969
1967
1970
1977
1986
1997
2008
2019
2026
2030
2030
2028
2028
2028
2029
2031
2032
2030
2027
2022
2019
2017
2017
2018
2019
2019
2019
2019
2020
2020
2021
2021
2024
2028
2032
2037
2038
2036
2031
2024
2020
2019
2021
2026
2030
2032
2033
2031
2031
2031
2031
2032
2031
2029
2028
2027
2030
2037
2046
2057
2065
2072
2073
2071
2065
2056
2046
2036
2029
2025
2025
2027
2031
2038
2052
2072
2097
2126
2147
2161
2163
2155
2148
2141
2137
2136
2130
2120
2109
2096
2089
2087
2085
2084
2081
2076
2073
2071
2070
2070
2065
2057
2047
2035
2025
2016
2010
2006
2004
2004
2007
2012
2018
2024
2028
2032
2034
2034
2033
2033
2032
2032
2028
2021
2013
2003
1998
1997
1999
2003
2004
2000
1994
1986
1979
1972
1963
1953
1947
1945
1951
1962
1966
1966
1954
1934
1911
1887
1860
1831
1801
1768
1746
1733
1729
1733
1738
1742
1750
1763
1784
1811
1835
1856
1870
1877
1886
1897
1912
1932
1957
1986
2020
2060
2099
2137
2164
2183
2197
2206
2216
2226
2235
2244
2252
2259
2266
2275
2282
2289
2292
2291
2288
2284
2280
2276
2269
2260
2248
2234
2221
2208
2197
2188
2179
2170
2162
2155
2148
2139
2128
2115
2106
2100
2098
2098
2095
2090
2082
2072
2063
2055
2047
2038
2030
2024
2025
2032
2041
2053
2059
2059
2052
2040
2027
2014
2002
1989
1976
1962
1950
1939
1934
1934
1941
1954
1971
1990
2006
2020
2029
2034
2036
2036
2033
2029
2024
2020
2018
2018
2019
2022
2025
2027
2031
2035
2041
2047
2050
2051
2050
2046
2044
2042
2040
2038
2033
2027
2024
2023
2025
2030
2035
2039
2042
2045
2049
2053
2053
2051
2047
2040
2036
2033
2032
2034
2034
2034
2032
2029
2027
2025
2028
2033
2041
2050
2057
2062
2064
2063
2060
2056
2050
2043
2037
2033
2033
2037
2043
2052
2059
2065
2065
2061
2052
2038
2025
2012
2004
1999
1994
1990
1989
1989
1997
2011
2028
2048
2066
2081
2093
2102
2109
2113
2114
2112
2112
2112
2112
2111
2106
2099
2093
2089
2088
2092
2095
2097
2098
2097
2096
2095
2091
2086
2078
2068
2061
2057
2056
2058
2061
2063
2065
2067
2068
2070
2070
2070
2067
2063
2060
2058
2058
2058
2057
2055
2052
2047
2042
2038
2034
2031
2030
2030
2034
2041
2048
2054
2055
2053
2051
2047
2044
2042
2038
2034
2033
2036
2045
2060
2071
2079
2076
2064
2045
2021
1995
1967
1940
1913
1893
1877
1867
1863
1865
1870
1879
1891
1901
1908
1911
1910
1908
1904
1902
1902
1901
1901
1903
1907
1917
1933
1950
1968
1983
1996
2007
2017
2028
2040
2051
2062
2072
2082
2093
2105
2116
2126
2133
2137
2140
2144
2148
2152
2156
2160
2164
2169
2175
2180
2182
2182
2179
2175
2173
2174
2176
2178
2174
2167
2157
2146
2139
2135
2134
2134
2133
2130
2125
2119
2113
2107
2098
2086
2073
2058
2051
2049
2057
2073
2084
2093
2091
2081
2067
2050
2034
2018
2002
1986
1972
1961
1955
1953
1957
1966
1978
1994
2009
2024
2033
2037
2040
2040
2040
2040
2038
2034
2029
2024
2023
2027
2034
2043
2051
2056
2059
2059
2059
2058
2058
2058
2058
2058
2055
2051
2046
2039
2035
2033
2032
2032
2032
2033
2036
2040
2045
2050
2052
2052
2048
2043
2038
2034
2033
2033
2033
2035
2036
2036
2036
2034
2033
2032
2034
2039
2046
2055
2062
2066
2066
2064
2062
2058
2053
2048
2041
2032
2025
2021
2024
2032
2042
2054
2061
2063
2059
2050
2039
2028
2019
2011
2002
1992
1982
1973
1970
1972
1982
1999
2018
2039
2055
2068
2075
2078
2080
2081
2081
2080
2077
2073
2070
2069
2072
2079
2086
2093
2098
2100
2105
2112
2120
2129
2132
2129
2122
2111
2103
2098
2094
2091
2087
2082
2078
2076
2076
2076
2075
2072
2069
2065
2062
2058
2055
2053
2051
2050
2049
2048
2048
2048
2050
2052
2053
2052
2048
2042
2039
2038
2040
2044
2046
2046
2045
2041
2035
2026
2012
1995
1983
1975
1977
1986
1993
1998
1993
1980
1963
1944
1924
1902
1880
1857
1840
1828
1823
1825
1832
1843
1861
1886
1915
1946
1970
1988
1997
2000
2002
2004
2007
2011
2019
2030
2046
2068
2088
2108
2122
2133
2143
2152
2160
2167
2169
2166
2161
2154
2150
2148
2147
2147
2147
2147
2147
2147
2144
2139
2133
2126
2121
2117
2113
2109
2103
2097
2093
2089
2088
2088
2087
2086
2084
2082
2080
2078
2076
2073
2069
2065
2062
2061
2061
2062
2062
2061
2059
2055
2051
2046
2040
2034
2032
2032
2038
2050
2061
2071
2071
2062
2048
2030
2016
2006
1999
1995
1989
1982
1975
1969
1971
1978
1991
2009
2026
2041
2050
2054
2055
2054
2053
2051
2047
2042
2036
2029
2027
2029
2034
2042
2047
2051
2053
2053
2053
2054
2056
2058
2059
2060
2060
2059
2057
2053
2050
2048
2046
2046
2046
2046
2047
2049
2053
2057
2058
2058
2055
2050
2045
2041
2038
2036
2035
2035
2035
2035
2035
2037
2038
2040
2042
2044
2047
2050
2055
2060
2065
2069
2069
2066
2060
2051
2042
2034
2028
2024
2022
2024
2029
2038
2045
2051
2051
2047
2041
2034
2028
2023
2017
2011
2004
1997
1991
1987
1988
1992
2003
2019
2037
2057
2072
2083
2088
2089
2090
2091
2092
2092
2091
2089
2089
2089
2090
2092
2095
2097
2098
2100
2101
2101
2100
2097
2094
2092
2092
2094
2095
2097
2094
2087
2078
2068
2062
2060
2061
2065
2065
2062
2056
2048
2043
2040
2039
2039
2040
2040
2039
2038
2038
2038
2040
2044
2048
2052
2055
2057
2059
2063
2067
2071
2072
2068
2062
2055
2050
2048
2046
2043
2041
2039
2045
2057
2071
2086
2092
2090
2081
2065
2048
2028
2009
1991
1978
1971
1971
1976
1984
1993
2004
2017
2031
2047
2060
2071
2075
2075
2070
2062
2052
2041
2032
2027
2027
2032
2038
2045
2048
2050
2048
2043
2033
2020
2003
1985
1969
1956
1943
1932
1920
1907
1898
1891
1886
1884
1881
1877
1874
1871
1872
1876
1883
1892
1901
1910
1920
1932
1947
1965
1985
2006
2026
2045
2061
2074
2088
2101
2117
2134
2150
2165
2176
2185
2193
2199
2204
2208
2208
2206
2201
2196
2195
2198
2207
2221
2232
2241
2237
2224
2203
2175
2148
2123
2101
2082
2065
2049
2038
2031
2030
2035
2042
2051
2056
2059
2060
2058
2055
2051
2047
2043
2038
2034
2031
2027
2026
2027
2031
2037
2043
2049
2052
2053
2052
2050
2048
2044
2040
2036
2032
2030
2028
2028
2027
2027
2027
2028
2031
2036
2040
2044
2045
2043
2041
2039
2039
2039
2037
2033
2029
2025
2025
2027
2030
2034
2036
2036
2035
2035
2037
2041
2045
2048
2047
2043
2038
2033
2028
2024
2020
2015
2014
2016
2024
2037
2048
2059
2062
2058
2049
2036
2023
2012
2003
1998
1994
1990
1986
1981
1981
1985
1998
2018
2038
2060
2076
2087
2095
2101
2105
2108
2108
2105
2102
2100
2099
2099
2096
2092
2086
2079
2078
2080
2086
2093
2098
2100
2100
2099
2095
2090
2083
2074
2069
2067
2066
2066
2061
2052
2043
2034
2031
2035
2040
2047
2051
2052
2052
2052
2051
2050
2049
2047
2047
2047
2045
2043
2041
2039
2042
2048
2056
2067
2072
2074
2073
2069
2065
2060
2054
2047
2044
2046
2053
2066
2075
2081
2080
2075
2065
2052
2034
2010
1987
1964
1951
1947
1948
1954
1961
1970
1986
2007
2029
2052
2067
2074
2076
2074
2070
2064
2055
2044
2040
2042
2053
2071
2084
2092
2091
2082
2073
2064
2055
2048
2036
2021
2005
1989
1975
1964
1954
1947
1939
1931
1920
1907
1895
1882
1872
1865
1858
1851
1844
1837
1832
1829
1830
1834
1842
1852
1864
1879
1892
1904
1916
1927
1946
1970
1998
2029
2057
2081
2102
2122
2142
2162
2179
2194
2207
2218
2235
2256
2277
2299
2311
2315
2310
2298
2282
2263
2241
2217
2196
2176
2160
2149
2139
2130
2124
2120
2123
2132
2139
2143
2136
2121
2105
2089
2078
2072
2065
2056
2048
2040
2040
2047
2054
2063
2065
2063
2059
2054
2048
2042
2035
2026
2019
2015
2014
2016
2016
2015
2015
2015
2016
2018
2017
2015
2015
2015
2018
2023
2025
2025
2022
2018
2017
2019
2022
2024
2024
2021
2020
2020
2023
2028
2032
2035
2037
2037
2036
2036
2034
2031
2027
2023
2019
2017
2017
2020
2027
2038
2049
2060
2063
2059
2048
2031
2017
2005
1997
1993
1988
1981
1974
1968
1970
1979
1991
2007
2021
2034
2047
2062
2076
2089
2097
2099
2099
2095
2096
2100
2106
2113
2117
2118
2118
2116
2117
2120
2123
2127
2129
2129
2130
2131
2132
2132
2130
2126
2121
2116
2112
2110
2109
2108
2105
2100
2094
2088
2084
2081
2078
2074
2068
2061
2052
2043
2035
2029
2024
2020
2016
2011
2006
2002
2001
2003
2008
2013
2016
2016
2014
2012
2011
2011
2008
2002
1994
1985
1983
1988
1999
2015
2026
2033
2033
2028
2019
2008
1991
1969
1946
1924
1912
1910
1914
1923
1932
1940
1954
1973
1997
2026
2048
2063
2069
2067
2064
2060
2058
2058
2061
2068
2080
2098
2112
2125
2129
2127
2122
2114
2104
2093
2078
2058
2037
2015
1998
1985
1974
1966
1958
1951
1941
1928
1913
1895
1880
1865
1853
1843
1832
1819
1808
1799
1795
1797
1801
1808
1816
1825
1837
1851
1869
1890
1914
1940
1969
2002
2034
2065
2092
2118
2142
2165
2188
2210
2230
2250
2271
2293
2316
2340
2359
2374
2380
2379
2371
2357
2339
2317
2293
2266
2239
2210
2183
2156
2137
2124
2119
2119
2119
2119
2118
2115
2108
2098
2083
2064
2048
2033
2027
2028
2031
2036
2037
2035
2034
2034
2035
2038
2037
2033
2028
2021
2015
2011
2007
2003
1999
1997
1998
2002
2005
2008
2010
2010
2010
2012
2014
2017
2019
2021
2020
2018
2014
2009
2005
2003
2006
2011
2016
2021
2023
2021
2020
2018
2021
2028
2034
2041
2045
2045
2043
2039
2035
2030
2026
2024
2024
2026
2031
2038
2044
2051
2054
2054
2050
2041
2029
2015
2004
1995
1987
1982
1974
1965
1956
1949
1949
1956
1969
1987
2005
2023
2034
2041
2043
2039
2034
2027
2024
2022
2025
2032
2040
2049
2057
2064
2070
2076
2082
2089
2097
2104
2111
2118
2125
2130
2133
2134
2135
2135
2135
2135
2135
2133
2132
2130
2130
2131
2132
2132
2132
2130
2131
2134
2136
2138
2134
2125
2115
2106
2101
2100
2097
2093
2086
2077
2074
2076
2080
2087
2087
2082
2075
2066
2058
2052
2045
2037
2032
2030
2033
2042
2048
2052
2047
2035
2017
1995
1970
1943
1917
1893
1877
1868
1868
1873
1882
1893
1908
1926
1946
1966
1981
1991
1994
1990
1985
1978
1976
1976
1985
2001
2018
2038
2053
2062
2067
2068
2070
2072
2072
2071
2066
2057
2048
2039
2035
2034
2037
2043
2052
2064
2074
2083
2085
2082
2076
2067
2061
2057
2056
2058
2060
2062
2065
2067
2069
2071
2073
2075
2078
2082
2088
2095
2099
2101
2099
2095
2093
2093
2094
2098
2101
2103
2108
2115
2124
2134
2136
2132
2119
2100
2079
2057
2030
2001
1968
1933
1904
1882
1867
1858
1850
1843
1835
1827
1820
1813
1804
1793
1778
1761
1743
1725
1709
1696
1694
1702
1723
1755
1787
1820
1848
1872
1900
1933
1971
2013
2055
2096
2135
2173
2209
2244
2276
2305
2332
2356
2377
2397
2413
2425
2432
2434
2434
2432
2427
2418
2404
2386
2367
2346
2325
2305
2284
2262
2240
2218
2196
2176
2156
2138
2120
2103
2086
2070
2054
2038
2024
2011
2002
1995
1993
1995
1999
2006
2011
2016
2016
2011
1999
1982
1965
1949
1937
1929
1922
1915
1908
1902
1903
1910
1923
1941
1957
1973
1985
1994
1998
1998
1993
1986
1980
1976
1978
1984
1992
2003
2012
2020
2027
2033
2037
2039
2037
2033
2027
2020
2015
2013
2014
2018
2022
2024
2023
2019
2018
2019
2023
2028
2030
2028
2025
2020
2019
2023
2026
2029
2027
2020
2016
2014
2016
2022
2026
2028
2027
2023
2022
2022
2026
2031
2036
2040
2041
2040
2038
2034
2032
2030
2031
2033
2035
2038
2042
2046
2052
2059
2066
2071
2071
2067
2058
2045
2035
2026
2021
2019
2018
2019
2024
2032
2046
2064
2085
2109
2130
2150
2163
2170
2169
2161
2148
2131
2117
2104
2099
2101
2109
2124
2138
2151
2158
2158
2152
2142
2132
2123
2113
2102
2090
2077
2068
2061
2058
2058
2056
2052
2047
2042
2038
2036
2033
2031
2028
2024
2023
2023
2024
2028
2031
2033
2033
2031
2025
2016
2008
1999
1993
1991
1992
1996
2002
2009
2015
2020
2021
2019
2014
2008
2005
2003
2003
2003
2005
2009
2018
2031
2044
2055
2059
2056
2050
2041
2031
2020
2007
1991
1981
1974
1978
1991
2007
2026
2042
2055
2069
2083
2098
2114
2123
2128
2125
2116
2106
2097
2097
2105
2121
2143
2162
2180
2192
2197
2197
2193
2186
2177
2165
2152
2137
2121
2107
2094
2087
2085
2085
2087
2087
2085
2083
2081
2080
2081
2081
2079
2077
2075
2076
2081
2088
2095
2099
2099
2097
2093
2091
2091
2094
2098
2098
2096
2090
2081
2071
2062
2052
2043
2031
2018
2007
1998
1991
1987
1976
1959
1933
1900
1862
1822
1778
1731
1683
1633
1587
1545
1504
1464
1423
1381
1346
1317
1293
1275
1255
1234
1217
1204
1203
1213
1233
1261
1301
1350
1425
1520
1639
1777
1924
2078
2230
2381
2526
2664
2788
2899
2987
3054
3097
3119
3126
3120
3111
3098
3082
3064
3035
2997
2950
2896
2838
2776
2711
2643
2571
2495
2420
2346
2278
2214
2158
2108
2062
2020
1982
1946
1918
1896
1884
1879
1875
1873
1867
1857
1849
1843
1844
1851
1861
1872
1883
1894
1907
1923
1938
1951
1956
1954
1944
1928
1913
1897
1883
1868
1854
1841
1834
1834
1841
1856
1873
1892
1911
1930
1947
1963
1970
1971
1966
1955
1953
1957
1970
1990
2006
2018
2021
2017
2014
2011
2011
2013
2014
2013
2010
2005
2003
2003
2008
2017
2024
2031
2038
2045
2053
2062
2071
2078
2085
2092
2104
2121
2144
2171
2199
2228
2255
2279
2294
2303
2298
2281
2256
2224
2197
2173
2158
2149
2147
2150
2157
2166
2173
2177
2175
2168
2160
2150
2141
2132
2123
2116
2111
2108
2103
2096
2079
2055
2026
1991
1957
1924
1895
1871
1858
1854
1857
1868
1877
1885
1888
1887
1884
1880
1870
1855
1836
1814
1798
1786
1786
1797
1815
1841
1863
1882
1888
1884
1876
1863
1854
1848
1839
1828
1820
1815
1831
1866
1900
1935
1940
1920
1908
1901
1938
2012
2082
2148
2161
2130
2093
2050
2041
2060
2084
2112
2138
2164
2222
2306
2389
2471
2499
2481
2450
2406
2400
2424
2440
2447
2410
2335
2270
2213
2198
2218
2244
2274
2286
2283
2266
2237
2188
2123
2048
1965
1892
1828
1774
1729
1695
1669
1666
1682
1712
1754
1790
1819
1832
1832
1818
1794
1763
1728
1693
1659
1633
1613
1608
1614
1628
1649
1664
1673
1678
1678
1686
1701
1723
1751
1777
1803
1826
1848
1868
1888
1918
1956
2017
2097
2192
2299
2398
2489
2561
2616
2652
2670
2669
2651
2622
2586
2552
2521
2495
2474
2455
2438
2419
2398
2371
2339
2304
2267
2234
2205
2183
2167
2155
2146
2132
2116
2097
2075
2057
2041
2026
2013
2000
1986
1977
1973
1978
1989
2001
2014
2025
2034
2043
2052
2062
2071
2082
2094
2107
2122
2133
2142
2145
2142
2137
2131
2129
2129
2134
2143
2154
2167
2180
2194
2211
2229
2259
2299
2346
2401
2439
2464
2463
2440
2412
2379
2357
2344
2330
2314
2287
2249
2204
2152
2098
2041
1986
1933
1884
1837
1789
1740
1696
1657
1638
1636
1650
1678
1709
1742
1773
1804
1829
1850
1863
1870
1876
1881
1891
1905
1918
1929
1935
1937
1937
1935
1929
1922
1917
1915
1918
1925
1932
1937
1940
1941
1943
1946
1951
1958
1967
1978
1992
2008
2019
2026
2025
2018
2013
2009
2012
2020
2035
2055
2073
2089
2085
2066
2034
1992
1955
1924
1894
1864
1828
1786
1754
1729
1713
1704
1693
1680
1666
1653
1634
1610
1572
1525
1493
1473
1470
1481
1462
1420
1358
1280
1249
1258
1324
1437
1558
1686
1798
1897
1986
2066
2138
2204
2270
2336
2414
2500
2591
2688
2770
2841
2889
2918
2938
2952
2975
3005
3035
3066
3080
3081
3059
3018
2952
2865
2759
2638
2521
2407
2311
2229
2162
2105
2056
2014
1978
1948
1924
1904
1888
1877
1871
1869
1867
1867
1866
1866
1866
1867
1871
1878
1891
1907
1927
1949
1971
1993
2018
2046
2076
2109
2134
2154
2168
2176
2188
2203
2225
2254
2285
2317
2349
2382
2420
2463
2503
2541
2552
2543
2504
2440
2370
2294
2231
2179
2137
2104
2069
2032
1987
1935
1879
1820
1772
1732
1707
1696
1685
1675
1656
1630
1612
1599
1601
1615
1623
1626
1623
1616
1631
1664
1712
1774
1818
1849
1866
1873
1883
1896
1905
1909
1909
1904
1908
1919
1940
1969
2007
2051
2097
2145
2170
2175
2152
2105
2069
2040
2034
2049
2063
2076
2084
2088
2094
2103
2097
2077
2037
1982
1940
1909
1906
1924
1945
1969
1978
1976
1965
1948
1935
1926
1926
1935
1947
1962
1967
1963
1950
1928
1912
1901
1903
1918
1938
1962
1981
1994
2003
2010
2024
2045
2072
2105
2131
2153
2168
2177
2188
2200
2207
2209
2194
2167
2135
2099
2075
2062
2063
2076
2092
2112
2124
2129
2124
2111
2101
2094
2101
2119
2140
2164
2176
2178
2173
2162
2151
2142
2133
2125
2114
2100
2081
2059
2043
2030
2033
2048
2077
2119
2162
2208
2244
2273
2294
2307
2320
2333
2344
2353
2345
2324
2294
2258
2228
2204
2177
2146
2102
2045
1993
1945
1916
1903
1892
1885
1877
1868
1876
1898
1937
1991
2036
2074
2090
2086
2077
2062
2057
2060
2062
2064
2052
2030
2006
1979
1967
1966
1977
1998
2017
2035
2043
2044
2040
2033
2030
2030
2040
2059
2085
2116
2144
2168
2181
2183
2171
2147
2114
2074
2040
2009
1991
1982
1977
1977
1971
1961
1945
1924
1901
1877
1858
1843
1839
1843
1857
1877
1906
1941
1982
2028
2066
2097
2105
2094
2074
2045
2032
2030
2045
2072
2100
2129
2149
2160
2160
2151
2144
2137
2136
2141
2138
2128
2099
2054
2006
1955
1909
1869
1821
1768
1703
1630
1559
1490
1430
1378
1338
1309
1286
1270
1243
1208
1149
1070
968
848
717
578
454
341
270
232
226
246
263
276
270
248
194
115
58
18
0
0
0
0
0
0
0
0
0
0
106
301
518
753
933
1066
1184
1289
1437
1619
1901
2264
2732
3286
3690
3969
4095
4095
4095
4095
4095
4095
4095
4095
4095
4095
4095
4095
4095
4095
4095
4095
4095
4095
4095
4095
4095
4095
4095
4095
4095
4095
4095
4095
4095
4095
2972
924
0
0
0
0
0
0
0
0
0
0
0
0
0
0
0
0
0
0
799
2256
3237
3828
4095
4095
4095
4095
4095
4095
4095
4095
4095
4095
4095
4095
3414
2174
1171
364
0
0
0
0
0
0
0
0
633
1789
2800
3692
4095
4095
4095
4095
4095
4095
4095
4095
3806
3281
2551
1654
906
282
0
0
0
0
0
0
67
189
537
1071
1576
2056
2453
2783
2987
3089
3070
2953
2762
2509
2230
1931
1644
1368
1130
924
776
676
643
665
739
854
991
1145
1296
1444
1578
1700
1812
1916
2016
2113
2197
2269
2317
2344
2363
2374
2394
2421
2448
2477
2496
2507
2511
2509
2513
2522
2546
2582
2620
2660
2660
2628
2544
2418
2285
2146
2041
1964
1919
1901
1915
1956
2033
2139
2244
2346
2403
2423
2418
2391
2387
2400
2442
2506
2564
2616
2630
2613
2558
2472
2376
2273
2191
2127
2088
2069
2054
2041
2015
1977
1931
1878
1830
1784
1735
1682
1605
1507
1382
1236
1091
947
833
743
680
639
604
573
548
527
530
552
602
674
758
851
948
1046
1148
1252
1361
1473
1592
1716
1844
1973
2095
2212
2323
2430
2539
2650
2755
2856
2939
3008
3060
3096
3117
3126
3122
3109
3088
3061
3025
2983
2934
2879
2828
2779
2737
2699
2660
2620
2576
2530
2484
2439
2396
2355
2318
2283
2250
2219
2185
2150
2115
2082
2056
2036
2020
2007
1995
1984
1978
1975
1977
1984
1989
1993
1996
1997
2003
2014
2031
2054
2078
2102
2122
2137
2152
2167
2183
2201
2213
2220
2220
2213
2209
2206
2208
2215
2223
2231
2239
2247
2259
2274
2286
2295
2297
2293
2288
2281
2277
2276
2274
2272
2268
2262
2256
2249
2242
2235
2230
2228
2230
2237
2245
2254
2262
2267
2270
2272
2268
2259
2241
2217
2193
2169
2149
2134
2121
2110
2102
2095
2088
2079
2062
2038
2013
1986
1966
1951
1937
1922
1904
1884
1871
1865
1866
1873
1881
1890
1906
1930
1962
2002
2036
2063
2079
2085
2085
2081
2075
2066
2059
2054
2053
2055
2057
2059
2065
2072
2082
2093
2097
2096
2092
2085
2084
2086
2080
2069
2047
2016
1991
1973
1958
1947
1931
1911
1903
1906
1935
1985
2040
2100
2150
2192
2225
2252
2275
2293
2313
2335
2358
2382
2397
2404
2403
2396
2399
2410
2431
2461
2494
2529
2559
2586
2595
2591
2567
2529
2490
2452
2425
2407
2397
2395
2401
2413
2422
2428
2412
2379
2330
2268
2212
2161
2121
2091
2072
2061
2064
2077
2093
2110
2113
2106
2087
2060
2034
2010
1994
1985
1982
1986
1983
1974
1950
1915
1878
1842
1815
1795
1771
1745
1712
1674
1642
1616
1603
1600
1605
1616
1636
1663
1700
1745
1798
1857
1921
1989
2057
2126
2188
2245
2286
2315
2316
2296
2251
2187
2125
2063
2024
2004
2008
2030
2065
2111
2157
2204
2242
2273
2293
2306
2309
2304
2292
2275
2264
2258
2261
2272
2270
2258
2226
2178
2133
2090
2066
2058
2063
2078
2097
2119
2138
2153
2154
2144
2128
2108
2092
2081
2063
2041
2009
1968
1937
1915
1916
1938
1972
2016
2058
2097
2125
2143
2144
2131
2104
2064
2024
1986
1961
1948
1947
1958
1976
2000
2026
2055
2085
2116
2149
2184
2215
2243
2256
2256
2239
2207
2166
2117
2069
2023
1989
1963
1954
1958
1973
1995
2018
2040
2061
2082
2107
2134
2161
2188
2205
2214
2213
2202
2191
2180
2177
2181
2187
2194
2189
2174
2151
2121
2098
2082
2074
2072
2069
2065
2059
2050
2041
2032
2027
2024
2029
2041
2058
2078
2091
2097
2097
2093
2094
2100
2104
2107
2104
2095
2091
2093
2103
2121
2133
2142
2145
2144
2144
2145
2141
2132
2114
2090
2068
2050
2038
2031
2026
2022
2023
2028
2039
2054
2071
2088
2103
2118
2130
2140
2141
2134
2117
2090
2059
2023
1991
1963
1949
1947
1957
1977
1997
2017
2033
2044
2056
2067
2074
2078
2073
2060
2045
2028
2015
2004
1993
1980
1966
1950
1939
1932
1932
1936
1942
1947
1951
1953
1954
1955
1957
1959
1961
1961
1959
1955
1948
1939
1931
1922
1915
1910
1912
1921
1940
1967
2000
2036
2070
2101
2130
2157
2183
2208
2231
2252
2269
2282
2293
2300
2305
2307
2306
2301
2288
2270
2241
2203
2158
2108
2065
2028
2005
1994
1993
1999
2008
2021
2035
2051
2065
2076
2077
2070
2056
2036
2019
2006
1998
1996
1994
1991
1987
1983
1982
1984
1990
1999
2007
2012
2014
2014
2013
2013
2012
2012
2010
2008
2007
2008
2014
2023
2034
2045
2054
2061
2066
2069
2070
2068
2065
2060
2056
2054
2054
2056
2057
2057
2057
2055
2052
2048
2042
2035
2031
2031
2035
2044
2048
2049
2044
2033
2024
2015
2009
2005
2001
1997
1996
1998
2005
2016
2030
2048
2069
2093
2118
2142
2156
2162
2157
2144
2126
2106
2086
2067
2051
2038
2028
2023
2017
2012
2003
1992
1981
1972
1969
1972
1980
1992
2004
2016
2026
2034
2042
2050
2059
2069
2081
2094
2106
2119
2124
2122
2109
2085
2060
2034
2019
2013
2016
2026
2037
2050
2057
2061
2054
2039
2018
1994
1979
1971
1973
1983
1995
2008
2021
2036
2050
2065
2071
2070
2058
2038
2020
2004
1999
2003
2016
2034
2050
2065
2072
2074
2074
2072
2073
2076
2078
2078
2074
2067
2062
2058
2059
2063
2063
2060
2048
2028
2006
1983
1969
1962
1962
1969
1982
2000
2024
2054
2088
2124
2154
2178
2188
2188
2175
2153
2128
2099
2074
2052
2035
2021
2008
1997
1994
1998
2010
2028
2040
2046
2042
2031
2024
2022
2024
2031
2030
2023
2013
2000
1995
1997
2002
2010
2016
2020
2023
2027
2034
2043
2057
2073
2091
2110
2124
2134
2138
2138
2134
2127
2114
2095
2071
2042
2020
2005
2006
2020
2041
2067
2088
2106
2118
2123
2128
2132
2138
2145
2146
2143
2131
2113
2095
2078
2067
2060
2058
2060
2064
2070
2074
2076
2073
2067
2063
2060
2059
2060
2059
2056
2054
2053
2055
2059
2058
2054
2049
2044
2046
2055
2061
2066
2059
2041
2018
1991
1966
1944
1931
1926
1933
1951
1974
2001
2022
2039
2054
2067
2078
2085
2084
2075
2064
2053
2047
2045
2042
2037
2029
2019
2015
2016
2022
2031
2040
2047
2056
2065
2075
2086
2091
2092
2086
2075
2063
2050
2039
2032
2026
2021
2013
2003
1991
1977
1964
1953
1943
1934
1925
1918
1910
1903
1893
1882
1874
1867
1868
1876
1888
1904
1920
1935
1952
1971
1990
2009
2020
2024
2019
2006
1993
1979
1975
1980
1999
2030
2064
2100
2130
2154
2177
2197
2217
2236
2248
2254
2257
2257
2259
2264
2263
2256
2240
2216
2196
2178
2170
2171
2175
2180
2180
2176
2167
2152
2137
2122
2110
2100
2088
2075
2059
2041
2026
2014
2009
2009
2010
2012
2013
2015
2017
2021
2024
2026
2027
2028
2030
2034
2037
2040
2039
2035
2030
2023
2022
2024
2028
2033
2035
2034
2034
2034
2041
2053
2064
2074
2074
2067
2058
2047
2041
2039
2036
2034
2031
2026
2024
2025
2031
2041
2053
2066
2077
2084
2087
2085
2083
2079
2074
2069
2059
2044
2028
2010
2001
1998
2002
2012
2018
2022
2022
2018
2017
2017
2019
2021
2017
2010
2000
1988
1979
1973
1971
1971
1974
1978
1984
1993
2002
2013
2023
2034
2045
2056
2062
2066
2065
2061
2057
2055
2053
2050
2044
2035
2031
2031
2038
2049
2055
2055
2051
2044
2045
2054
2067
2082
2086
2082
2072
2057
2047
2040
2037
2035
2031
2024
2018
2011
2013
2020
2036
2058
2079
2100
2117
2130
2139
2146
2150
2150
2143
2130
2114
2094
2076
2060
2048
2041
2041
2046
2054
2063
2069
2073
2074
2072
2070
2068
2063
2058
2052
2045
2041
2039
2038
2038
2038
2040
2043
2048
2054
2060
2064
2067
2068
2068
2064
2058
2052
2045
2039
2034
2027
2020
2013
2006
2005
2009
2014
2020
2021
2019
2019
2021
2028
2039
2045
2045
2033
2012
1984
1949
1916
1883
1865
1859
1870
1894
1920
1947
1969
1987
2004
2020
2033
2042
2043
2036
2028
2017
2010
2005
2002
2000
2002
2007
2015
2024
2033
2042
2051
2061
2072
2085
2094
2101
2106
2109
2114
2121
2127
2134
2138
2141
2143
2145
2144
2142
2138
2133
2128
2124
2118
2112
2106
2099
2095
2093
2091
2089
2084
2077
2072
2069
2068
2068
2067
2063
2062
2063
2066
2070
2068
2061
2056
2051
2056
2069
2081
2092
2088
2073
2052
2028
2011
2000
1994
1991
1988
1986
1985
1986
1992
2001
2016
2036
2054
2072
2083
2087
2085
2080
2071
2060
2046
2029
2016
2005
2003
2007
2014
2021
2026
2028
2031
2034
2039
2044
2050
2057
2064
2070
2070
2065
2056
2045
2039
2037
2038
2041
2040
2035
2032
2030
2033
2040
2044
2044
2043
2039
2041
2046
2049
2049
2043
2032
2024
2019
2020
2027
2032
2035
2037
2038
2043
2050
2056
2060
2060
2056
2053
2052
2056
2063
2067
2068
2062
2050
2037
2022
2011
2002
1997
1993
1990
1988
1990
1995
2007
2025
2049
2077
2101
2123
2136
2143
2147
2147
2143
2137
2125
2107
2088
2069
2059
2055
2058
2067
2074
2081
2085
2087
2088
2087
2085
2081
2079
2079
2080
2082
2081
2076
2067
2055
2045
2038
2035
2035
2037
2041
2044
2046
2046
2042
2036
2028
2023
2019
2018
2020
2018
2014
2008
2000
1996
1996
1998
2003
2006
2006
2005
2003
2003
2003
2002
2001
2002
2004
2012
2025
2037
2046
2042
2027
2001
1966
1930
1895
1871
1856
1854
1865
1882
1905
1927
1947
1967
1987
2007
2027
2041
2049
2049
2042
2035
2028
2024
2024
2027
2033
2040
2048
2056
2064
2073
2084
2095
2108
2117
2124
2128
2129
2130
2130
2128
2126
2124
2122
2122
2124
2126
2128
2125
2120
2115
2111
2110
2114
2116
2116
2112
2104
2099
2095
2095
2097
2094
2087
2079
2068
2064
2066
2070
2076
2076
2072
2067
2063
2063
2065
2063
2057
2048
2035
2032
2036
2046
2061
2069
2071
2062
2045
2028
2010
1997
1989
1984
1982
1981
1981
1983
1987
1998
2013
2030
2050
2067
2082
2089
2089
2082
2069
2052
2032
2015
2000
1991
1989
1993
2004
2015
2027
2036
2041
2045
2047
2051
2055
2058
2058
2057
2053
2050
2046
2041
2035
2030
2026
2027
2031
2034
2038
2038
2034
2032
2030
2031
2035
2037
2038
2039
2040
2041
2042
2040
2036
2032
2028
2029
2034
2039
2043
2045
2043
2044
2046
2052
2059
2063
2063
2060
2053
2049
2048
2051
2058
2059
2057
2048
2035
2025
2018
2015
2015
2013
2008
2002
1997
2000
2010
2027
2049
2070
2092
2110
2125
2133
2135
2132
2124
2114
2101
2087
2072
2057
2044
2039
2041
2049
2062
2074
2084
2090
2093
2095
2095
2095
2095
2093
2091
2087
2082
2075
2066
2059
2053
2050
2049
2047
2043
2038
2033
2030
2030
2030
2032
2032
2031
2030
2029
2030
2032
2032
2031
2027
2020
2017
2016
2020
2028
2035
2042
2044
2043
2043
2043
2042
2042
2039
2034
2033
2036
2047
2065
2080
2092
2090
2076
2051
2017
1986
1957
1940
1935
1941
1956
1973
1991
2009
2027
2047
2069
2086
2100
2104
2100
2091
2080
2074
2071
2070
2070
2071
2071
2073
2077
2083
2092
2099
2105
2106
2104
2096
2085
2075
2064
2057
2053
2048
2044
2039
2034
2029
2025
2022
2018
2013
2006
1999
1991
1982
1973
1962
1951
1942
1934
1926
1919
1910
1901
1894
1889
1888
1892
1897
1902
1907
1911
1917
1923
1929
1935
1942
1949
1959
1972
1990
2013
2041
2074
2104
2133
2147
2150
2140
2118
2097
2076
2066
2066
2076
2095
2116
2138
2157
2173
2188
2201
2213
2223
2226
2224
2216
2205
2195
2188
2180
2172
2160
2145
2131
2116
2106
2099
2097
2097
2098
2100
2099
2097
2092
2083
2072
2059
2045
2032
2024
2019
2019
2023
2026
2030
2030
2026
2022
2018
2016
2014
2012
2010
2007
2005
2005
2007
2009
2011
2014
2017
2019
2021
2021
2020
2020
2020
2020
2022
2022
2022
2021
2020
2022
2026
2029
2031
2030
2026
2028
2034
2044
2059
2066
2066
2058
2043
2029
2017
2010
2006
2001
1994
1987
1980
1978
1982
1992
2007
2023
2041
2057
2072
2081
2086
2085
2079
2069
2056
2043
2030
2020
2011
2007
2005
2008
2015
2024
2035
2046
2057
2064
2068
2069
2067
2063
2058
2051
2042
2036
2032
2031
2033
2034
2034
2032
2029
2027
2025
2026
2028
2029
2031
2032
2032
2032
2032
2034
2037
2040
2044
2044
2042
2038
2032
2029
2029
2030
2033
2034
2034
2035
2037
2043
2052
2058
2060
2056
2049
2046
2046
2052
2063
2067
2067
2058
2043
2029
2018
2013
2013
2013
2014
2013
2010
2009
2011
2019
2032
2049
2068
2083
2095
2100
2099
2092
2080
2066
2051
2038
2027
2020
2016
2014
2014
2018
2025
2036
2049
2061
2072
2078
2082
2081
2077
2071
2064
2058
2053
2049
2047
2044
2042
2040
2039
2040
2042
2043
2043
2042
2040
2039
2039
2039
2040
2041
2041
2043
2045
2048
2052
2056
2060
2062
2062
2062
2062
2063
2067
2069
2070
2067
2062
2057
2053
2052
2054
2054
2053
2051
2048
2051
2060
2071
2084
2086
2080
2066
2044
2025
2009
1998
1992
1990
1992
1997
2006
2021
2041
2063
2089
2110
2127
2132
2128
2116
2096
2078
2060
2044
2031
2017
2004
1995
1989
1991
2000
2011
2024
2034
2040
2042
2042
2042
2042
2044
2046
2048
2050
2051
2051
2051
2053
2055
2057
2057
2055
2050
2045
2043
2043
2047
2052
2052
2048
2040
2030
2025
2024
2025
2028
2028
2026
2025
2025
2030
2039
2047
2052
2054
2052
2052
2052
2053
2055
2054
2052
2054
2061
2074
2093
2106
2113
2107
2089
2066
2037
2011
1989
1976
1972
1979
1994
2015
2039
2062
2082
2099
2112
2122
2129
2131
2131
2126
2117
2105
2091
2079
2070
2067
2070
2076
2085
2091
2096
2100
2104
2107
2110
2108
2101
2091
2080
2073
2069
2065
2062
2056
2047
2040
2033
2029
2027
2025
2023
2021
2017
2013
2009
2006
2004
2004
2006
2003
1998
1986
1969
1954
1939
1931
1927
1923
1918
1913
1908
1910
1917
1927
1939
1947
1952
1958
1965
1975
1988
1998
2007
2007
2000
1985
1965
1943
1921
1910
1908
1923
1952
1987
2027
2062
2091
2112
2125
2133
2137
2140
2143
2145
2145
2142
2137
2131
2125
2123
2123
2125
2129
2134
2139
2145
2152
2157
2160
2158
2153
2146
2138
2132
2127
2121
2115
2109
2103
2099
2097
2095
2094
2091
2087
2082
2077
2071
2066
2060
2053
2047
2040
2034
2027
2020
2011
2003
1997
1996
1999
2002
2005
2005
2003
2005
2009
2016
2024
2026
2023
2019
2015
2021
2035
2050
2066
2072
2068
2059
2046
2036
2031
2029
2030
2032
2034
2037
2039
2043
2050
2062
2080
2100
2122
2138
2151
2159
2164
2168
2170
2167
2160
2147
2131
2117
2106
2101
2101
2103
2108
2112
2114
2113
2109
2101
2089
2076
2061
2049
2038
2029
2020
2013
2008
2006
2006
2008
2010
2010
2008
2004
2000
1997
1995
1992
1990
1989
1991
1993
1997
1996
1992
1988
1984
1987
1994
2002
2009
2012
2010
2013
2019
2031
2047
2057
2061
2052
2033
2010
1983
1963
1950
1952
1965
1986
2014
2039
2061
2078
2093
2106
2119
2124
2124
2115
2099
2082
2065
2052
2043
2038
2038
2045
2059
2073
2088
2092
2088
2077
2059
2044
2029
2018
2009
2000
1993
1987
1982
1980
1980
1980
1982
1983
1983
1981
1978
1974
1970
1966
1962
1958
1954
1951
1947
1944
1941
1939
1938
1936
1934
1929
1922
1916
1911
1908
1907
1906
1904
1907
1914
1930
1954
1977
2000
2010
2010
2000
1982
1970
1963
1973
1997
2035
2085
2131
2175
2203
2218
2224
2223
2224
2228
2234
2243
2249
2253
2251
2245
2234
2219
2203
2188
2178
2173
2169
2165
2160
2153
2146
2139
2133
2128
2122
2115
2107
2098
2092
2087
2084
2082
2080
2077
2072
2067
2063
2061
2062
2064
2064
2061
2055
2046
2039
2034
2030
2027
2021
2014
2008
2004
2006
2012
2016
2020
2021
2019
2020
2022
2023
2025
2024
2020
2022
2027
2041
2061
2080
2098
2106
2105
2097
2084
2073
2064
2060
2058
2057
2055
2059
2068
2086
2113
2133
2148
2147
2131
2110
2084
2060
2038
2009
1973
1933
1889
1859
1839
1832
1837
1845
1854
1865
1876
1887
1898
1904
1907
1907
1904
1902
1901
1901
1903
1908
1916
1930
1949
1970
1992
2011
2029
2045
2060
2076
2091
2102
2109
2112
2112
2110
2108
2106
2105
2103
2100
2099
2099
2103
2110
2116
2120
2119
2114
2112
2112
2117
2126
2130
2128
2117
2097
2079
2061
2053
2053
2055
2060
2059
2052
2042
2029
2023
2023
2033
2052
2073
2095
2110
2120
2126
2129
2131
2132
2133
2134
2138
2143
2147
2149
2144
2132
2117
2101
2094
2096
2101
2108
2108
2103
2092
2077
2059
2041
2023
2005
1998
1998
2011
2033
2055
2075
2089
2097
2101
2101
2095
2084
2070
2052
2037
2024
2014
2005
1994
1982
1975
1971
1972
1976
1982
1991
2008
2030
2057
2088
2108
2120
2114
2094
2062
2021
1983
1948
1928
1920
1922
1933
1944
1957
1973
1992
2014
2038
2057
2070
2076
2076
2072
2067
2058
2047
2038
2031
2032
2040
2048
2057
2060
2058
2057
2055
2056
2058
2060
2062
2066
2073
2080
2087
2089
2088
2085
2080
2075
2070
2063
2056
2048
2039
2032
2026
2022
2020
2021
2024
2029
2034
2038
2042
2045
2048
2052
2057
2063
2070
2078
2087
2096
2106
2112
2116
2112
2101
2083
2059
2036
2012
1996
1985
1982
1984
1988
1994
1997
1999
1998
1996
2000
2008
2027
2055
2083
2112
2130
2139
2145
2148
2155
2166
2170
2168
2148
2113
2065
2007
1954
1907
1879
1868
1875
1897
1929
1967
2006
2046
2080
2109
2127
2134
2126
2105
2073
2031
1993
1958
1943
1944
1963
1998
2035
2075
2108
2134
2152
2165
2171
2173
2167
2154
2132
2102
2064
2020
1982
1949
1935
1938
1957
1988
2018
2047
2064
2073
2077
2077
2075
2073
2071
2067
2063
2058
2055
2054
2052
2050
2046
2039
2034
2032
2036
2043
2052
2063
2074
2085
2097
2108
2112
2108
2096
2076
2056
2036
2020
2007
1994
1983
1981
1986
2003
2029
2052
2074
2085
2087
2085
2081
2075
2069
2060
2047
2034
2020
2010
2003
1998
1995
1994
1994
1997
2002
2008
2013
2018
2022
2028
2035
2042
2049
2049
2045
2036
2025
2019
2017
2021
2029
2034
2038
2036
2030
2024
2018
2018
2022
2030
2041
2055
2070
2086
2102
2122
2146
2171
2197
2216
2229
2232
2228
2222
2216
2215
2217
2218
2218
2212
2199
2182
2161
2143
2128
2119
2117
2114
2111
2101
2085
2068
2051
2043
2043
2046
2052
2053
2049
2041
2030
2019
2008
1999
1990
1985
1982
1981
1981
1980
1978
1976
1972
1971
1971
1971
1973
1974
1975
1974
1972
1969
1967
1968
1972
1978
1985
1992
1997
2004
2013
2018
2022
2015
2000
1981
1959
1942
1930
1927
1931
1946
1970
1996
2025
2044
2055
2059
2057
2059
2063
2061
2054
2039
2019
2011
2015
2031
2057
2070
2074
2066
2048
2044
2051
2072
2104
2123
2130
2120
2096
2080
2070
2076
2095
2108
2117
2110
2091
2073
2056
2051
2055
2065
2081
2090
2093
2081
2057
2031
2004
1995
2000
2011
2026
2025
2011
1991
1965
1949
1940
1941
1949
1965
1987
2007
2026
2026
2011
1980
1937
1900
1868
1849
1842
1845
1857
1878
1907
1938
1969
1993
2010
2024
2036
2052
2072
2092
2111
2116
2111
2088
2050
2014
1977
1965
1972
2002
2051
2104
2159
2206
2245
2267
2276
2267
2242
2208
2168
2133
2102
2078
2062
2050
2043
2035
2027
2017
2006
1998
1994
1999
2010
2022
2034
2041
2043
2045
2047
2053
2063
2075
2088
2097
2103
2102
2097
2089
2080
2071
2062
2052
2041
2032
2025
2023
2027
2030
2033
2029
2018
2002
1980
1960
1940
1929
1925
1932
1947
1969
1995
2019
2043
2063
2081
2092
2099
2099
2094
2085
2072
2059
2045
2034
2025
2022
2024
2025
2025
2023
2018
2020
2029
2043
2063
2077
2084
2084
2079
2075
2072
2069
2066
2063
2060
2060
2063
2067
2071
2074
2074
2076
2078
2080
2082
2082
2080
2078
2075
2070
2065
2058
2051
2047
2045
2045
2045
2040
2033
2028
2025
2028
2037
2042
2046
2047
2045
2051
2062
2077
2097
2112
2123
2131
2136
2141
2145
2145
2141
2133
2122
2110
2098
2088
2079
2073
2071
2077
2088
2100
2113
2116
2111
2099
2082
2070
2061
2056
2053
2045
2033
2020
2007
2000
1998
1999
2003
2007
2012
2019
2028
2035
2041
2041
2037
2029
2020
2011
2002
1992
1981
1972
1964
1959
1957
1958
1962
1969
1978
1983
1985
1977
1962
1949
1936
1932
1934
1937
1941
1947
1954
1963
1975
1984
1990
1996
2003
2017
2038
2055
2070
2071
2061
2046
2026
2005
1982
1961
1941
1935
1942
1961
1991
2016
2036
2050
2058
2067
2076
2082
2085
2079
2066
2050
2032
2018
2007
2004
2007
2013
2022
2027
2028
2025
2018
2012
2006
2001
1996
1990
1985
1980
1975
1971
1968
1964
1959
1952
1944
1936
1928
1921
1915
1909
1902
1895
1890
1889
1893
1899
1908
1913
1915
1918
1923
1935
1951
1969
1989
2008
2028
2049
2073
2095
2116
2132
2145
2159
2175
2195
2217
2234
2247
2252
2250
2241
2228
2214
2199
2187
2180
2179
2183
2189
2194
2196
2196
2196
2196
2196
2196
2191
2182
2166
2145
2126
2108
2097
2090
2088
2088
2089
2089
2088
2084
2078
2069
2060
2051
2045
2042
2042
2044
2044
2043
2040
2036
2032
2028
2023
2019
2016
2012
2008
2004
1998
1991
1984
1979
1978
1981
1987
1995
2002
2008
2014
2020
2023
2024
2021
2016
2013
2013
2014
2018
2015
2008
2000
1991
1989
1993
1996
2000
1999
1995
1996
2001
2011
2025
2032
2033
2030
2024
2023
2025
2028
2030
2027
2020
2014
2010
2008
2009
2012
2016
2022
2031
2041
2052
2056
2056
2051
2044
2038
2034
2029
2025
2020
2015
2012
2010
2013
2020
2029
2038
2046
2052
2055
2056
2055
2052
2047
2042
2037
2032
2027
2023
2019
2017
2016
2016
2016
2017
2017
2015
2014
2012
2013
2015
2018
2022
2025
2028
2032
2037
2041
2044
2045
2045
2045
2046
2049
2053
2056
2058
2059
2057
2056
2056
2059
2064
2072
2083
2091
2096
2100
2102
2110
2121
2131
2142
2141
2131
2115
2094
2078
2067
2058
2051
2041
2029
2021
2016
2019
2029
2045
2067
2087
2106
2115
2117
2110
2096
2083
2071
2064
2060
2057
2055
2055
2056
2061
2069
2077
2084
2089
2091
2091
2087
2081
2072
2063
2054
2047
2040
2031
2020
2012
2005
2003
2005
2007
2008
2004
1996
1990
1986
1987
1991
1995
1997
1999
2001
2004
2009
2013
2017
2018
2017
2018
2022
2029
2039
2046
2051
2053
2051
2051
2052
2054
2057
2059
2059
2064
2072
2085
2101
2111
2115
2109
2094
2072
2046
2018
1989
1966
1948
1946
1956
1975
2001
2023
2042
2055
2063
2067
2067
2062
2053
2042
2028
2014
1999
1986
1974
1965
1959
1955
1951
1946
1939
1934
1930
1929
1930
1927
1921
1914
1906
1904
1907
1913
1920
1926
1931
1939
1949
1962
1978
1991
2002
2010
2015
2021
2028
2036
2045
2057
2072
2089
2107
2124
2139
2153
2164
2176
2187
2198
2209
2221
2234
2247
2258
2263
2262
2255
2244
2232
2220
2208
2196
2185
2176
2175
2180
2186
2193
2187
2169
2142
2106
2075
2049
2032
2023
2017
2015
2014
2016
2020
2025
2033
2044
2054
2065
2070
2070
2063
2051
2039
2026
2017
2010
2005
2001
1999
1999
2004
2011
2019
2026
2032
2036
2038
2039
2038
2035
2031
2027
2023
2019
2016
2013
2012
2014
2018
2023
2026
2026
2022
2014
2008
2004
2003
2006
2010
2015
2020
2024
2029
2033
2036
2039
2040
2040
2036
2029
2021
2012
2009
2011
2015
2020
2019
2014
2009
2005
2008
2018
2027
2035
2037
2035
2036
2040
2047
2056
2058
2054
2044
2031
2021
2014
2011
2010
2010
2010
2011
2011
2013
2015
2022
2031
2044
2060
2073
2082
2085
2081
2074
2065
2055
2046
2037
2029
2024
2022
2021
2022
2025
2030
2039
2050
2059
2068
2071
2071
2069
2066
2063
2061
2057
2050
2042
2035
2032
2034
2036
2039
2040
2038
2036
2034
2032
2031
2030
2028
2028
2029
2030
2032
2033
2033
2034
2037
2041
2045
2049
2051
2054
2056
2058
2060
2061
2059
2059
2060
2063
2067
2067
2063
2058
2052
2053
2060
2068
2077
2079
2077
2076
2077
2083
2092
2097
2099
2094
2083
2074
2065
2059
2055
2050
2043
2037
2030
2031
2037
2050
2070
2091
2113
2128
2139
2140
2135
2122
2102
2082
2061
2047
2038
2033
2031
2028
2024
2022
2022
2027
2036
2043
2050
2051
2049
2045
2041
2037
2033
2029
2024
2018
2013
2010
2010
2013
2019
2023
2027
2027
2024
2021
2019
2019
2021
2025
2029
2031
2032
2034
2036
2041
2046
2051
2055
2056
2054
2054
2054
2056
2061
2065
2067
2066
2062
2059
2057
2056
2056
2057
2057
2061
2068
2080
2096
2107
2114
2109
2094
2072
2045
2020
1997
1981
1970
1969
1975
1988
2008
2029
2050
2066
2077
2082
2083
2080
2073
2063
2049
2034
2019
2009
2005
2004
2008
2009
2008
2005
2001
1998
1998
1996
1994
1987
1977
1965
1952
1943
1936
1935
1937
1940
1942
1944
1945
1949
1955
1963
1974
1980
1984
1985
1985
1988
1995
2005
2017
2027
2036
2048
2061
2075
2091
2105
2116
2124
2131
2140
2150
2160
2169
2175
2178
2179
2178
2176
2174
2169
2163
2158
2153
2153
2157
2166
2180
2191
2200
2194
2177
2150
2115
2083
2054
2035
2022
2015
2011
2011
2013
2018
2027
2037
2048
2058
2069
2076
2081
2080
2073
2064
2053
2044
2037
2031
2025
2018
2009
2006
2007
2015
2028
2040
2051
2055
2053
2050
2046
2042
2038
2034
2030
2025
2019
2015
2013
2013
2017
2021
2026
2029
2029
2029
2027
2026
2026
2025
2023
2022
2020
2020
2021
2023
2027
2030
2032
2032
2032
2031
2029
2029
2029
2030
2032
2033
2033
2032
2030
2030
2030
2030
2031
2030
2028
2025
2023
2025
2030
2037
2046
2051
2054
2052
2045
2038
2030
2025
2022
2019
2016
2011
2006
2004
2006
2013
2026
2040
2055
2068
2081
2090
2097
2097
2091
2079
2063
2047
2032
2019
2010
2005
2003
2007
2015
2026
2039
2052
2063
2072
2078
2080
2079
2074
2067
2061
2056
2053
2051
2047
2042
2036
2029
2026
2025
2026
2029
2031
2032
2033
2033
2032
2032
2031
2029
2029
2030
2032
2034
2037
2039
2040
2042
2044
2048
2052
2056
2057
2057
2054
2050
2047
2046
2047
2049
2049
2046
2042
2038
2038
2042
2045
2049
2047
2041
2037
2034
2037
2046
2053
2059
2058
2051
2042
2033
2028
2027
2028
2031
2032
2030
2027
2022
2023
2028
2042
2063
2083
2101
2111
2113
2110
2103
2096
2087
2078
2068
2060
2053
2049
2048
2051
2056
2067
2082
2099
2116
2125
2127
2123
2114
2105
2098
2093
2091
2089
2087
2082
2074
2063
2049
2037
2028
2025
2027
2029
2031
2030
2026
2024
2024
2024
2026
2026
2024
2024
2024
2025
2025
2024
2022
2022
2024
2029
2036
2043
2050
2054
2056
2055
2051
2047
2043
2043
2045
2048
2052
2051
2046
2040
2034
2032
2032
2032
2032
2035
2039
2050
2065
2080
2093
2093
2082
2062
2033
2006
1980
1965
1958
1961
1972
1990
2012
2036
2062
2085
2105
2118
2125
2123
2116
2105
2092
2080
2068
2059
2052
2050
2051
2054
2058
2064
2071
2081
2092
2100
2107
2108
2106
2106
2106
2106
2106
2102
2094
2086
2077
2074
2074
2074
2073
2068
2059
2050
2041
2032
2023
2014
2005
1997
1992
1988
1986
1984
1980
1976
1971
1967
1965
1963
1961
1958
1954
1949
1943
1939
1935
1930
1925
1916
1905
1897
1890
1891
1900
1910
1921
1925
1925
1927
1931
1948
1974
2002
2031
2048
2054
2048
2033
2016
1998
1990
1990
2000
2020
2046
2076
2104
2131
2156
2178
2198
2216
2232
2245
2249
2247
2237
2219
2202
2187
2180
2179
2179
2181
2178
2172
2166
2159
2154
2150
2144
2137
2129
2120
2111
2103
2094
2085
2076
2067
2062
2059
2058
2058
2058
2057
2054
2050
2044
2038
2032
2025
2019
2014
2010
2008
2007
2006
2004
2002
2002
2002
2006
2011
2017
2022
2025
2027
2025
2021
2015
2010
2007
2006
2008
2012
2016
2018
2019
2021
2024
2029
2032
2032
2029
2024
2024
2029
2036
2043
2041
2032
2019
2003
1992
1987
1983
1981
1978
1974
1975
1980
1991
2007
2025
2045
2062
2078
2090
2099
2100
2095
2085
2070
2057
2044
2038
2036
2039
2046
2052
2059
2067
2075
2086
2099
2114
2130
2146
2161
2173
2182
2185
2184
2180
2173
2163
2152
2139
2125
2113
2104
2097
2092
2085
2076
2067
2057
2049
2042
2036
2032
2029
2029
2031
2035
2039
2042
2043
2041
2039
2035
2030
2023
2018
2015
2015
2019
2020
2018
2013
2004
1998
1996
1996
1998
1995
1988
1982
1975
1973
1975
1978
1983
1991
2002
2018
2038
2055
2069
2072
2066
2051
2027
2001
1973
1953
1940
1940
1951
1967
1989
2008
2025
2040
2053
2063
2069
2068
2062
2052
2039
2026
2013
2004
2000
2005
2020
2039
2061
2077
2090
2099
2104
2110
2117
2120
2121
2117
2110
2102
2094
2089
2087
2089
2093
2098
2102
2102
2099
2093
2084
2077
2070
2063
2057
2051
2046
2042
2039
2036
2034
2034
2035
2039
2046
2052
2059
2064
2066
2068
2068
2067
2067
2065
2062
2057
2052
2044
2034
2022
2009
1999
1991
1985
1980
1974
1967
1963
1961
1961
1963
1960
1951
1931
1903
1872
1838
1806
1777
1753
1734
1728
1732
1748
1773
1798
1822
1843
1860
1880
1904
1931
1962
1990
2014
2036
2055
2076
2100
2125
2151
2178
2204
2232
2261
2288
2313
2330
2340
2344
2343
2341
2339
2333
2324
2310
2292
2274
2258
2244
2232
2221
2211
2200
2189
2176
2161
2144
2124
2106
2090
2077
2067
2057
2048
2039
2031
2028
2030
2034
2040
2044
2048
2050
2050
2049
2047
2042
2035
2028
2020
2013
2006
1999
1992
1986
1981
1977
1975
1974
1973
1973
1973
1978
1987
2000
2015
2022
2024
2015
1998
1983
1969
1963
1964
1967
1972
1975
1976
1978
1981
1989
2000
2014
2030
2044
2055
2060
2059
2052
2041
2028
2013
1999
1988
1984
1984
1991
2002
2013
2024
2032
2039
2045
2050
2055
2060
2062
2062
2058
2053
2047
2042
2038
2035
2032
2030
2029
2029
2029
2031
2031
2031
2028
2024
2021
2019
2019
2019
2016
2012
2010
2008
2010
2015
2019
2021
2020
2018
2018
2020
2025
2031
2036
2040
2044
2048
2051
2051
2047
2040
2035
2033
2035
2040
2041
2039
2035
2031
2033
2040
2050
2061
2067
2070
2073
2075
2079
2086
2094
2103
2111
2118
2122
2124
2126
2127
2128
2128
2122
2113
2100
2085
2078
2077
2084
2098
2108
2115
2114
2108
2100
2091
2079
2066
2051
2034
2022
2015
2015
2022
2031
2042
2053
2063
2072
2081
2088
2094
2093
2088
2077
2062
2047
2034
2026
2022
2020
2018
2016
2014
2012
2012
2012
2012
2011
2008
2005
2002
2002
2004
2007
2009
2010
2009
2009
2010
2013
2018
2022
2026
2028
2030
2032
2035
2037
2039
2040
2040
2039
2039
2035
2028
2018
2007
2002
2002
2005
2012
2013
2011
2013
2017
2033
2057
2075
2090
2087
2071
2047
2018
1993
1972
1959
1952
1955
1968
1988
2014
2040
2066
2087
2104
2117
2128
2133
2134
2129
2119
2109
2100
2097
2099
2106
2117
2125
2132
2134
2133
2132
2131
2130
2129
2124
2115
2101
2083
2064
2045
2027
2009
1992
1975
1958
1941
1927
1916
1906
1897
1885
1872
1857
1842
1830
1821
1814
1809
1805
1802
1804
1809
1820
1835
1850
1865
1880
1893
1909
1925
1944
1966
1989
2013
2036
2058
2079
2098
2117
2137
2156
2175
2193
2211
2229
2249
2270
2294
2318
2342
2362
2379
2385
2383
2366
2337
2303
2265
2231
2201
2178
2161
2148
2137
2128
2119
2111
2105
2103
2104
2106
2109
2105
2094
2078
2057
2040
2027
2018
2013
2007
2002
1998
1996
2000
2009
2019
2030
2038
2042
2040
2035
2028
2020
2013
2006
1998
1991
1984
1977
1973
1971
1971
1973
1978
1983
1988
1992
1996
1998
2001
2004
2007
2011
2014
2017
2020
2022
2023
2025
2025
2025
2025
2025
2025
2025
2022
2018
2013
2009
2007
2007
2004
2000
1994
1987
1986
1990
2000
2014
2024
2031
2036
2040
2046
2053
2058
2060
2055
2045
2034
2022
2016
2015
2018
2025
2031
2035
2039
2041
2049
2062
2082
2108
2132
2155
2171
2180
2187
2191
2191
2189
2180
2165
2150
2135
2125
2120
2114
2109
2103
2097
2096
2099
2103
2107
2105
2096
2084
2069
2055
2044
2035
2030
2028
2030
2031
2033
2030
2024
2018
2011
2006
2004
2002
2000
1998
1994
1992
1991
1990
1990
1991
1995
2001
2010
2017
2022
2024
2023
2022
2021
2019
2017
2014
2012
2011
2013
2012
2010
2004
1997
1992
1990
1989
1989
1991
1993
2003
2019
2036
2054
2057
2049
2032
2006
1983
1963
1948
1937
1939
1950
1973
2006
2039
2071
2096
2116
2132
2146
2154
2157
2154
2145
2135
2125
2115
2104
2096
2089
2089
2096
2106
2119
2126
2128
2126
2122
2117
2112
2103
2092
2081
2069
2062
2058
2056
2055
2053
2049
2047
2047
2048
2052
2054
2056
2056
2056
2056
2057
2059
2062
2065
2069
2071
2072
2073
2074
2076
2078
2081
2084
2086
2086
2083
2079
2071
2060
2045
2026
2006
1985
1966
1948
1930
1912
1894
1877
1864
1853
1840
1825
1798
1763
1724
1680
1639
1600
1565
1533
1513
1503
1511
1534
1564
1599
1632
1662
1698
1740
1797
1865
1941
2022
2098
2171
2236
2293
2344
2388
2428
2466
2502
2536
2566
2592
2611
2624
2629
2629
2622
2611
2596
2576
2548
2511
2464
2409
2355
2301
2254
2212
2176
2143
2115
2091
2070
2052
2032
2010
1991
1973
1963
1959
1957
1959
1961
1965
1973
1984
1996
2009
2017
2022
2025
2025
2024
2020
2013
2002
1990
1975
1962
1950
1941
1934
1929
1926
1921
1915
1909
1902
1903
1912
1926
1945
1957
1964
1964
1960
1961
1965
1973
1985
1994
2000
2003
2005
2009
2016
2026
2041
2055
2069
2077
2080
2077
2070
2060
2048
2035
2022
2014
2010
2017
2032
2053
2078
2101
2122
2144
2167
2194
2225
2254
2280
2296
2303
2299
2286
2270
2250
2230
2212
2193
2173
2151
2128
2109
2093
2082
2075
2067
2058
2047
2035
2026
2021
2018
2016
2012
2006
2002
1998
1998
2002
2004
2006
2003
1997
1990
1981
1972
1965
1958
1953
1948
1944
1940
1936
1933
1931
1928
1926
1924
1921
1922
1926
1935
1948
1956
1960
1955
1944
1929
1911
1894
1879
1872
1872
1886
1913
1948
1990
2027
2058
2082
2098
2111
2122
2130
2135
2136
2133
2126
2117
2110
2105
2109
2120
2137
2160
2177
2189
2190
2182
2170
2154
2137
2120
2103
2086
2072
2061
2054
2051
2050
2051
2054
2058
2065
2072
2079
2085
2089
2092
2096
2100
2106
2113
2117
2119
2118
2114
2108
2102
2096
2091
2083
2073
2059
2042
2023
2003
1982
1960
1938
1916
1890
1861
1829
1794
1764
1738
1722
1713
1700
1684
1656
1619
1580
1540
1504
1471
1441
1412
1389
1371
1365
1367
1376
1390
1409
1432
1458
1487
1519
1556
1622
1712
1856
2043
2253
2484
2682
2853
2971
3045
3082
3089
3076
3047
3014
2979
2954
2936
2922
2910
2888
2857
2814
2761
2700
2631
2552
2464
2372
2276
2188
2106
2039
1984
1943
1912
1889
1874
1865
1861
1860
1862
1867
1874
1882
1892
1906
1923
1940
1957
1969
1976
1980
1982
1985
1990
1994
1996
1993
1986
1975
1960
1947
1936
1927
1922
1915
1906
1893
1875
1861
1849
1851
1864
1885
1914
1937
1955
1968
1977
1991
2009
2031
2057
2081
2104
2130
2159
2193
2230
2262
2289
2314
2338
2368
2404
2432
2454
2442
2402
2338
2254
2180
2115
2074
2054
2041
2035
2020
1997
1965
1925
1887
1850
1818
1791
1769
1751
1739
1732
1729
1730
1732
1736
1741
1746
1747
1743
1732
1716
1701
1687
1678
1673
1670
1668
1672
1681
1692
1703
1712
1719
1741
1774
1820
1875
1915
1944
1973
2003
2051
2113
2159
2190
2203
2201
2226
2272
2317
2361
2361
2326
2295
2268
2271
2300
2316
2321
2315
2300
2296
2303
2293
2269
2228
2173
2141
2127
2125
2132
2123
2099
2074
2048
2026
2008
1979
1942
1903
1861
1829
1805
1786
1773
1769
1771
1777
1787
1792
1792
1793
1795
1802
1815
1823
1827
1820
1804
1785
1763
1756
1761
1800
1866
1962
2084
2208
2332
2432
2511
2562
2591
2599
2591
2570
2537
2497
2451
2401
2349
2295
2240
2186
2131
2084
2043
2015
1997
1985
1979
1971
1962
1952
1943
1938
1938
1941
1947
1953
1958
1963
1967
1976
1989
2008
2030
2047
2061
2071
2076
2089
2109
2133
2160
2175
2179
2173
2158
2145
2134
2126
2119
2125
2143
2188
2258
2327
2395
2415
2394
2336
2247
2176
2120
2093
2089
2080
2067
2036
1989
1936
1878
1822
1767
1719
1675
1643
1621
1607
1599
1594
1591
1601
1621
1666
1731
1805
1887
1951
2002
2032
2045
2052
2053
2051
2047
2040
2029
2022
2017
2016
2018
2016
2009
1998
1983
1973
1968
1967
1969
1975
1984
2002
2029
2061
2096
2121
2136
2136
2124
2107
2085
2066
2048
2037
2033
2037
2048
2060
2071
2076
2076
2073
2067
2053
2032
1993
1939
1880
1816
1772
1745
1745
1767
1808
1864
1934
2016
2103
2195
2274
2342
2391
2426
2447
2456
2451
2433
2397
2346
2282
2208
2135
2063
2003
1953
1919
1898
1887
1885
1889
1900
1918
1942
1969
1998
2025
2049
2071
2089
2107
2125
2146
2169
2192
2214
2225
2227
2215
2191
2165
2137
2114
2096
2080
2065
2055
2048
2050
2059
2068
2078
2078
2069
2057
2042
2037
2039
2043
2050
2052
2048
2047
2047
2059
2082
2118
2166
2222
2286
2344
2399
2429
2438
2428
2401
2370
2337
2301
2263
2215
2159
2100
2040
1984
1931
1881
1834
1797
1768
1755
1754
1762
1777
1794
1810
1825
1839
1852
1863
1871
1876
1875
1869
1858
1842
1830
1823
1825
1835
1846
1857
1861
1858
1857
1859
1873
1897
1922
1947
1960
1962
1961
1957
1963
1976
1991
2008
2021
2031
2039
2044
2042
2033
2019
1999
1985
1976
1973
1973
1968
1959
1947
1934
1926
1921
1919
1921
1925
1931
1934
1934
1922
1902
1882
1864
1865
1883
1915
1958
1994
2025
2042
2046
2041
2030
2023
2018
2022
2033
2049
2069
2090
2113
2136
2160
2170
2168
2144
2101
2047
1985
1922
1859
1790
1715
1636
1552
1471
1394
1323
1257
1200
1151
1119
1102
1095
1095
1091
1083
1084
1091
1124
1177
1236
1300
1353
1396
1455
1528
1633
1767
1898
2027
2135
2226
2332
2451
2595
2761
2913
3054
3172
3273
3392
3526
3702
3911
4031
4075
4095
4095
4095
4095
4095
4095
4095
4095
4095
4095
4095
4095
4095
4095
4017
3876
3695
3481
3248
2998
2743
2484
2224
1964
1676
1365
1032
682
380
118
0
0
0
0
0
0
0
0
0
0
0
0
0
0
0
0
0
0
100
284
437
564
645
689
746
815
924
1065
1233
1423
1620
1822
2014
2198
2369
2530
2680
2823
2950
3065
3170
3267
3360
3450
3513
3555
3560
3533
3499
3459
3425
3396
3352
3295
3222
3136
3059
2989
2930
2881
2828
2773
2709
2636
2558
2476
2401
2333
2268
2207
2122
2018
1896
1760
1657
1580
1544
1542
1547
1557
1567
1576
1590
1606
1621
1634
1661
1701
1768
1856
1939
2020
2076
2111
2140
2164
2179
2188
2165
2114
2028
1911
1786
1653
1550
1471
1442
1453
1499
1573
1666
1774
1906
2058
2226
2409
2589
2767
2952
3142
3365
3614
3828
4011
4095
4095
4095
4095
4095
4095
4095
4095
4095
4095
4095
4095
4095
4095
4095
4095
4095
4095
4095
4095
4095
4095
4095
4095
4095
4095
4095
4095
4095
4095
4095
4095
4095
4095
3452
2275
1266
395
0
0
0
0
0
0
0
0
0
0
0
0
0
0
0
0
0
0
0
0
0
0
0
0
0
0
0
0
0
0
0
0
949
2687
3645
3954
4095
4095
4095
4095
4095
4095
4095
4095
4095
4095
4095
4095
4095
4095
4095
4095
4095
4095
4095
4095
4095
4095
4095
4095
4095
4095
4095
4095
4095
4095
4095
4095
4095
4095
4095
4095
4095
4095
4095
4095
4095
4095
3675
2908
2169
1453
820
256
0
0
0
0
0
0
0
0
0
0
0
0
0
0
0
0
0
0
0
0
373
1057
2001
3162
3800
4003
4095
4095
4095
4095
4095
4095
4095
4095
4095
4095
4095
4095
3826
3335
2771
2147
1595
1104
771
570
516
584
723
921
1160
1435
1757
2118
2488
2867
3209
3518
3778
3996
4095
4095
4095
4095
4095
4095
4095
4095
4066
4013
3871
3655
3445
3242
3027
2802
2616
2464
2369
2321
2271
2220
2150
2066
2011
1980
1974
1989
1988
1975
1951
1918
1882
1844
1788
1717
1635
1545
1459
1375
1283
1186
1093
1005
958
945
972
1032
1113
1212
1327
1457
1592
1731
1853
1963
2051
2122
2170
2199
2202
2183
2141
2080
2001
1906
1811
1714
1640
1585
1545
1518
1481
1437
1387
1333
1291
1258
1241
1236
1255
1294
1354
1433
1496
1545
1560
1547
1533
1517
1520
1540
1565
1593
1617
1639
1667
1700
1736
1773
1800
1818
1823
1818
1803
1779
1757
1736
1719
1706
1675
1631
1558
1462
1363
1261
1176
1106
1051
1010
992
993
1025
1084
1156
1240
1311
1371
1411
1433
1437
1424
1395
1351
1296
1231
1161
1086
1017
953
912
892
913
968
1072
1215
1388
1584
1778
1972
2159
2340
2517
2689
2827
2937
2988
2992
2967
2918
2880
2853
2849
2864
2893
2935
2965
2985
2972
2932
2887
2839
2826
2841
2870
2909
2920
2908
2864
2794
2702
2592
2480
2366
2277
2208
2154
2114
2051
1969
1865
1743
1637
1545
1501
1497
1547
1644
1762
1897
1992
2054
2072
2053
2040
2033
2046
2075
2087
2085
2046
1978
1902
1818
1761
1724
1709
1713
1712
1707
1698
1685
1689
1707
1729
1753
1753
1734
1707
1674
1658
1656
1663
1677
1688
1697
1710
1728
1754
1787
1815
1841
1856
1862
1864
1863
1868
1879
1893
1911
1916
1911
1892
1861
1839
1824
1825
1839
1852
1863
1868
1866
1866
1867
1869
1872
1875
1877
1887
1902
1923
1947
1964
1974
1974
1965
1952
1935
1915
1893
1875
1862
1863
1874
1889
1908
1924
1939
1963
1995
2041
2100
2148
2188
2198
2183
2150
2104
2066
2035
2014
2003
1995
1988
1982
1978
1978
1980
1985
1992
2002
2015
2025
2034
2034
2027
2018
2006
1997
1992
1984
1973
1957
1935
1918
1905
1900
1903
1910
1921
1934
1949
1961
1972
1974
1970
1967
1964
1968
1977
1987
1997
2003
2006
2008
2008
2007
2005
2002
1998
1993
1988
1980
1970
1961
1952
1942
1932
1919
1903
1896
1897
1915
1948
1973
1993
1990
1970
1955
1945
1957
1987
2016
2045
2062
2069
2076
2083
2091
2100
2102
2098
2096
2095
2097
2101
2100
2093
2082
2067
2055
2048
2042
2038
2033
2026
2024
2025
2035
2052
2072
2095
2114
2129
2139
2144
2149
2153
2159
2166
2171
2173
2167
2154
2136
2114
2095
2079
2072
2072
2078
2090
2098
2102
2096
2083
2068
2050
2035
2024
2020
2022
2034
2056
2077
2097
2094
2070
2028
1970
1927
1898
1894
1911
1934
1963
1988
2010
2031
2051
2070
2086
2094
2096
2086
2066
2040
2007
1975
1944
1918
1898
1885
1879
1879
1883
1892
1903
1915
1928
1943
1958
1971
1982
1988
1990
1991
1991
1995
2004
2012
2020
2024
2025
2027
2031
2035
2039
2040
2036
2034
2032
2038
2050
2064
2080
2092
2101
2109
2114
2118
2120
2126
2134
2150
2172
2191
2206
2202
2182
2151
2111
2082
2062
2057
2064
2072
2082
2091
2100
2111
2124
2140
2156
2165
2167
2158
2138
2113
2084
2061
2041
2023
2007
1988
1966
1945
1925
1912
1906
1910
1921
1936
1956
1978
2002
2029
2058
2090
2124
2150
2170
2178
2176
2169
2160
2151
2142
2132
2121
2107
2091
2072
2051
2034
2021
2017
2022
2029
2038
2043
2043
2045
2047
2051
2056
2059
2059
2067
2081
2099
2121
2121
2104
2071
2023
1992
1976
1979
1998
2011
2018
2019
2014
2016
2024
2039
2059
2081
2103
2121
2134
2137
2133
2127
2119
2113
2109
2098
2083
2060
2032
2009
1990
1981
1981
1988
2001
2017
2037
2056
2074
2087
2096
2103
2107
2111
2113
2110
2104
2094
2081
2068
2053
2039
2025
2011
1998
1989
1982
1985
1996
2012
2033
2045
2049
2047
2039
2037
2041
2047
2056
2065
2075
2098
2133
2167
2200
2204
2183
2148
2102
2077
2070
2076
2094
2108
2119
2134
2152
2179
2212
2236
2252
2254
2244
2229
2209
2189
2171
2156
2145
2133
2122
2105
2083
2058
2032
2013
2000
1994
1994
1995
1998
1999
1997
1992
1984
1977
1971
1970
1972
1974
1977
1976
1971
1965
1959
1957
1957
1958
1960
1963
1967
1975
1986
2003
2023
2042
2060
2072
2079
2083
2083
2078
2071
2066
2064
2077
2101
2128
2159
2170
2163
2139
2099
2068
2046
2042
2054
2070
2090
2104
2111
2113
2111
2110
2108
2111
2116
2120
2122
2115
2100
2081
2059
2037
2014
1990
1965
1943
1923
1912
1908
1909
1914
1922
1933
1950
1972
1994
2017
2032
2040
2043
2041
2040
2038
2037
2037
2038
2041
2044
2046
2046
2044
2043
2044
2051
2062
2071
2078
2079
2077
2078
2082
2091
2103
2110
2112
2110
2105
2101
2099
2096
2093
2091
2089
2096
2110
2126
2143
2144
2131
2106
2069
2042
2022
2017
2024
2033
2043
2046
2044
2039
2030
2028
2032
2046
2070
2095
2121
2137
2142
2139
2130
2121
2112
2098
2080
2055
2024
1997
1975
1967
1969
1979
1995
2013
2032
2050
2068
2082
2093
2099
2103
2103
2101
2096
2087
2078
2068
2060
2055
2050
2045
2040
2036
2037
2043
2052
2063
2070
2074
2075
2075
2078
2084
2089
2093
2093
2089
2084
2079
2076
2075
2071
2066
2062
2060
2068
2084
2101
2118
2115
2097
2067
2027
2001
1987
1988
2001
2009
2011
2005
1992
1985
1985
1995
2013
2034
2056
2076
2094
2104
2109
2105
2094
2079
2059
2037
2012
1986
1960
1943
1934
1938
1953
1971
1993
2014
2035
2055
2075
2090
2099
2102
2100
2097
2095
2093
2090
2083
2072
2062
2053
2047
2043
2042
2043
2048
2055
2064
2075
2080
2080
2075
2066
2059
2055
2056
2061
2063
2063
2057
2046
2039
2035
2034
2037
2039
2041
2051
2069
2096
2131
2147
2147
2114
2055
1999
1946
1920
1916
1927
1949
1971
1995
2020
2047
2076
2106
2133
2157
2170
2175
2169
2153
2135
2115
2096
2080
2060
2037
2015
1995
1986
1986
1992
2003
2015
2026
2039
2054
2066
2076
2081
2081
2079
2077
2076
2076
2073
2068
2061
2054
2046
2037
2027
2018
2011
2007
2005
2005
2008
2012
2017
2024
2029
2033
2035
2036
2040
2045
2049
2053
2053
2049
2046
2044
2040
2035
2029
2024
2035
2059
2090
2128
2138
2124
2084
2023
1978
1945
1937
1950
1963
1977
1986
1990
1998
2007
2023
2044
2069
2098
2121
2137
2140
2133
2121
2106
2092
2077
2055
2027
2000
1973
1960
1958
1964
1977
1989
2002
2018
2037
2056
2075
2086
2091
2092
2090
2089
2087
2082
2073
2062
2049
2041
2036
2032
2030
2027
2024
2024
2027
2034
2043
2051
2058
2061
2062
2062
2061
2061
2063
2066
2070
2073
2074
2073
2071
2070
2070
2067
2063
2060
2058
2068
2086
2106
2127
2126
2108
2075
2030
1999
1979
1976
1986
1993
1997
1995
1990
1990
1994
2007
2027
2048
2072
2091
2106
2113
2115
2110
2101
2086
2066
2044
2019
1995
1973
1958
1949
1950
1959
1972
1990
2009
2029
2048
2068
2085
2098
2103
2100
2092
2081
2072
2066
2060
2054
2045
2034
2025
2018
2016
2018
2025
2035
2047
2062
2075
2086
2091
2092
2089
2082
2075
2066
2060
2055
2052
2050
2049
2049
2049
2051
2052
2053
2052
2049
2053
2063
2082
2108
2120
2120
2096
2054
2017
1984
1973
1980
1989
2000
2004
2000
1998
1996
2002
2013
2028
2048
2068
2088
2102
2110
2110
2105
2093
2075
2051
2021
1991
1961
1942
1933
1935
1946
1962
1984
2007
2031
2051
2069
2081
2088
2092
2092
2089
2085
2076
2065
2054
2041
2031
2022
2015
2011
2009
2011
2016
2025
2036
2047
2057
2066
2073
2078
2078
2074
2068
2059
2053
2049
2047
2046
2043
2039
2038
2039
2042
2046
2046
2042
2042
2046
2062
2089
2110
2126
2117
2087
2051
2009
1985
1977
1981
1994
2002
2006
2007
2004
2005
2009
2019
2032
2048
2066
2082
2097
2105
2107
2103
2094
2077
2053
2025
1994
1969
1950
1945
1952
1966
1986
2005
2023
2040
2056
2071
2086
2094
2096
2091
2081
2070
2059
2050
2041
2033
2026
2021
2019
2017
2017
2017
2019
2025
2034
2046
2059
2069
2076
2079
2079
2076
2071
2064
2055
2048
2044
2042
2042
2041
2041
2042
2045
2047
2049
2046
2041
2044
2053
2074
2105
2119
2121
2098
2055
2019
1989
1980
1988
1995
2002
2001
1994
1989
1987
1992
2003
2020
2041
2062
2084
2097
2104
2103
2096
2085
2070
2050
2025
1998
1971
1955
1949
1955
1970
1987
2005
2025
2046
2067
2088
2100
2104
2100
2087
2075
2062
2051
2041
2030
2018
2009
2004
2003
2005
2008
2012
2019
2026
2034
2043
2049
2053
2058
2062
2064
2066
2060
2049
2037
2026
2022
2024
2026
2028
2028
2026
2026
2027
2024
2017
2013
2011
2032
2071
2107
2142
2137
2099
2044
1976
1935
1915
1914
1929
1945
1961
1981
2003
2028
2057
2084
2111
2134
2154
2163
2163
2152
2133
2115
2097
2079
2060
2039
2017
2006
2004
2015
2036
2057
2078
2098
2116
2135
2155
2169
2178
2182
2181
2177
2172
2163
2152
2140
2129
2119
2110
2100
2089
2079
2070
2066
2068
2070
2074
2075
2075
2072
2067
2058
2045
2033
2020
2011
2005
1998
1989
1977
1962
1947
1932
1916
1900
1893
1895
1918
1960
2001
2043
2053
2035
2000
1951
1922
1909
1915
1936
1955
1971
1983
1992
2003
2015
2030
2048
2067
2087
2101
2109
2106
2095
2081
2066
2051
2038
2020
1998
1976
1955
1946
1947
1957
1974
1991
2009
2025
2040
2056
2071
2084
2095
2102
2106
2105
2101
2095
2086
2075
2064
2054
2043
2035
2029
2027
2027
2031
2038
2046
2055
2064
2072
2077
2081
2082
2080
2077
2073
2071
2069
2068
2068
2064
2059
2055
2053
2057
2065
2069
2071
2070
2067
2075
2091
2108
2125
2119
2095
2063
2023
2001
1994
1997
2010
2016
2017
2015
2011
2010
2013
2021
2032
2050
2072
2093
2112
2119
2117
2108
2093
2077
2059
2037
2012
1989
1968
1958
1958
1965
1978
1992
2008
2025
2042
2058
2073
2085
2093
2096
2095
2089
2080
2069
2058
2050
2043
2038
2033
2029
2025
2024
2026
2028
2032
2038
2045
2055
2066
2073
2077
2077
2072
2066
2060
2054
2049
2044
2039
2037
2037
2041
2046
2050
2053
2054
2054
2052
2050
2054
2062
2077
2098
2110
2115
2099
2066
2031
1996
1981
1981
1988
2003
2010
2010
2008
2004
2006
2011
2021
2035
2052
2070
2086
2100
2107
2107
2100
2087
2070
2048
2024
1997
1974
1956
1948
1950
1961
1980
2000
2022
2041
2056
2068
2077
2083
2085
2083
2079
2072
2063
2056
2049
2043
2038
2034
2032
2031
2031
2032
2033
2034
2035
2037
2041
2047
2055
2063
2070
2073
2072
2066
2055
2045
2037
2035
2039
2043
2047
2049
2047
2047
2048
2050
2052
2051
2047
2051
2061
2080
2106
2119
2119
2095
2053
2016
1985
1976
1987
2000
2015
2019
2013
2008
2002
2005
2016
2031
2050
2070
2091
2109
2126
2134
2134
2122
2101
2075
2044
2013
1982
1957
1939
1933
1938
1952
1974
1996
2018
2036
2049
2059
2066
2070
2070
2063
2052
2039
2026
2017
2011
2007
2005
2003
2001
2000
2000
2000
2002
2004
2008
2012
2017
2022
2027
2032
2038
2042
2044
2040
2031
2020
2008
2004
2006
2011
2018
2019
2015
2013
2013
2014
2018
2017
2012
2017
2030
2063
2111
2142
2160
2140
2088
2035
1981
1958
1961
1977
2004
2028
2049
2074
2102
2132
2164
2190
2212
2225
2232
2229
2218
2203
2185
2169
2156
2143
2128
2110
2089
2076
2069
2072
2082
2091
2098
2106
2114
2125
2138
2144
2145
2140
2129
2119
2110
2097
2082
2062
2037
2013
1991
1970
1950
1933
1916
1908
1908
1913
1923
1931
1938
1943
1947
1952
1956
1959
1959
1961
1966
1976
1989
1999
2007
2011
2013
2013
2013
2010
2006
2009
2018
2044
2084
2114
2137
2128
2093
2049
1998
1969
1956
1957
1969
1979
1988
1994
1997
2001
2005
2014
2025
2041
2061
2078
2091
2098
2100
2099
2097
2087
2072
2048
2017
1992
1971
1963
1965
1972
1985
1999
2014
2032
2051
2067
2082
2091
2097
2100
2102
2102
2100
2094
2085
2074
2063
2054
2048
2044
2042
2040
2036
2035
2036
2042
2053
2064
2074
2079
2081
2079
2075
2072
2070
2070
2070
2069
2067
2064
2060
2058
2060
2063
2068
2069
2066
2066
2068
2081
2103
2116
2122
2104
2067
2033
2000
1988
1992
2000
2010
2012
2006
2002
2000
2005
2014
2027
2044
2063
2085
2101
2113
2115
2108
2097
2082
2067
2051
2032
2011
1991
1971
1961
1957
1964
1981
2001
2025
2045
2063
2078
2089
2097
2102
2102
2096
2086
2073
2060
2049
2039
2030
2021
2014
2010
2009
2011
2017
2025
2034
2046
2059
2069
2078
2081
2079
2076
2071
2064
2057
2049
2041
2036
2034
2034
2037
2041
2045
2050
2054
2056
2056
2057
2061
2074
2095
2112
2125
2116
2087
2050
2007
1983
1974
1977
1990
1999
2003
2003
2001
2003
2008
2018
2032
2050
2071
2090
2107
2114
2114
2106
2093
2077
2058
2036
2011
1988
1966
1956
1956
1966
1985
2004
2024
2041
2054
2065
2074
2083
2090
2092
2090
2082
2069
2056
2043
2035
2029
2025
2021
2016
2009
2004
2000
2000
2002
2007
2014
2021
2027
2031
2035
2036
2035
2030
2023
2016
2009
2007
2009
2012
2018
2021
2022
2024
2027
2030
2032
2034
2036
2051
2076
2105
2138
2142
2124
2081
2017
1967
1930
1919
1928
1943
1962
1981
2001
2024
2050
2076
2102
2124
2142
2153
2157
2148
2129
2106
2080
2059
2041
2021
2000
1980
1961
1954
1958
1968
1984
1999
2013
2029
2046
2061
2076
2084
2086
2087
2087
2088
2090
2087
2081
2075
2068
2065
2065
2066
2067
2069
2071
2079
2093
2110
2130
2144
2153
2158
2160
2163
2167
2171
2177
2178
2176
2169
2158
2148
2140
2133
2127
2119
2109
2107
2111
2127
2152
2160
2154
2117
2053
1990
1928
1894
1883
1888
1906
1925
1945
1964
1984
2001
2016
2024
2026
2024
2017
2005
1988
1969
1947
1929
1915
1903
1892
1882
1871
1869
1873
1888
1911
1935
1960
1983
2005
2025
2043
2056
2064
2068
2070
2071
2071
2066
2059
2050
2040
2035
2033
2032
2030
2028
2024
2027
2034
2045
2058
2065
2068
2070
2070
2071
2074
2074
2072
2069
2065
2066
2070
2075
2082
2086
2087
2084
2077
2072
2067
2072
2086
2103
2123
2124
2109
2079
2035
2004
1984
1983
1996
2006
2015
2019
2018
2020
2026
2035
2047
2060
2075
2090
2105
2114
2118
2112
2099
2084
2069
2054
2041
2027
2010
1996
1985
1982
1986
1996
2009
2022
2035
2051
2068
2083
2096
2101
2100
2094
2084
2075
2067
2060
2054
2050
2046
2045
2045
2044
2042
2038
2034
2036
2042
2051
2063
2071
2076
2077
2074
2070
2065
2061
2057
2055
2053
2052
2052
2052
2054
2057
2061
2061
2059
2057
2055
2063
2081
2099
2117
2112
2088
2054
2011
1986
1977
1978
1989
1995
1995
1997
1999
2008
2021
2033
2046
2061
2079
2098
2116
2122
2116
2102
2081
2065
2054
2040
2023
2001
1974
1957
1949
1955
1973
1993
2014
2033
2051
2067
2082
2090
2091
2083
2068
2050
2032
2016
2002
1991
1982
1977
1977
1979
1985
1991
1997
2003
2010
2018
2027
2035
2042
2048
2052
2052
2048
2039
2026
2014
2004
2004
2011
2023
2038
2049
2057
2065
2074
2081
2087
2088
2085
2090
2103
2126
2159
2172
2166
2126
2058
1996
1939
1914
1915
1928
1950
1971
1990
2013
2039
2067
2096
2118
2133
2140
2138
2128
2110
2089
2065
2045
2027
2011
1996
1981
1966
1958
1954
1959
1971
1987
2006
2024
2041
2054
2065
2071
2075
2075
2073
2067
2058
2046
2033
2023
2015
2009
2005
2000
1995
1994
1996
2003
2014
2027
2042
2054
2065
2072
2076
2080
2085
2093
2103
2108
2108
2099
2084
2073
2064
2063
2070
2078
2087
2100
2118
2147
2186
2218
2244
2242
2214
2172
2118
2081
2059
2058
2076
2099
2125
2147
2165
2180
2191
2197
2199
2192
2179
2159
2135
2109
2081
2054
2027
2003
1982
1965
1950
1938
1927
1919
1915
1915
1921
1929
1939
1946
1951
1952
1950
1947
1943
1938
1931
1924
1915
1910
1906
1907
1913
1920
1927
1935
1943
1955
1970
1986
2004
2017
2026
2032
2034
2038
2042
2047
2051
2053
2054
2055
2056
2058
2060
2063
2065
2065
2063
2062
2061
2069
2086
2105
2127
2129
2115
2086
2044
2016
1999
1998
2010
2020
2028
2032
2033
2037
2044
2054
2066
2080
2095
2109
2122
2125
2118
2102
2080
2061
2045
2033
2025
2016
2007
1998
1991
1989
1991
1999
2012
2028
2048
2067
2085
2097
2106
2108
2106
2099
2090
2081
2072
2066
2064
2062
2060
2057
2053
2052
2052
2052
2053
2054
2054
2058
2065
2074
2084
2087
2085
2077
2066
2058
2053
2050
2050
2049
2047
2047
2047
2050
2056
2063
2071
2076
2079
2078
2074
2075
2082
2092
2106
2106
2094
2067
2028
2000
1982
1979
1989
1996
2000
2001
1999
2004
2013
2026
2042
2059
2076
2092
2109
2116
2115
2103
2083
2065
2050
2038
2029
2016
2000
1987
1976
1974
1981
1992
2007
2022
2039
2056
2073
2084
2091
2091
2085
2077
2066
2054
2042
2033
2026
2023
2021
2018
2014
2010
2005
2003
2005
2008
2012
2016
2020
2023
2026
2025
2020
2012
2001
1991
1983
1978
1976
1978
1982
1987
1992
1994
1992
1994
1998
2008
2021
2027
2028
2030
2033
2051
2082
2104
2119
2106
2067
2026
1983
1962
1959
1965
1979
1994
2010
2034
2064
2094
2124
2144
2156
2160
2158
2146
2126
2099
2068
2043
2023
2013
2013
2013
2014
2012
2006
2001
1997
1998
2005
2018
2035
2049
2062
2069
2072
2075
2078
2081
2083
2081
2074
2063
2049
2038
2029
2024
2024
2026
2032
2040
2050
2063
2078
2093
2108
2118
2125
2128
2128
2129
2131
2133
2137
2136
2130
2122
2113
2109
2110
2114
2121
2127
2131
2141
2154
2175
2204
2223
2236
2222
2186
2136
2074
2028
1995
1987
2000
2021
2049
2071
2089
2100
2107
2112
2114
2109
2098
2080
2054
2028
2000
1977
1958
1942
1929
1915
1900
1885
1872
1868
1870
1878
1891
1904
1916
1927
1938
1949
1960
1966
1969
1969
1967
1967
1967
1966
1964
1962
1960
1962
1968
1975
1983
1988
1991
1997
2006
2018
2034
2045
2052
2054
2052
2053
2055
2058
2062
2064
2066
2068
2072
2075
2077
2077
2075
2074
2073
2072
2071
2074
2080
2094
2116
2130
2139
2125
2094
2058
2019
1999
1994
1998
2010
2017
2021
2026
2032
2043
2058
2072
2085
2095
2103
2108
2110
2107
2098
2086
2070
2055
2042
2031
2021
2011
2001
1995
1993
1996
2005
2017
2031
2046
2061
2076
2091
2102
2109
2110
2105
2097
2087
2078
2070
2063
2056
2051
2047
2047
2050
2051
2050
2048
2044
2046
2053
2062
2074
2081
2083
2082
2078
2073
2067
2060
2051
2045
2041
2045
2054
2061
2066
2066
2062
2061
2065
2069
2074
2075
2073
2077
2086
2096
2108
2103
2083
2053
2014
1990
1979
1979
1990
1996
1998
1997
1993
1996
2004
2017
2035
2055
2077
2094
2109
2112
2105
2088
2062
2037
2013
1993
1975
1958
1941
1927
1916
1914
1921
1935
1956
1977
1999
2017
2032
2043
2050
2051
2047
2038
2026
2016
2007
2002
1998
1996
1994
1996
2000
2007
2017
2026
2035
2043
2052
2063
2074
2084
2091
2094
2092
2088
2082
2077
2073
2070
2068
2068
2068
2066
2064
2060
2056
2052
2049
2045
2041
2043
2050
2071
2102
2128
2150
2143
2110
2062
2001
1960
1935
1932
1948
1969
1993
2015
2034
2050
2065
2077
2086
2093
2097
2094
2085
2069
2047
2027
2009
1998
1993
1987
1980
1969
1956
1948
1942
1945
1955
1968
1985
2000
2015
2026
2035
2040
2042
2041
2039
2036
2032
2029
2027
2025
2022
2016
2009
2003
1999
2002
2011
2024
2041
2054
2065
2073
2078
2080
2080
2077
2071
2065
2059
2053
2046
2035
2020
2009
2001
2001
2008
2014
2020
2026
2032
2046
2067
2085
2102
2096
2070
2031
1980
1943
1919
1921
1945
1984
2035
2083
2128
2161
2185
2201
2212
2222
2233
2242
2249
2249
2243
2238
2233
2236
2246
2255
2263
2260
2248
2237
2226
2230
2245
2265
2288
2300
2303
2297
2283
2265
2243
2217
2188
2157
2123
2087
2049
2010
1970
1937
1908
1889
1878
1870
1865
1858
1851
1846
1844
1844
1846
1849
1853
1855
1857
1856
1854
1850
1846
1842
1840
1840
1840
1839
1838
1845
1858
1884
1921
1960
1999
2019
2023
2008
1976
1944
1912
1896
1894
1903
1923
1943
1963
1981
1998
2017
2039
2061
2083
2100
2113
2120
2122
2119
2112
2100
2083
2068
2055
2045
2038
2031
2024
2019
2016
2022
2035
2051
2071
2088
2101
2111
2120
2128
2135
2137
2134
2127
2116
2107
2100
2095
2091
2086
2079
2075
2072
2071
2072
2072
2072
2074
2078
2086
2097
2105
2109
2108
2102
2097
2093
2090
2088
2087
2087
2086
2086
2085
2083
2085
2089
2096
2107
2110
2108
2101
2090
2091
2102
2114
2127
2118
2091
2058
2021
2004
2002
2007
2017
2020
2017
2018
2022
2031
2044
2056
2066
2081
2099
2117
2135
2135
2120
2093
2057
2031
2013
2002
1997
1989
1979
1971
1964
1963
1965
1968
1972
1980
1991
2007
2025
2038
2045
2046
2042
2035
2027
2016
2003
1990
1975
1963
1953
1945
1939
1934
1930
1930
1932
1936
1942
1950
1960
1975
1994
2013
2031
2044
2051
2054
2054
2052
2048
2048
2050
2058
2073
2086
2097
2101
2098
2097
2099
2106
2118
2126
2130
2138
2149
2170
2201
2216
2218
2189
2135
2082
2030
2005
2001
2009
2027
2044
2060
2078
2097
2115
2133
2144
2148
2146
2138
2123
2101
2074
2042
2014
1990
1975
1967
1961
1956
1949
1942
1938
1936
1939
1946
1954
1963
1973
1984
1995
2006
2015
2022
2025
2025
2024
2022
2019
2015
2009
2002
1998
1995
1996
2000
2005
2012
2020
2030
2040
2051
2058
2062
2061
2057
2050
2041
2032
2021
2008
1995
1983
1972
1966
1964
1970
1981
1994
2007
2018
2025
2036
2050
2071
2097
2113
2122
2107
2072
2030
1980
1955
1949
1972
2018
2069
2124
2168
2203
2231
2252
2266
2275
2280
2281
2282
2282
2280
2276
2273
2269
2272
2281
2289
2297
2295
2284
2277
2274
2285
2309
2325
2335
2323
2292
2255
2211
2172
2136
2099
2061
2023
1986
1955
1927
1903
1882
1863
1846
1833
1824
1817
1813
1812
1813
1814
1814
1811
1805
1798
1789
1786
1788
1795
1808
1821
1836
1851
1866
1880
1893
1905
1916
1926
1935
1946
1958
1975
1995
2019
2045
2059
2061
2041
2003
1964
1924
1906
1905
1916
1937
1955
1972
1990
2010
2032
2058
2080
2100
2115
2126
2132
2134
2128
2116
2102
2087
2075
2066
2059
2053
2048
2043
2041
2042
2047
2054
2063
2073
2085
2098
2111
2124
2132
2136
2134
2127
2120
2111
2103
2097
2093
2090
2087
2085
2083
2080
2078
2077
2078
2081
2083
2084
2084
2083
2086
2092
2100
2109
2113
2113
2109
2102
2096
2092
2087
2081
2078
2077
2081
2088
2093
2096
2096
2094
2095
2098
2097
2093
2084
2073
2071
2078
2085
2091
2075
2040
2000
1955
1931
1924
1927
1938
1942
1940
1936
1932
1932
1937
1948
1965
1990
2021
2048
2071
2075
2063
2037
2000
1963
1928
1902
1882
1872
1869
1870
1876
1884
1893
1911
1937
1969
2006
2037
2061
2075
2082
2088
2092
2096
2100
2102
2104
2106
2109
2111
2112
2111
2109
2106
2104
2104
2105
2109
2115
2123
2132
2137
2139
2137
2133
2129
2125
2118
2107
2095
2082
2077
2079
2086
2098
2103
2102
2099
2093
2089
2087
2081
2072
2065
2059
2067
2085
2101
2114
2102
2069
2025
1972
1941
1928
1940
1973
2010
2050
2079
2101
2117
2128
2134
2138
2136
2129
2117
2100
2081
2060
2039
2019
2001
1986
1974
1963
1950
1935
1922
1911
1911
1920
1938
1962
1979
1991
1996
1996
1997
1999
2004
2011
2018
2024
2028
2030
2029
2027
2024
2020
2020
2022
2030
2041
2058
2080
2106
2136
2166
2196
2225
2253
2281
2310
2337
2362
2379
2390
2394
2394
2393
2393
2395
2399
2401
2402
2397
2386
2375
2362
2350
2338
2310
2268
2199
2105
2006
1902
1826
1774
1752
1754
1764
1779
1787
1790
1790
1786
1785
1786
1791
1800
1805
1807
1800
1786
1770
1752
1738
1728
1718
1707
1696
1685
1684
1691
1709
1735
1767
1803
1844
1888
1933
1977
2014
2044
2068
2086
2103
2118
2130
2137
2140
2138
2133
2125
2113
2098
2083
2070
2066
2068
2071
2076
2079
2079
2083
2090
2099
2110
2115
2115
2111
2104
2100
2098
2099
2101
2104
2109
2111
2110
2102
2089
2080
2076
2079
2090
2090
2080
2051
2007
1966
1929
1906
1895
1885
1876
1865
1852
1847
1848
1860
1881
1913
1953
1996
2042
2070
2084
2077
2051
2024
1995
1975
1960
1944
1926
1909
1892
1888
1895
1913
1940
1969
1999
2028
2057
2085
2113
2140
2166
2195
2226
2257
2288
2307
2316
2314
2301
2287
2272
2256
2239
2219
2195
2176
2160
2150
2146
2140
2133
2121
2106
2093
2082
2075
2072
2069
2067
2061
2054
2048
2043
2042
2044
2043
2038
2026
2009
2001
2001
2014
2038
2048
2048
2020
1969
1922
1876
1862
1874
1903
1947
1982
2009
2026
2034
2041
2048
2054
2060
2062
2062
2060
2058
2052
2045
2035
2024
2016
2012
2007
2002
1992
1977
1968
1964
1971
1989
2007
2025
2036
2040
2042
2042
2043
2043
2041
2039
2035
2031
2025
2016
2004
1990
1979
1970
1967
1969
1973
1980
1989
2000
2010
2019
2027
2034
2043
2056
2072
2090
2107
2122
2140
2159
2182
2208
2231
2252
2271
2289
2314
2344
2381
2423
2460
2492
2506
2505
2494
2474
2465
2466
2480
2504
2518
2525
2513
2487
2455
2418
2375
2325
2261
2186
2105
2019
1942
1872
1813
1765
1732
1711
1704
1710
1720
1735
1745
1752
1752
1746
1734
1716
1694
1669
1644
1618
1594
1571
1554
1542
1541
1550
1572
1603
1642
1687
1734
1782
1829
1874
1915
1952
1982
2007
2024
2034
2040
2042
2046
2052
2056
2059
2062
2064
2069
2078
2086
2093
2096
2096
2101
2111
2123
2137
2142
2139
2136
2134
2143
2161
2171
2173
2155
2120
2090
2063
2054
2060
2071
2086
2098
2107
2119
2132
2146
2161
2171
2178
2182
2183
2179
2170
2154
2132
2107
2081
2060
2042
2025
2010
1993
1973
1955
1939
1929
1925
1924
1926
1928
1931
1934
1936
1934
1927
1917
1902
1894
1890
1897
1914
1932
1952
1965
1971
1966
1953
1936
1916
1900
1887
1879
1874
1872
1872
1881
1896
1919
1950
1978
2004
2023
2038
2053
2070
2092
2119
2147
2175
2199
2219
2238
2256
2272
2285
2291
2289
2284
2275
2274
2278
2281
2281
2255
2206
2142
2065
2014
1984
1987
2016
2049
2084
2110
2130
2148
2166
2183
2198
2205
2205
2200
2190
2174
2152
2124
2091
2061
2034
2016
2006
1998
1992
1985
1976
1973
1973
1978
1987
1995
2001
2005
2008
2013
2020
2028
2037
2043
2045
2043
2037
2028
2016
2002
1987
1977
1970
1968
1972
1975
1978
1978
1976
1974
1974
1975
1979
1982
1986
1988
1988
1985
1981
1977
1974
1977
1985
1997
2013
2030
2048
2069
2094
2125
2161
2197
2232
2255
2268
2274
2273
2285
2308
2353
2417
2485
2556
2617
2668
2712
2749
2778
2798
2804
2797
2778
2747
2701
2642
2566
2474
2376
2273
2168
2063
1954
1843
1746
1660
1606
1580
1579
1599
1625
1656
1684
1710
1724
1730
1718
1690
1648
1595
1536
1473
1415
1360
1320
1291
1279
1283
1304
1339
1392
1461
1541
1631
1720
1809
1891
1966
2029
2082
2119
2143
2155
2157
2155
2149
2144
2139
2135
2133
2129
2125
2118
2109
2107
2111
2126
2151
2170
2183
2175
2147
2111
2069
2041
2024
2019
2025
2028
2028
2030
2034
2048
2072
2101
2136
2165
2189
2208
2222
2232
2238
2236
2228
2216
2201
2188
2177
2166
2155
2142
2128
2118
2111
2110
2114
2122
2133
2147
2163
2176
2187
2191
2189
2184
2176
2168
2159
2151
2143
2137
2133
2126
2119
2108
2095
2085
2077
2071
2067
2057
2042
2028
2015
2007
2004
1996
1984
1966
1943
1926
1914
1905
1898
1886
1869
1850
1830
1812
1797
1786
1779
1781
1792
1812
1839
1865
1889
1910
1927
1935
1936
1921
1892
1855
1813
1784
1766
1765
1778
1797
1823
1855
1892
1941
1998
2063
2133
2199
2263
2313
2352
2373
2380
2377
2365
2353
2340
2325
2308
2282
2248
2211
2172
2143
2121
2106
2097
2092
2091
2097
2110
2125
2143
2154
2160
2160
2156
2150
2141
2131
2120
2110
2101
2096
2092
2088
2082
2075
2068
2061
2054
2044
2033
2022
2011
2005
2004
2006
2010
2014
2016
2018
2018
2014
2008
2001
1992
1984
1978
1973
1968
1962
1955
1954
1959
1976
2002
2023
2040
2032
2004
1966
1919
1891
1880
1889
1916
1939
1959
1968
1966
1963
1958
1957
1959
1965
1974
1981
1988
1990
1987
1984
1980
1984
1995
2005
2014
2016
2011
2014
2023
2053
2100
2151
2206
2249
2282
2311
2335
2363
2394
2429
2467
2506
2546
2583
2617
2644
2666
2686
2705
2725
2746
2762
2774
2776
2770
2756
2736
2705
2665
2609
2539
2448
2339
2212
2069
1925
1780
1660
1561
1496
1461
1448
1455
1474
1503
1540
1584
1622
1657
1664
1649
1595
1510
1409
1295
1202
1129
1092
1086
1105
1145
1202
1274
1366
1473
1589
1713
1831
1945
2040
2119
2174
2210
2230
2236
2233
2223
2204
2176
2141
2100
2065
2036
2024
2027
2042
2066
2088
2110
2127
2142
2156
2170
2181
2189
2189
2183
2176
2167
2162
2160
2158
2155
2152
2149
2151
2158
2167
2178
2187
2194
2199
2205
2212
2221
2227
2233
2232
2225
2213
2196
2178
2158
2139
2121
2103
2085
2068
2051
2035
2018
2000
1981
1967
1958
1955
1959
1952
1937
1904
1855
1808
1763
1734
1719
1706
1694
1682
1671
1683
1715
1766
1834
1888
1932
1957
1965
1969
1969
1968
1968
1968
1968
1971
1977
1975
1967
1946
1915
1890
1870
1874
1899
1943
2002
2064
2129
2189
2244
2294
2338
2376
2409
2432
2447
2451
2446
2432
2411
2385
2356
2329
2304
2285
2272
2261
2251
2237
2219
2202
2184
2170
2159
2148
2137
2125
2110
2096
2083
2069
2054
2034
2010
1982
1953
1927
1904
1890
1883
1887
1901
1924
1955
1976
1989
1979
1950
1915
1876
1859
1861
1881
1917
1953
1988
2018
2044
2068
2090
2106
2117
2126
2133
2138
2142
2141
2136
2132
2130
2135
2148
2156
2160
2152
2133
2122
2117
2131
2162
2194
2227
2251
2266
2282
2300
2323
2352
2379
2406
2432
2458
2486
2516
2547
2578
2606
2630
2650
2665
2677
2684
2683
2675
2648
2606
2540
2454
2353
2239
2123
2004
1896
1798
1726
1675
1649
1645
1656
1678
1703
1730
1747
1756
1746
1720
1670
1602
1514
1409
1299
1185
1098
1032
1006
1013
1046
1102
1176
1265
1370
1488
1609
1733
1848
1956
2049
2128
2184
2219
2235
2233
2225
2210
2190
2165
2135
2100
2076
2061
2061
2074
2093
2117
2142
2168
2191
2213
2226
2230
2228
2219
2211
2202
2194
2185
2177
2171
2169
2169
2166
2160
2152
2142
2137
2137
2137
2137
2132
2121
2105
2085
2063
2038
2008
1973
1938
1901
1867
1834
1799
1764
1727
1688
1652
1619
1596
1583
1590
1612
1655
1715
1783
1856
1914
1959
1975
1967
1939
1894
1850
1807
1785
1780
1801
1845
1902
1971
2041
2112
2190
2275
2368
2469
2554
2625
2664
2675
2675
2664
2658
2656
2644
2625
2590
2542
2491
2439
2398
2365
2345
2336
2331
2330
2324
2315
2312
2314
2335
2370
2404
2436
2446
2437
2418
2390
2358
2321
2273
2215
2153
2087
2028
1973
1922
1874
1833
1799
1779
1772
1770
1772
1778
1786
1804
1830
1859
1890
1916
1938
1960
1982
2002
2020
2034
2046
2063
2085
2098
2102
2078
2028
1973
1912
1880
1872
1886
1919
1952
1986
2017
2046
2068
2085
2090
2086
2080
2071
2072
2079
2095
2118
2139
2159
2166
2163
2148
2123
2084
2034
1962
1871
1773
1670
1598
1552
1557
1603
1688
1805
1941
2092
2233
2366
2462
2526
2551
2542
2508
2453
2387
2312
2239
2168
2103
2044
1987
1932
1880
1832
1795
1768
1754
1750
1756
1769
1786
1808
1828
1846
1858
1865
1866
1864
1863
1861
1869
1884
1908
1941
1970
1996
2014
2025
2041
2061
2091
2128
2159
2186
2197
2195
2183
2162
2139
2115
2094
2074
2060
2049
2041
2037
2034
2032
2032
2034
2043
2056
2071
2089
2103
2112
2114
2110
2102
2093
2084
2077
2071
2067
2065
2065
2066
2068
2068
2066
2063
2058
2054
2050
2048
2048
2048
2048
2049
2049
2048
2048
2046
2044
2039
2032
2022
2009
2000
1994
1992
1992
1986
1976
1958
1934
1912
1891
1877
1870
1872
1881
1908
1948
2001
2065
2111
2142
2130
2082
2011
1921
1850
1796
1772
1774
1789
1815
1847
1882
1923
1968
2011
2051
2081
2101
2109
2107
2098
2083
2080
2087
2111
2150
2193
2240
2285
2329
2372
2414
2448
2474
2488
2492
2488
2478
2463
2443
2424
2404
2385
2367
2340
2305
2271
2237
2217
2208
2187
2156
2100
2023
1967
1930
1931
1964
1984
1995
1979
1942
1918
1904
1911
1935
1954
1971
1978
1977
1973
1967
1967
1973
1993
2025
2061
2101
2118
2114
2080
2021
1959
1895
1855
1837
1842
1866
1894
1923
1949
1971
1993
2013
2030
2043
2053
2061
2071
2084
2098
2114
2129
2144
2153
2159
2145
2116
2065
1996
1929
1865
1824
1803
1802
1817
1843
1876
1912
1951
1986
2017
2042
2062
2076
2087
2092
2091
2080
2061
2039
2013
1995
1983
1978
1980
1977
1970
1957
1937
1923
1913
1912
1919
1924
1928
1933
1938
1954
1978
2008
2043
2072
2096
2117
2137
2153
2166
2165
2151
2127
2095
2067
2043
2022
2004
1982
1957
1937
1922
1920
1931
1952
1980
2009
2040
2067
2091
2102
2102
2090
2069
2051
2034
2027
2028
2029
2029
2026
2019
2015
2013
2017
2026
2036
2046
2055
2062
2067
2069
2065
2054
2038
2018
1998
1978
1959
1941
1925
1912
1905
1902
1898
1892
1881
1866
1858
1856
1871
1902
1950
2011
2077
2145
2193
2224
2223
2194
2155
2105
2065
2033
2011
1997
1997
2008
2034
2073
2102
2124
2122
2100
2080
2061
2064
2085
2117
2159
2199
2237
2273
2306
2336
2362
2376
2382
2373
2352
2322
2284
2249
2218
2197
2185
2177
2173
2164
2153
2138
2120
2104
2089
2079
2073
2071
2072
2078
2089
2100
2113
2119
2120
2117
2110
2108
2108
2109
2109
2100
2084
2064
2042
2024
2011
2003
1998
1994
1992
1995
2002
2013
2029
2045
2060
2070
2077
2081
2083
2085
2087
2089
2089
2080
2063
2029
1981
1922
1855
1800
1754
1733
1732
1750
1783
1825
1874
1920
1964
1998
2022
2041
2054
2067
2078
2080
2073
2059
2039
2027
2022
2020
2020
2011
1993
1973
1951
1932
1917
1900
1880
1862
1847
1845
1854
1869
1888
1906
1924
1945
1971
1996
2020
2037
2048
2057
2064
2071
2077
2079
2077
2075
2073
2074
2078
2082
2088
2091
2091
2090
2088
2086
2086
2088
2094
2098
2101
2100
2095
2094
2096
2106
2123
2131
2131
2116
2088
2064
2044
2036
2040
2046
2054
2059
2062
2068
2076
2087
2101
2115
2129
2140
2149
2149
2142
2125
2099
2072
2043
2016
1989
1962
1935
1917
1908
1913
1931
1953
1979
2004
2028
2053
2079
2104
2126
2139
2145
2144
2138
2129
2118
2104
2087
2074
2063
2059
2059
2057
2053
2048
2041
2038
2039
2042
2048
2052
2054
2056
2056
2054
2050
2044
2038
2037
2040
2043
2045
2042
2035
2034
2036
2041
2047
2039
2019
1994
1965
1954
1957
1969
1989
1996
1994
1984
1968
1956
1947
1944
1945
1952
1963
1977
1994
2006
2013
2017
2017
2019
2021
2020
2015
2004
1989
1977
1970
1969
1975
1982
1991
2001
2013
2027
2042
2053
2062
2070
2077
2083
2090
2091
2088
2082
2073
2068
2064
2059
2052
2044
2033
2026
2022
2020
2018
2016
2013
2015
2022
2032
2045
2053
2055
2053
2049
2045
2041
2033
2022
2016
2014
2027
2051
2068
2079
2064
2027
1983
1933
1904
1893
1902
1926
1951
1978
2004
2028
2054
2081
2104
2123
2130
2127
2115
2095
2075
2055
2038
2025
2013
2003
1991
1976
1963
1950
1947
1953
1966
1986
2004
2021
2037
2053
2072
2094
2115
2135
2153
2170
2188
2206
2223
2239
2250
2257
2263
2268
2278
2291
2308
2328
2345
2360
2369
2375
2378
2378
2378
2378
2375
2370
2363
2355
2346
2336
2317
2291
2257
2215
2179
2148
2125
2107
2072
2022
1950
1858
1770
1684
1624
1585
1570
1575
1591
1615
1638
1660
1677
1690
1705
1720
1737
1754
1765
1772
1776
1778
1786
1797
1811
1828
1841
1851
1861
1872
1887
1907
1928
1951
1973
1993
2011
2026
2037
2046
2053
2057
2060
2060
2057
2051
2045
2039
2036
2036
2036
2038
2040
2042
2047
2053
2058
2062
2062
2060
2061
2063
2071
2084
2096
2109
2120
2129
2136
2140
2139
2134
2130
2126
2126
2129
2128
2124
2121
2117
2123
2138
2147
2151
2134
2100
2066
2031
2015
2015
2020
2031
2036
2037
2039
2042
2048
2057
2067
2078
2092
2107
2119
2127
2125
2116
2106
2095
2088
2084
2077
2066
2051
2033
2020
2012
2011
2015
2022
2031
2044
2061
2078
2096
2107
2113
2112
2106
2101
2095
2090
2086
2080
2073
2067
2063
2059
2056
2052
2048
2047
2048
2051
2056
2059
2059
2057
2053
2050
2047
2042
2035
2027
2018
2012
2007
2000
1992
1986
1982
1984
1991
1995
1995
1987
1973
1969
1974
1988
2010
2015
2006
1980
1941
1911
1889
1878
1876
1875
1874
1877
1884
1898
1920
1949
1983
2025
2073
2122
2171
2206
2228
2239
2239
2237
2235
2227
2214
2193
2164
2138
2115
2102
2098
2096
2096
2094
2091
2091
2093
2096
2100
2098
2092
2082
2069
2054
2037
2020
2003
1987
1970
1955
1940
1927
1915
1907
1903
1907
1918
1934
1956
1977
1997
2009
2016
2018
2016
2019
2026
2038
2053
2065
2074
2077
2075
2072
2068
2064
2060
2060
2062
2076
2098
2122
2148
2151
2134
2095
2036
1988
1949
1939
1954
1978
2011
2037
2059
2083
2109
2136
2165
2185
2198
2199
2191
2180
2165
2154
2145
2141
2141
2141
2139
2132
2121
2113
2109
2118
2136
2157
2179
2194
2202
2206
2208
2209
2211
2210
2208
2201
2192
2179
2164
2146
2126
2106
2086
2067
2047
2028
2010
1996
1985
1976
1969
1959
1947
1931
1913
1897
1884
1878
1877
1877
1877
1870
1858
1845
1832
1826
1825
1826
1830
1838
1849
1874
1910
1949
1990
2007
2004
1982
1944
1917
1899
1898
1911
1924
1937
1947
1956
1971
1991
2015
2042
2064
2082
2094
2100
2101
2097
2091
2084
2076
2069
2059
2046
2032
2016
2005
1999
2001
2010
2022
2036
2050
2064
2079
2094
2108
2119
2126
2129
2128
2124
2118
2109
2101
2092
2086
2080
2074
2068
2063
2059
2058
2061
2065
2070
2072
2072
2074
2078
2085
2092
2094
2090
2083
2074
2068
2066
2065
2065
2063
2061
2062
2066
2070
2074
2078
2080
2084
2090
2093
2093
2091
2089
2097
2112
2125
2135
2124
2096
2062
2025
2006
2002
2002
2008
2008
2003
2002
2004
2014
2029
2044
2059
2075
2091
2104
2114
2115
2109
2101
2090
2079
2068
2052
2032
2011
1991
1981
1981
1987
1998
2009
2018
2030
2043
2059
2077
2091
2100
2102
2097
2089
2078
2068
2057
2047
2037
2029
2022
2018
2016
2013
2011
2011
2013
2016
2020
2024
2026
2027
2027
2030
2034
2036
2036
2032
2025
2019
2013
2008
2002
1996
1989
1986
1986
1986
1986
1981
1973
1970
1971
1978
1989
1995
1995
1999
2005
2024
2055
2076
2088
2073
2035
1996
1957
1936
1932
1935
1944
1957
1972
1995
2026
2059
2094
2124
2152
2174
2192
2195
2186
2164
2131
2104
2082
2068
2061
2051
2038
2024
2009
2004
2008
2016
2028
2037
2044
2050
2056
2064
2075
2083
2090
2092
2090
2085
2078
2073
2069
2066
2064
2061
2057
2054
2054
2057
2064
2070
2077
2083
2088
2095
2103
2111
2120
2125
2127
2125
2120
2115
2111
2111
2115
2122
2132
2140
2146
2149
2149
2150
2154
2157
2159
2159
2157
2161
2171
2188
2211
2217
2210
2175
2118
2062
2007
1979
1975
1984
2006
2024
2039
2050
2058
2065
2072
2074
2072
2063
2050
2033
2012
1988
1962
1937
1915
1895
1877
1857
1836
1819
1806
1804
1811
1823
1838
1851
1863
1878
1896
1917
1939
1958
1973
1987
1998
2008
2016
2021
2023
2026
2028
2028
2027
2024
2018
2015
2013
2016
2023
2029
2033
2036
2039
2046
2055
2064
2071
2073
2070
2066
2060
2058
2058
2061
2067
2072
2078
2082
2085
2088
2090
2092
2092
2093
2093
2100
2112
2127
2145
2148
2139
2112
2072
2037
2008
1995
1995
1998
2004
2007
2007
2011
2019
2031
2048
2064
2081
2095
2106
2112
2112
2107
2096
2085
2074
2063
2052
2039
2022
2007
1992
1986
1987
1995
2008
2022
2037
2051
2065
2079
2092
2102
2109
2110
2106
2097
2085
2074
2065
2057
2051
2045
2038
2034
2032
2034
2041
2048
2055
2059
2061
2063
2065
2068
2072
2072
2070
2067
2063
2059
2057
2054
2050
2047
2044
2043
2043
2045
2049
2055
2062
2069
2076
2079
2079
2080
2082
2083
2083
2078
2069
2066
2066
2075
2093
2102
2102
2084
2051
2022
1998
1989
1995
2001
2007
2008
2006
2007
2011
2018
2027
2039
2054
2072
2094
2110
2121
2120
2107
2091
2071
2053
2037
2019
1999
1982
1965
1958
1958
1965
1980
1997
2017
2038
2059
2076
2089
2094
2094
2088
2078
2064
2046
2028
2008
1994
1984
1980
1981
1983
1985
1987
1989
1994
2001
2007
2014
2021
2028
2033
2039
2041
2039
2035
2028
2024
2021
2016
2010
2005
2000
2002
2010
2019
2029
2035
2039
2046
2056
2069
2084
2089
2087
2082
2073
2067
2063
2056
2047
2044
2048
2067
2100
2120
2131
2112
2066
2021
1976
1957
1959
1970
1988
2004
2017
2035
2056
2081
2109
2135
2157
2170
2176
2169
2151
2128
2102
2083
2069
2057
2046
2030
2012
2001
1997
2004
2020
2037
2055
2070
2085
2102
2120
2136
2151
2161
2167
2170
2171
2169
2165
2156
2143
2129
2114
2101
2090
2082
2077
2074
2074
2075
2077
2079
2081
2081
2079
2076
2070
2064
2057
2047
2035
2019
2001
1983
1966
1953
1942
1933
1926
1920
1915
1913
1913
1916
1922
1929
1936
1944
1952
1965
1983
2012
2049
2081
2108
2107
2083
2044
1993
1960
1943
1943
1958
1967
1973
1976
1976
1983
1995
2010
2027
2043
2060
2075
2088
2093
2093
2087
2077
2067
2056
2041
2021
2001
1979
1970
1970
1979
1997
2010
2021
2031
2040
2053
2071
2087
2101
2106
2104
2098
2089
2080
2072
2064
2055
2045
2035
2026
2019
2016
2018
2024
2035
2046
2057
2065
2071
2074
2074
2074
2074
2074
2075
2076
2076
2073
2069
2065
2059
2055
2052
2051
2053
2058
2065
2073
2080
2084
2084
2082
2080
2079
2079
2076
2070
2067
2066
2074
2090
2102
2109
2099
2074
2046
2016
2000
1994
1994
1999
2002
2002
2003
2004
2008
2015
2026
2041
2059
2079
2096
2109
2114
2112
2106
2095
2080
2060
2037
2011
1988
1970
1961
1961
1968
1981
1998
2016
2034
2051
2066
2081
2092
2101
2104
2101
2093
2081
2069
2056
2045
2034
2026
2019
2016
2017
2020
2025
2029
2032
2036
2040
2047
2056
2063
2070
2073
2071
2066
2059
2052
2046
2044
2044
2044
2044
2042
2038
2038
2040
2043
2048
2053
2057
2063
2070
2075
2080
2081
2077
2071
2063
2055
2048
2044
2044
2053
2070
2085
2100
2095
2073
2043
2006
1986
1979
1981
1992
1997
1996
1994
1991
1995
2004
2017
2032
2049
2068
2085
2100
2106
2102
2092
2075
2059
2043
2022
1998
1972
1946
1932
1928
1932
1945
1955
1964
1973
1983
1996
2013
2025
2034
2036
2032
2028
2023
2018
2013
2007
2001
1997
1995
1994
1994
1997
2001
2007
2014
2020
2024
2028
2032
2037
2044
2049
2053
2056
2057
2060
2064
2067
2071
2070
2066
2060
2053
2046
2039
2037
2037
2042
2053
2065
2076
2082
2084
2084
2082
2078
2072
2066
2059
2064
2080
2102
2128
2130
2112
2071
2011
1964
1929
1919
1930
1948
1971
1993
2015
2039
2065
2088
2110
2127
2141
2149
2151
2143
2126
2105
2079
2059
2042
2029
2018
2007
1996
1988
1984
1990
2003
2019
2039
2057
2072
2087
2101
2115
2128
2136
2138
2134
2126
2120
2115
2113
2113
2113
2111
2110
2109
2111
2115
2119
2124
2130
2136
2142
2148
2152
2154
2152
2148
2142
2135
2125
2114
2101
2086
2075
2067
2061
2057
2050
2040
2028
2014
2004
1997
1990
1983
1975
1968
1973
1989
2014
2047
2059
2054
2020
1963
1907
1854
1823
1812
1812
1822
1834
1847
1864
1884
1908
1935
1962
1989
2013
2035
2051
2060
2062
2058
2051
2041
2028
2013
1995
1975
1959
1946
1944
1951
1962
1979
1995
2011
2027
2043
2058
2071
2081
2088
2093
2095
2095
2095
2093
2089
2084
2077
2070
2063
2058
2056
2057
2061
2065
2070
2073
2073
2073
2074
2077
2081
2084
2085
2084
2080
2077
2075
2071
2065
2061
2057
2058
2064
2070
2077
2080
2082
2083
2083
2080
2075
2070
2066
2074
2092
2110
2130
2128
2108
2078
2039
2014
2001
2000
2009
2014
2014
2012
2008
2009
2015
2026
2043
2062
2084
2103
2118
2122
2117
2105
2087
2070
2055
2043
2034
2024
2015
2005
1996
1992
1992
2000
2014
2030
2047
2061
2072
2082
2090
2094
2096
2092
2084
2075
2064
2056
2051
2047
2044
2040
2036
2034
2034
2037
2044
2049
2053
2055
2055
2058
2062
2068
2075
2078
2077
2071
2060
2050
2041
2038
2040
2043
2048
2052
2054
2056
2060
2064
2070
2071
2068
2066
2066
2074
2091
2103
2111
2100
2073
2042
2008
1990
1984
1985
1992
1994
1992
1992
1993
2000
2013
2027
2042
2058
2075
2090
2104
2108
2104
2092
2073
2055
2038
2023
2008
1993
1978
1967
1960
1959
1963
1971
1980
1991
2003
2015
2027
2034
2037
2034
2025
2017
2009
2004
2002
1999
1995
1991
1986
1984
1985
1988
1992
1998
2004
2011
2020
2029
2036
2041
2044
2047
2051
2051
2049
2044
2037
2035
2038
2046
2058
2066
2070
2073
2073
2073
2075
2073
2069
2071
2079
2099
2130
2147
2151
2123
2070
2018
1967
1941
1936
1943
1960
1979
1999
2023
2051
2077
2102
2122
2138
2149
2156
2154
2143
2124
2098
2075
2053
2034
2017
2000
1983
1972
1965
1966
1973
1983
1996
2012
2032
2052
2072
2083
2088
2088
2084
2080
2078
2074
2069
2060
2048
2035
2022
2012
2003
1997
1994
1996
2002
2013
2028
2041
2052
2056
2054
2051
2047
2045
2047
2045
2039
2029
2016
2007
2001
1996
1992
1985
1976
1981
1999
2031
2074
2095
2097
2069
2016
1972
1936
1928
1945
1970
2001
2031
2060
2092
2125
2155
2181
2198
2209
2217
2221
2220
2216
2209
2198
2191
2189
2186
2184
2175
2159
2146
2136
2137
2148
2159
2172
2179
2181
2182
2182
2176
2166
2151
2132
2116
2102
2088
2075
2056
2033
2010
1988
1972
1962
1955
1950
1947
1946
1946
1947
1945
1940
1933
1926
1921
1917
1911
1902
1892
1879
1872
1869
1868
1868
1869
1872
1890
1921
1959
2005
2029
2033
2014
1975
1946
1926
1924
1937
1949
1962
1970
1974
1984
1998
2016
2038
2060
2080
2096
2107
2111
2109
2104
2095
2086
2077
2064
2048
2031
2013
2002
1996
1995
1997
2001
2005
2012
2023
2036
2051
2061
2067
2069
2069
2067
2064
2057
2047
2037
2026
2016
2009
2001
1992
1986
1981
1983
1991
2008
2032
2063
2100
2141
2184
2219
2247
2258
2254
2235
2202
2167
2129
2101
2082
2075
2077
2083
2092
2106
2124
2147
2175
2195
2208
2206
2193
2180
2166
2157
2153
2142
2126
2101
2069
2040
2013
1995
1984
1984
1992
2007
2029
2047
2062
2063
2052
2035
2015
2000
1991
1984
1979
1977
1977
1984
1997
2008
2019
2019
2010
1997
1979
1963
1950
1941
1937
1938
1945
1955
1968
1979
1988
1992
1991
1986
1979
1971
1964
1959
1955
1953
1951
1954
1961
1979
2007
2044
2086
2120
2146
2158
2156
2148
2134
2125
2120
2120
2126
2125
2118
2106
2089
2082
2083
2087
2094
2087
2067
2042
2012
1994
1985
1980
1979
1977
1974
1978
1989
2008
2032
2055
2077
2095
2108
2114
2114
2109
2100
2096
2095
2095
2096
2087
2069
2047
2021
2006
1999
1999
2004
2004
2000
1994
1987
1986
1990
1995
2002
2010
2018
2028
2039
2048
2055
2059
2059
2065
2075
2091
2111
2131
2149
2163
2174
2184
2192
2200
2207
2214
2221
2223
2221
2212
2198
2186
2176
2169
2164
2155
2143
2140
2144
2162
2193
2209
2211
2182
2125
2067
2009
1975
1962
1961
1968
1975
1982
1989
1998
2004
2009
2011
2011
2008
2003
1991
1973
1953
1931
1916
1907
1899
1893
1882
1867
1854
1843
1842
1848
1858
1871
1886
1903
1919
1936
1952
1967
1982
1998
2013
2027
2035
2037
2036
2032
2030
2029
2029
2030
2032
2036
2040
2045
2048
2050
2051
2053
2057
2064
2070
2077
2083
2088
2092
2094
2095
2093
2091
2087
2084
2081
2078
2075
2079
2090
2105
2124
2127
2118
2092
2053
2023
2001
1996
2005
2012
2019
2021
2019
2022
2028
2038
2053
2070
