1896
1894
1894
1896
1900
1899
1896
1890
1883
1882
1885
1894
1907
1919
1929
1936
1940
1947
1955
1972
1995
2024
2057
2089
2121
2151
2179
2209
2238
2266
2292
2313
2330
2340
2345
2346
2343
2334
2323
2307
2287
2265
2242
2220
2197
2176
2155
2135
2116
2101
2088
2081
2077
2076
2076
2078
2081
2086
2091
2095
2098
2092
2082
2066
2045
2022
1998
1979
1963
1958
1961
1974
1993
2009
2022
2024
2019
2013
2005
2002
2000
1996
1991
1980
1967
1958
1951
1950
1953
1955
1957
1960
1963
1970
1978
1985
1990
1993
1995
2000
2008
2018
2028
2036
2041
2045
2049
2053
2058
2058
2055
2050
2043
2040
2040
2040
2040
2037
2030
2024
2019
2019
2023
2029
2037
2044
2049
2052
2052
2049
2044
2037
2029
2023
2018
2015
2012
2010
2008
2009
2012
2016
2022
2028
2033
2037
2041
2044
2046
2046
2044
2042
2040
2040
2040
2039
2039
2039
2039
2039
2041
2043
2045
2047
2050
2055
2060
2065
2068
2067
2064
2058
2051
2047
2044
2047
2054
2065
2080
2088
2092
2084
2068
2054
2040
2033
2031
2027
2021
2011
1998
1990
1985
1987
1992
1999
2007
2015
2024
2031
2036
2035
2031
2027
2023
2022
2023
2025
2027
2028
2029
2034
2041
2049
2057
2062
2065
2063
2060
2056
2052
2049
2046
2044
2042
2042
2042
2043
2046
2051
2058
2064
2069
2073
2075
2074
2072
2069
2065
2062
2059
2057
2057
2057
2059
2061
2064
2068
2073
2077
2080
2083
2085
2088
2092
2096
2099
2101
2101
2103
2106
2111
2118
2124
2129
2135
2140
2143
2145
2138
2126
2108
2085
2065
2047
2032
2019
2006
1993
1987
1984
1988
1996
2010
2028
2053
2082
2110
2137
2147
2147
2134
2114
2097
2081
2065
2049
2027
2001
1975
1949
1930
1915
1907
1902
1903
1908
1915
1923
1931
1938
1947
1957
1973
1992
2010
2028
2039
2046
2050
2052
2055
2058
2060
2060
2058
2053
2049
2044
2043
2045
2049
2055
2062
2070
2078
2087
2096
2106
2113
2119
2120
2117
2109
2099
2088
2078
2069
2061
2054
2047
2043
2040
2043
2048
2055
2063
2069
2074
2078
2081
2083
2083
2080
2077
2072
2067
2063
2059
2056
2053
2053
2053
2053
2055
2057
2060
2064
2069
2075
2080
2082
2081
2077
2072
2070
2070
2074
2082
2092
2105
2117
2130
2135
2137
2127
2110
2085
2055
2025
1996
1971
1948
1933
1923
1922
1926
1936
1949
1961
1971
1976
1976
1970
1960
1949
1937
1928
1920
1914
1908
1902
1896
1892
1889
1888
1888
1882
1874
1862
1848
1839
1834
1835
1840
1849
1859
1870
1882
1898
1916
1939
1965
1994
2025
2057
2088
2118
2146
2176
2207
2241
2277
2312
2345
2370
2391
2404
2411
2411
2407
2397
2384
2365
2344
2317
2288
2255
2221
2188
2156
2129
2106
2089
2076
2069
2066
2066
2069
2074
2079
2084
2087
2085
2080
2069
2053
2035
2015
1998
1982
1977
1977
1984
1995
1998
1995
1983
1967
1958
1954
1959
1970
1977
1981
1979
1972
1967
1963
1961
1961
1962
1964
1967
1972
1975
1978
1980
1981
1985
1990
1999
2010
2022
2034
2044
2054
2061
2066
2069
2070
2069
2066
2061
2056
2050
2043
2036
2029
2021
2011
2005
2000
2002
2007
2016
2027
2034
2039
2040
2039
2037
2034
2031
2028
2024
2019
2016
2013
2012
2012
2011
2010
2010
2010
2012
2015
2018
2021
2024
2027
2030
2034
2039
2044
2048
2051
2053
2053
2053
2053
2054
2057
2062
2067
2069
2069
2068
2065
2065
2066
2068
2071
2070
2068
2064
2057
2051
2046
2047
2051
2062
2078
2091
2101
2096
2081
2061
2038
2022
2011
2004
1999
1992
1983
1977
1972
1974
1981
1989
1998
2006
2014
2021
2028
2031
2031
2028
2023
2020
2018
2019
2022
2027
2033
2040
2048
2055
2063
2069
2073
2075
2075
2076
2076
2073
2069
2062
2054
2046
2038
2034
2031
2031
2031
2033
2036
2038
2040
2041
2041
2041
2041
2041
2043
2044
2046
2048
2050
2053
2057
2060
2063
2064
2066
2068
2071
2075
2080
2083
2086
2088
2090
2091
2092
2093
2095
2097
2099
2101
2103
2106
2109
2112
2115
2114
2112
2110
2107
2108
2110
2111
2111
2110
2108
2108
2109
2112
2117
2121
2125
2123
2118
2101
2077
2044
2005
1972
1944
1932
1929
1933
1941
1953
1968
1989
2013
2039
2066
2087
2103
2110
2111
2104
2091
2074
2053
2031
2008
1987
1966
1948
1930
1919
1911
1911
1917
1929
1945
1961
1979
1997
2015
2031
2047
2060
2070
2075
2075
2072
2067
2060
2052
2045
2037
2029
2021
2013
2006
2002
2000
2003
2008
2017
2029
2042
2057
2071
2084
2096
2106
2114
2119
2121
2121
2117
2112
2105
2097
2089
2081
2077
2075
2077
2081
2086
2091
2097
2102
2105
2108
2107
2104
2101
2098
2095
2092
2088
2081
2073
2063
2057
2052
2052
2055
2061
2070
2085
2103
2119
2134
2133
2123
2102
2074
2048
2023
2000
1979
1961
1945
1942
1945
1960
1981
2004
2027
2044
2057
2063
2064
2061
2054
2048
2043
2041
2041
2040
2038
2038
2038
2040
2042
2038
2030
2015
1995
1976
1956
1940
1926
1911
1895
1879
1862
1849
1839
1832
1827
1823
1818
1811
1801
1792
1783
1779
1779
1786
1799
1818
1841
1864
1887
1908
1929
1953
1979
2013
2052
2095
2142
2189
2237
2285
2333
2379
2424
2461
2492
2511
2521
2520
2513
2498
2477
2446
2409
2364
2315
2266
2218
2179
2146
2125
2110
2101
2096
2089
2079
2067
2053
2044
2039
2038
2040
2038
2034
2025
2012
1996
1979
1961
1942
1925
1909
1899
1892
1889
1887
1890
1895
1909
1927
1948
1972
1994
2015
2031
2045
2054
2059
2057
2049
2035
2019
2005
1992
1983
1978
1974
1971
1970
1972
1979
1990
2006
2025
2043
2059
2069
2076
2076
2071
2063
2052
2039
2024
2011
1998
1988
1981
1979
1981
1986
1993
2002
2012
2021
2031
2040
2048
2055
2060
2063
2065
2064
2062
2058
2051
2043
2035
2028
2023
2021
2020
2021
2024
2028
2035
2042
2050
2056
2061
2068
2076
2084
2092
2097
2099
2095
2087
2076
2064
2056
2049
2051
2059
2069
2079
2077
2067
2050
2027
2014
2007
2007
2010
2006
1998
1987
1976
1974
1977
1986
1997
2007
2016
2023
2028
2030
2030
2027
2022
2020
2020
2022
2025
2028
2031
2035
2040
2047
2055
2063
2071
2075
2077
2076
2074
2071
2066
2061
2054
2048
2043
2042
2042
2044
2048
2052
2055
2057
2058
2058
2056
2054
2051
2048
2045
2043
2041
2040
2040
2041
2044
2045
2046
2045
2042
2039
2036
2035
2035
2035
2036
2036
2036
2035
2035
2036
2039
2043
2047
2051
2056
2060
2063
2065
2065
2063
2058
2053
2048
2047
2048
2051
2055
2058
2061
2063
2065
2067
2070
2074
2081
2092
2105
2117
2127
2124
2114
2097
2077
2064
2054
2049
2046
2040
2031
2023
2015
2015
2020
2029
2041
2053
2066
2078
2088
2092
2092
2086
2077
2067
2057
2047
2037
2029
2021
2018
2016
2018
2022
2027
2032
2040
2050
2063
2079
2094
2109
2120
2130
2136
2139
2139
2137
2131
2121
2108
2092
2076
2058
2041
2024
2007
1990
1976
1963
1956
1952
1953
1957
1965
1975
1986
1999
2012
2023
2032
2039
2042
2043
2042
2040
2037
2034
2030
2027
2025
2025
2026
2028
2030
2033
2038
2044
2052
2060
2065
2068
2069
2069
2070
2073
2075
2077
2075
2072
2069
2066
2067
2070
2078
2088
2103
2123
2139
2153
2150
2136
2111
2080
2052
2026
2005
1985
1968
1952
1947
1949
1962
1983
2006
2030
2051
2069
2078
2083
2080
2073
2065
2057
2051
2048
2044
2041
2039
2037
2037
2039
2037
2034
2025
2012
1998
1984
1972
1962
1950
1937
1921
1904
1888
1873
1861
1851
1841
1833
1823
1813
1804
1794
1792
1795
1808
1828
1851
1875
1900
1924
1951
1979
2010
2042
2075
2108
2141
2175
2208
2240
2270
2299
2327
2354
2375
2391
2398
2400
2396
2388
2378
2365
2348
2328
2306
2283
2256
2228
2198
2165
2135
2107
2087
2071
2064
2062
2071
2086
2103
2121
2126
2123
2111
2091
2072
2053
2033
2012
1986
1957
1931
1907
1892
1882
1881
1885
1896
1912
1931
1952
1967
1980
1989
1995
2000
2003
2003
2000
1995
1988
1984
1981
1983
1986
1990
1994
1998
2003
2009
2017
2024
2032
2036
2039
2041
2041
2041
2041
2042
2044
2045
2045
2043
2039
2032
2024
2016
2008
2004
2002
2005
2011
2019
2029
2037
2045
2051
2056
2058
2059
2057
2053
2048
2043
2039
2036
2031
2026
2021
2016
2015
2015
2019
2025
2033
2043
2052
2062
2068
2072
2074
2075
2078
2081
2082
2082
2076
2067
2056
2044
2035
2027
2027
2032
2044
2062
2075
2086
2086
2078
2067
2055
2049
2046
2041
2034
2021
2003
1989
1976
1970
1967
1967
1970
1977
1987
1998
2009
2016
2021
2023
2025
2029
2035
2041
2048
2053
2056
2058
2059
2059
2059
2057
2055
2053
2050
2046
2043
2041
2041
2042
2045
2050
2055
2061
2069
2078
2088
2095
2100
2101
2098
2091
2083
2074
2066
2059
2053
2050
2048
2049
2052
2058
2066
2077
2090
2102
2112
2118
2121
2124
2126
2127
2127
2125
2121
2119
2118
2118
2118
2116
2111
2104
2096
2084
2071
2050
2026
2000
1974
1955
1942
1935
1932
1932
1935
1945
1959
1978
2000
2025
2053
2086
2123
2153
2179
2182
2170
2143
2107
2073
2042
2012
1984
1953
1920
1893
1869
1859
1858
1868
1886
1911
1940
1971
2004
2031
2055
2074
2090
2100
2108
2108
2104
2094
2079
2065
2050
2040
2033
2029
2026
2025
2026
2032
2040
2051
2064
2075
2085
2093
2100
2107
2114
2117
2117
2111
2101
2087
2072
2059
2046
2035
2027
2023
2021
2025
2032
2042
2055
2069
2085
2098
2111
2118
2123
2123
2120
2116
2110
2101
2091
2080
2069
2060
2052
2047
2044
2043
2044
2046
2049
2051
2054
2058
2063
2067
2070
2069
2064
2056
2046
2038
2032
2032
2037
2047
2060
2075
2091
2099
2104
2096
2080
2058
2031
2006
1982
1964
1949
1943
1941
1949
1962
1982
2005
2026
2047
2060
2070
2073
2071
2067
2062
2061
2061
2064
2068
2071
2073
2076
2080
2085
2091
2093
2092
2088
2081
2077
2074
2073
2071
2067
2060
2054
2047
2043
2041
2042
2045
2046
2047
2045
2041
2036
2029
2024
2020
2017
2015
2013
2011
2010
2010
2009
2008
2004
1999
1995
1990
1988
1987
1986
1985
1984
1982
1981
1980
1977
1974
1972
1972
1974
1979
1982
1985
1983
1980
1977
1974
1977
1983
1996
2014
2032
2052
2062
2066
2059
2045
2030
2014
2001
1991
1983
1975
1972
1972
1979
1992
2010
2030
2048
2066
2078
2086
2090
2090
2091
2091
2095
2102
2108
2114
2118
2121
2127
2134
2142
2151
2155
2155
2152
2147
2143
2140
2136
2131
2124
2116
2109
2103
2099
2096
2091
2085
2077
2068
2060
2052
2045
2037
2030
2022
2018
2017
2020
2025
2031
2038
2044
2049
2053
2057
2059
2059
2059
2057
2057
2057
2055
2053
2049
2044
2039
2035
2033
2031
2028
2025
2020
2013
2007
2001
1995
1990
1989
1989
1995
2003
2012
2022
2027
2030
2028
2023
2018
2011
2010
2013
2021
2032
2035
2033
2020
1999
1984
1972
1971
1976
1980
1982
1982
1982
1990
2004
2022
2043
2059
2070
2078
2083
2083
2080
2071
2056
2039
2021
2007
1994
1985
1977
1972
1969
1973
1980
1989
2000
2009
2017
2025
2033
2042
2051
2056
2059
2057
2050
2041
2030
2021
2014
2011
2011
2011
2012
2013
2015
2018
2021
2027
2035
2042
2050
2058
2066
2072
2079
2085
2090
2095
2099
2101
2102
2102
2100
2097
2092
2086
2078
2071
2064
2062
2063
2064
2066
2065
2062
2062
2062
2065
2070
2075
2080
2082
2084
2083
2081
2076
2069
2059
2047
2037
2027
2027
2034
2050
2071
2089
2105
2108
2104
2098
2090
2089
2091
2092
2093
2089
2082
2080
2080
2087
2100
2112
2125
2136
2145
2153
2160
2163
2164
2160
2153
2141
2126
2103
2074
2038
1998
1964
1934
1918
1910
1909
1914
1921
1929
1942
1958
1974
1991
2005
2017
2026
2034
2041
2046
2046
2044
2038
2029
2019
2009
2000
1990
1979
1966
1952
1938
1928
1921
1922
1927
1941
1959
1981
2004
2028
2051
2070
2088
2099
2107
2107
2102
2093
2080
2067
2056
2048
2043
2041
2043
2048
2055
2062
2069
2076
2084
2094
2105
2115
2123
2125
2122
2115
2105
2098
2093
2096
2104
2116
2131
2138
2141
2129
2109
2085
2057
2035
2016
2001
1988
1979
1971
1970
1974
1985
2001
2019
2038
2053
2064
2068
2067
2061
2053
2047
2042
2042
2045
2049
2055
2064
2074
2086
2099
2108
2115
2117
2115
2113
2110
2105
2100
2092
2081
2068
2055
2044
2036
2031
2028
2025
2022
2015
2007
1996
1983
1969
1955
1942
1931
1920
1910
1899
1889
1877
1866
1855
1845
1834
1824
1815
1806
1798
1791
1788
1786
1789
1794
1804
1817
1832
1850
1870
1893
1922
1955
1997
2046
2099
2156
2212
2266
2318
2369
2418
2467
2509
2547
2573
2593
2595
2585
2555
2512
2457
2395
2334
2275
2222
2171
2126
2085
2056
2033
2022
2018
2019
2024
2030
2037
2043
2048
2047
2042
2033
2021
2010
2000
1990
1980
1970
1960
1953
1948
1948
1951
1956
1961
1968
1975
1983
1993
2002
2011
2016
2019
2017
2013
2010
2007
2007
2009
2008
2006
2001
1994
1987
1980
1977
1977
1979
1984
1990
1998
2008
2018
2027
2035
2040
2043
2044
2042
2039
2034
2029
2022
2017
2012
2010
2009
2009
2009
2010
2012
2016
2021
2027
2032
2036
2039
2044
2051
2059
2067
2072
2075
2073
2068
2061
2051
2044
2037
2038
2044
2055
2069
2075
2077
2067
2049
2035
2022
2016
2016
2011
2004
1993
1978
1971
1968
1974
1984
1993
2002
2010
2018
2024
2031
2033
2033
2031
2028
2028
2029
2030
2031
2032
2032
2035
2040
2046
2054
2060
2065
2069
2072
2074
2076
2074
2069
2064
2057
2053
2051
2051
2051
2052
2054
2056
2059
2060
2061
2059
2054
2049
2044
2041
2039
2039
2041
2044
2047
2050
2053
2054
2054
2053
2053
2053
2054
2056
2059
2061
2064
2069
2076
2082
2089
2091
2090
2085
2077
2066
2055
2043
2030
2020
2012
2008
2007
2008
2011
2012
2012
2013
2015
2020
2027
2039
2055
2074
2095
2110
2121
2117
2104
2083
2058
2040
2025
2013
2003
1989
1972
1959
1948
1948
1956
1972
1992
2012
2033
2049
2063
2071
2074
2074
2071
2068
2066
2065
2064
2062
2059
2058
2058
2062
2069
2078
2089
2099
2109
2117
2125
2132
2137
2141
2144
2144
2144
2143
2141
2138
2134
2124
2111
2092
2070
2047
2024
2002
1982
1964
1947
1936
1928
1929
1936
1950
1970
1993
2019
2046
2072
2094
2114
2128
2139
2144
2146
2141
2131
2117
2100
2082
2064
2045
2027
2011
1996
1985
1977
1971
1966
1966
1968
1977
1991
2008
2028
2044
2057
2067
2074
2077
2079
2079
2077
2079
2084
2089
2094
2088
2074
2051
2023
2001
1983
1973
1967
1962
1959
1960
1964
1975
1991
2010
2030
2047
2063
2073
2081
2080
2074
2065
2055
2049
2046
2047
2049
2050
2052
2057
2065
2076
2087
2093
2095
2093
2089
2088
2088
2087
2087
2082
2075
2070
2066
2066
2069
2073
2076
2076
2074
2070
2065
2059
2052
2048
2045
2045
2047
2048
2049
2051
2053
2057
2063
2069
2074
2078
2080
2081
2081
2080
2080
2079
2078
2077
2077
2076
2074
2072
2069
2068
2068
2067
2065
2062
2057
2053
2049
2044
2039
2027
2011
1995
1979
1969
1964
1965
1968
1972
1975
1973
1968
1951
1925
1889
1848
1809
1773
1747
1726
1713
1706
1711
1723
1744
1771
1799
1827
1853
1877
1903
1930
1960
1993
2032
2074
2119
2166
2206
2244
2277
2308
2339
2370
2395
2416
2421
2416
2403
2384
2364
2344
2323
2302
2278
2254
2232
2211
2192
2175
2159
2143
2127
2111
2096
2080
2065
2049
2038
2028
2022
2019
2016
2014
2011
2008
2004
2000
1994
1986
1977
1967
1960
1955
1953
1954
1958
1963
1971
1981
1990
2000
2007
2012
2018
2024
2030
2035
2037
2036
2034
2031
2032
2034
2034
2034
2030
2024
2017
2010
2008
2008
2016
2031
2051
2075
2088
2094
2085
2066
2047
2029
2017
2009
1999
1988
1975
1962
1955
1952
1957
1965
1975
1985
1995
2006
2014
2021
2023
2022
2020
2017
2018
2021
2024
2028
2033
2039
2046
2054
2060
2065
2067
2067
2065
2063
2062
2061
2058
2055
2049
2042
2037
2033
2033
2036
2041
2047
2052
2055
2055
2053
2050
2047
2044
2041
2040
2038
2038
2038
2039
2042
2047
2052
2056
2059
2058
2055
2051
2045
2039
2033
2029
2026
2024
2024
2024
2024
2024
2026
2029
2032
2038
2045
2052
2059
2062
2064
2063
2060
2057
2055
2054
2053
2052
2052
2051
2050
2048
2045
2046
2050
2062
2080
2096
2111
2110
2100
2082
2059
2043
2030
2022
2015
2005
1992
1980
1969
1966
1969
1978
1990
2003
2016
2028
2038
2043
2046
2045
2042
2040
2038
2037
2037
2036
2036
2038
2041
2045
2050
2052
2054
2056
2058
2061
2066
2069
2072
2074
2074
2073
2072
2072
2072
2072
2074
2075
2075
2070
2063
2054
2044
2038
2034
2032
2032
2032
2032
2033
2036
2040
2044
2046
2046
2045
2045
2046
2048
2048
2048
2046
2044
2044
2044
2045
2046
2047
2049
2051
2054
2056
2059
2061
2064
2067
2071
2073
2075
2076
2076
2078
2081
2084
2087
2088
2088
2087
2085
2082
2078
2078
2080
2089
2102
2112
2120
2116
2105
2093
2081
2078
2080
2080
2080
2070
2055
2039
2021
2009
2000
1994
1989
1984
1978
1972
1965
1962
1961
1966
1975
1990
2009
2030
2051
2072
2093
2112
2130
2144
2154
2154
2146
2129
2107
2086
2065
2047
2029
2012
1994
1981
1970
1967
1970
1979
1992
2007
2023
2038
2053
2063
2070
2072
2072
2069
2065
2060
2053
2045
2036
2028
2020
2013
2008
2006
2005
2008
2014
2023
2034
2045
2055
2063
2070
2075
2080
2083
2085
2084
2081
2076
2071
2066
2061
2057
2053
2050
2048
2049
2052
2053
2055
2056
2056
2060
2065
2071
2079
2087
2095
2106
2119
2129
2136
2129
2113
2089
2059
2032
2006
1985
1967
1953
1942
1940
1943
1956
1975
1998
2023
2043
2060
2068
2070
2067
2061
2056
2053
2051
2051
2051
2051
2052
2055
2059
2063
2061
2056
2048
2037
2028
2020
2013
2007
1999
1991
1982
1973
1966
1960
1954
1948
1940
1930
1919
1907
1894
1881
1867
1853
1845
1840
1844
1853
1865
1879
1893
1906
1922
1939
1960
1984
2012
2041
2072
2104
2135
2164
2191
2216
2237
2256
2271
2284
2295
2304
2310
2314
2312
2305
2295
2283
2271
2260
2246
2230
2209
2186
2164
2142
2126
2115
2113
2116
2123
2132
2132
2127
2109
2083
2058
2033
2014
1999
1984
1970
1956
1942
1932
1924
1921
1920
1923
1928
1936
1946
1956
1966
1975
1984
1992
2000
2006
2011
2016
2020
2025
2030
2034
2036
2035
2032
2029
2026
2026
2028
2031
2035
2037
2037
2036
2034
2035
2038
2042
2048
2053
2056
2056
2054
2049
2041
2031
2021
2013
2007
2004
2003
2004
2007
2010
2015
2020
2025
2029
2032
2035
2038
2041
2044
2045
2045
2043
2040
2040
2040
2040
2040
2040
2039
2039
2039
2041
2044
2049
2055
2061
2066
2068
2068
2068
2068
2070
2073
2074
2073
2066
2056
2047
2038
2035
2035
2042
2053
2066
2080
2085
2083
2070
2049
2031
2016
2008
2006
2001
1993
1982
1967
1960
1957
1962
1972
1983
1994
2005
2015
2023
2030
2032
2031
2028
2024
2023
2023
2026
2031
2036
2042
2048
2055
2061
2066
2069
2071
2070
2068
2066
2063
2060
2058
2057
2056
2057
2060
2066
2073
2079
2084
2083
2080
2072
2062
2052
2042
2035
2030
2026
2024
2025
2027
2031
2036
2042
2047
2050
2053
2056
2058
2059
2060
2060
2060
2058
2055
2051
2046
2043
2040
2040
2040
2040
2040
2042
2045
2049
2056
2061
2065
2067
2067
2068
2070
2072
2075
2076
2074
2069
2062
2054
2045
2040
2037
2044
2055
2067
2080
2081
2073
2059
2040
2029
2023
2022
2025
2022
2015
2006
1996
1993
1993
1997
2002
2007
2011
2014
2017
2019
2019
2018
2016
2017
2020
2024
2031
2038
2045
2052
2059
2065
2071
2074
2074
2071
2067
2064
2062
2061
2059
2056
2052
2049
2047
2049
2053
2060
2068
2074
2079
2080
2078
2075
2071
2067
2064
2059
2054
2050
2046
2044
2044
2044
2046
2048
2051
2056
2061
2066
2071
2074
2077
2079
2082
2085
2088
2090
2091
2091
2091
2091
2092
2095
2099
2104
2109
2112
2112
2109
2103
2096
2088
2080
2072
2060
2046
2030
2014
2000
1989
1983
1980
1988
2001
2025
2055
2083
2109
2122
2127
2125
2119
2113
2108
2097
2084
2062
2036
2009
1982
1962
1946
1937
1932
1931
1932
1935
1938
1944
1951
1961
1974
1991
2011
2031
2052
2068
2081
2089
2093
2091
2086
2077
2064
2049
2033
2020
2010
2006
2004
2005
2008
2016
2026
2041
2059
2075
2090
2099
2104
2103
2099
2091
2081
2071
2061
2052
2045
2040
2035
2032
2029
2031
2034
2042
2052
2061
2069
2076
2081
2086
2091
2093
2094
2092
2089
2087
2085
2085
2085
2084
2081
2078
2073
2070
2067
2065
2064
2064
2065
2065
2064
2060
2053
2048
2043
2045
2050
2059
2069
2075
2079
2074
2063
2041
2012
1978
1940
1905
1872
1846
1823
1808
1798
1797
1802
1817
1838
1859
1881
1897
1908
1912
1912
1913
1916
1925
1939
1956
1974
1992
2010
2028
2047
2066
2086
2101
2114
2123
2131
2142
2153
2167
2182
2197
2212
2227
2242
2257
2272
2282
2289
2290
2287
2278
2267
2251
2233
2210
2184
2159
2133
2111
2091
2076
2063
2055
2049
2048
2051
2055
2062
2067
2071
2073
2075
2074
2071
2063
2052
2038
2023
2008
1994
1982
1971
1966
1965
1971
1981
1991
2001
2010
2018
2030
2044
2055
2065
2064
2057
2044
2028
2014
2002
1998
1998
2007
2022
2034
2044
2041
2031
2019
2006
2001
2002
2003
2003
1997
1987
1979
1972
1970
1972
1976
1981
1988
1996
2002
2007
2010
2010
2011
2011
2013
2016
2020
2023
2029
2036
2045
2056
2064
2070
2072
2072
2071
2071
2071
2071
2067
2062
2055
2045
2038
2033
2033
2036
2041
2048
2054
2061
2064
2065
2062
2056
2049
2041
2037
2034
2031
2028
2024
2021
2021
2024
2029
2036
2041
2044
2045
2044
2044
2045
2046
2047
2047
2045
2044
2042
2042
2042
2041
2041
2042
2044
2048
2053
2057
2061
2062
2060
2059
2058
2058
2060
2061
2061
2058
2053
2048
2043
2044
2048
2059
2074
2086
2097
2097
2089
2077
2062
2052
2045
2040
2037
2030
2020
2013
2007
2009
2016
2027
2041
2055
2069
2081
2092
2098
2101
2102
2100
2099
2098
2099
2102
2106
2113
2122
2132
2138
2141
2136
2126
2109
2089
2070
2051
2032
2014
1993
1972
1951
1931
1919
1911
1913
1921
1936
1954
1977
2001
2026
2052
2073
2093
2106
2115
2118
2117
2110
2100
2083
2062
2038
2012
1990
1969
1956
1946
1944
1947
1956
1970
1989
2012
2037
2064
2088
2111
2125
2134
2136
2134
2128
2118
2103
2083
2062
2040
2024
2013
2008
2007
2009
2012
2019
2029
2042
2058
2075
2092
2111
2132
2149
2165
2167
2159
2135
2102
2068
2034
2004
1976
1952
1931
1919
1914
1922
1938
1960
1986
2013
2039
2060
2078
2085
2087
2083
2075
2070
2065
2062
2059
2055
2052
2052
2055
2061
2069
2075
2078
2080
2080
2083
2087
2092
2098
2101
2101
2098
2093
2089
2086
2085
2087
2088
2089
2088
2085
2080
2074
2068
2062
2059
2058
2060
2065
2069
2074
2075
2073
2070
2065
2060
2055
2047
2037
2026
2013
1999
1985
1972
1959
1946
1933
1921
1911
1902
1894
1889
1884
1878
1870
1861
1850
1838
1827
1815
1803
1790
1777
1766
1756
1755
1760
1776
1799
1828
1862
1892
1920
1944
1965
1988
2014
2046
2084
2126
2172
2220
2269
2320
2372
2418
2462
2493
2517
2525
2523
2505
2477
2439
2395
2352
2308
2267
2228
2191
2156
2130
2109
2097
2092
2089
2089
2087
2084
2082
2080
2079
2077
2073
2068
2057
2044
2027
2009
1992
1976
1962
1949
1938
1927
1917
1909
1906
1906
1912
1922
1937
1954
1971
1989
2003
2016
2023
2026
2025
2021
2013
2003
1991
1978
1968
1961
1960
1963
1970
1980
1990
2001
2013
2024
2035
2046
2057
2067
2075
2083
2086
2086
2082
2074
2065
2055
2044
2033
2022
2012
2003
1995
1996
2003
2021
2045
2067
2088
2093
2090
2078
2061
2048
2038
2028
2018
2005
1990
1976
1965
1960
1959
1962
1969
1978
1988
1999
2010
2019
2027
2030
2031
2031
2030
2030
2031
2035
2040
2046
2051
2054
2056
2056
2056
2056
2056
2057
2059
2060
2060
2059
2056
2052
2047
2048
2051
2058
2068
2073
2076
2074
2067
2060
2053
2047
2042
2037
2031
2026
2021
2020
2020
2023
2028
2033
2039
2047
2055
2062
2069
2072
2072
2070
2065
2060
2055
2050
2046
2043
2040
2038
2035
2033
2032
2034
2038
2044
2052
2057
2061
2063
2063
2064
2066
2067
2067
2063
2056
2048
2040
2035
2033
2038
2047
2058
2069
2074
2074
2066
2052
2039
2026
2018
2013
2008
2002
1992
1979
1970
1963
1963
1968
1973
1980
1984
1987
1988
1990
1991
1993
1994
1994
1994
1994
1995
1997
2000
2005
2012
2020
2030
2040
2046
2049
2050
2048
2049
2051
2054
2059
2060
2060
2057
2052
2050
2049
2050
2053
2055
2058
2059
2059
2060
2061
2063
2066
2069
2074
2081
2091
2101
2112
2120
2125
2129
2134
2143
2155
2169
2185
2201
2216
2232
2248
2264
2280
2293
2303
2310
2315
2310
2300
2279
2250
2218
2184
2148
2111
2061
2003
1937
1867
1813
1770
1760
1770
1814
1878
1957
2045
2123
2195
2245
2281
2298
2302
2280
2241
2180
2104
2033
1964
1915
1879
1849
1823
1801
1780
1773
1774
1787
1807
1830
1856
1882
1910
1934
1957
1971
1981
1987
1990
1992
1992
1989
1982
1978
1975
1980
1989
2000
2012
2022
2031
2042
2054
2066
2079
2089
2097
2103
2108
2112
2117
2120
2123
2123
2121
2116
2109
2100
2089
2080
2072
2066
2063
2060
2058
2058
2059
2063
2070
2077
2085
2091
2098
2104
2109
2112
2112
2108
2103
2097
2092
2089
2087
2085
2082
2082
2082
2083
2083
2081
2077
2074
2071
2071
2074
2076
2077
2072
2064
2056
2048
2045
2047
2055
2066
2080
2095
2105
2113
2108
2095
2074
2046
2020
1996
1978
1963
1954
1948
1948
1951
1961
1976
1993
2013
2030
2045
2053
2057
2055
2050
2046
2043
2043
2045
2050
2057
2068
2081
2094
2106
2110
2110
2105
2098
2093
2090
2086
2083
2076
2068
2060
2052
2047
2044
2041
2039
2036
2032
2024
2014
2001
1986
1974
1964
1956
1951
1945
1940
1935
1930
1928
1927
1930
1937
1947
1960
1973
1984
1988
1988
1981
1971
1961
1951
1944
1938
1933
1928
1927
1927
1934
1944
1957
1972
1987
2000
2011
2021
2030
2038
2051
2066
2083
2103
2117
2127
2126
2119
2110
2100
2097
2099
2109
2124
2143
2164
2184
2202
2218
2233
2246
2259
2267
2272
2268
2258
2243
2224
2203
2180
2159
2138
2123
2110
2103
2100
2097
2094
2089
2082
2075
2067
2060
2053
2046
2038
2028
2018
2009
1999
1994
1991
1992
1996
1999
2001
1997
1990
1979
1965
1952
1939
1932
1927
1927
1930
1935
1943
1953
1963
1971
1979
1986
1991
1996
2001
2005
2009
2012
2014
2014
2014
2014
2015
2017
2019
2022
2026
2034
2044
2058
2073
2087
2100
2109
2116
2121
2126
2129
2131
2128
2123
2111
2095
2077
2059
2051
2048
2060
2080
2105
2133
2153
2168
2174
2174
2173
2171
2168
2163
2151
2135
2117
2099
2089
2084
2081
2079
2068
2051
2029
2003
1981
1961
1945
1930
1921
1916
1921
1931
1946
1964
1981
1998
2012
2025
2033
2038
2036
2031
2025
2017
2013
2010
2006
2002
1995
1986
1976
1966
1956
1947
1940
1934
1930
1928
1929
1932
1938
1946
1958
1973
1989
2005
2020
2033
2044
2052
2056
2057
2055
2051
2047
2042
2038
2033
2029
2026
2025
2025
2030
2037
2046
2056
2067
2077
2087
2096
2103
2108
2111
2113
2114
2114
2113
2110
2103
2094
2084
2074
2067
2062
2066
2075
2092
2115
2134
2152
2154
2146
2126
2098
2070
2041
2014
1988
1966
1947
1939
1939
1950
1968
1990
2013
2032
2048
2058
2064
2064
2060
2057
2054
2055
2060
2063
2066
2067
2067
2069
2074
2080
2087
2089
2088
2084
2078
2073
2069
2064
2058
2049
2039
2030
2022
2017
2015
2014
2014
2010
2004
1995
1984
1974
1965
1960
1957
1958
1960
1964
1969
1976
1984
1991
1996
1998
1997
1995
1992
1991
1989
1987
1985
1982
1979
1976
1973
1972
1970
1970
1971
1971
1970
1969
1967
1969
1973
1981
1992
2005
2019
2035
2051
2070
2091
2115
2139
2162
2184
2198
2206
2204
2196
2187
2178
2176
2178
2180
2182
2180
2175
2170
2165
2161
2158
2154
2151
2148
2145
2141
2136
2130
2122
2116
2110
2106
2103
2099
2092
2082
2071
2061
2051
2045
2041
2037
2032
2026
2018
2012
2007
2007
2009
2011
2014
2015
2015
2018
2021
2026
2032
2034
2032
2023
2008
1990
1970
1953
1938
1930
1925
1928
1936
1949
1967
1986
2007
2025
2041
2052
2060
2062
2062
2059
2054
2049
2044
2036
2026
2016
2006
2001
1999
2000
2003
2005
2006
2010
2017
2028
2042
2054
2065
2070
2071
2068
2063
2059
2054
2054
2057
2061
2066
2064
2056
2041
2021
2006
1995
1992
1994
1994
1992
1989
1985
1986
1990
1997
2006
2013
2020
2025
2029
2032
2035
2037
2037
2036
2036
2038
2041
2045
2049
2052
2054
2058
2064
2074
2086
2096
2106
2112
2117
2121
2126
2130
2133
2134
2132
2129
2126
2124
2122
2121
2121
2121
2121
2124
2129
2134
2139
2139
2136
2125
2108
2084
2055
2028
2003
1988
1978
1978
1983
1993
2004
2015
2026
2034
2041
2046
2050
2055
2062
2066
2069
2069
2066
2060
2050
2037
2021
2003
1984
1969
1957
1949
1944
1938
1933
1932
1932
1939
1950
1967
1988
2015
2046
2075
2103
2114
2115
2103
2083
2062
2040
2017
1994
1969
1941
1923
1910
1913
1924
1943
1966
1992
2018
2042
2064
2078
2087
2091
2092
2093
2094
2093
2090
2084
2076
2071
2068
2071
2078
2084
2089
2093
2096
2099
2102
2107
2112
2116
2120
2121
2121
2119
2116
2115
2114
2111
2106
2096
2083
2068
2053
2040
2030
2021
2012
2003
1994
1988
1983
1981
1980
1977
1974
1969
1964
1958
1951
1942
1931
1919
1907
1896
1885
1873
1861
1851
1841
1837
1836
1842
1852
1865
1881
1894
1904
1906
1904
1904
1904
1917
1938
1972
2014
2063
2117
2169
2221
2263
2299
2324
2342
2352
2358
2357
2352
2339
2319
2296
2272
2251
2232
2215
2200
2186
2172
2159
2146
2134
2123
2114
2107
2105
2107
2109
2112
2114
2115
2117
2119
2120
2120
2113
2102
2084
2063
2042
2022
2005
1990
1977
1967
1963
1962
1967
1977
1989
2003
2016
2028
2035
2038
2036
2029
2019
2007
1996
1985
1976
1969
1967
1968
1972
1977
1983
1990
1996
2002
2009
2017
2024
2031
2036
2041
2044
2046
2045
2042
2038
2033
2030
2027
2025
2022
2020
2017
2019
2024
2032
2042
2049
2054
2055
2053
2049
2044
2042
2042
2050
2065
2079
2093
2093
2085
2068
2047
2031
2020
2012
2006
1997
1987
1978
1971
1970
1973
1979
1987
1997
2007
2019
2030
2037
2042
2041
2037
2032
2027
2023
2020
2019
2019
2022
2027
2033
2040
2047
2055
2062
2067
2070
2070
2070
2068
2066
2063
2058
2053
2049
2045
2045
2047
2049
2052
2052
2052
2050
2047
2043
2038
2033
2028
2027
2027
2029
2032
2035
2038
2039
2041
2042
2043
2043
2042
2041
2040
2040
2042
2044
2046
2047
2049
2051
2053
2054
2055
2057
2059
2062
2065
2066
2065
2062
2058
2057
2057
2058
2060
2059
2057
2053
2048
2043
2040
2041
2044
2053
2066
2078
2088
2087
2078
2064
2047
2037
2032
2031
2031
2026
2018
2009
1999
1996
1997
2003
2011
2021
2032
2041
2048
2052
2054
2055
2057
2060
2064
2069
2074
2080
2086
2092
2099
2106
2114
2122
2132
2139
2145
2146
2144
2139
2131
2121
2111
2098
2083
2065
2047
2031
2017
2006
1998
1991
1985
1981
1979
1981
1986
1993
2003
2016
2031
2047
2065
2078
2088
2093
2093
2087
2079
2067
2052
2036
2020
2005
1991
1981
1973
1970
1970
1976
1986
2001
2019
2039
2059
2075
2090
2098
2103
2104
2102
2098
2093
2084
2073
2059
2044
2032
2021
2016
2014
2019
2029
2047
2070
2097
2125
2139
2146
2136
2115
2090
2062
2037
2014
1991
1968
1951
1937
1934
1938
1950
1967
1985
2003
2019
2032
2041
2048
2052
2055
2060
2067
2073
2080
2082
2081
2079
2076
2078
2082
2084
2084
2079
2072
2068
2065
2066
2070
2073
2075
2076
2076
2079
2084
2089
2096
2099
2100
2097
2090
2080
2069
2057
2045
2036
2028
2021
2016
2014
2013
2015
2018
2021
2024
2024
2022
2019
2014
2009
2002
1994
1985
1975
1964
1953
1943
1934
1926
1920
1915
1910
1905
1899
1892
1888
1885
1887
1892
1897
1902
1909
1916
1926
1938
1953
1970
1992
2016
2045
2077
2106
2134
2153
2166
2177
2185
2195
2205
2214
2222
2227
2230
2231
2231
2229
2227
2224
2220
2213
2204
2191
2175
2157
2139
2124
2113
2105
2100
2095
2092
2091
2091
2094
2098
2099
2099
2095
2088
2081
2074
2066
2057
2045
2030
2016
2001
1991
1983
1982
1984
1988
1994
1998
2001
2002
2001
2000
1998
1997
1996
1995
1994
1995
1997
2000
2003
2006
2008
2010
2012
2014
2016
2017
2019
2021
2024
2027
2030
2031
2031
2032
2033
2035
2038
2039
2040
2041
2043
2044
2045
2045
2043
2043
2044
2048
2054
2058
2061
2058
2053
2047
2041
2038
2037
2042
2052
2066
2082
2089
2089
2076
2055
2035
2016
2006
2001
1996
1991
1983
1973
1968
1965
1970
1980
1991
2002
2011
2019
2024
2027
2028
2028
2027
2025
2023
2021
2021
2021
2025
2030
2037
2045
2053
2060
2066
2071
2074
2077
2077
2075
2071
2064
2057
2049
2043
2038
2038
2041
2044
2049
2051
2052
2049
2044
2038
2033
2030
2028
2028
2028
2031
2034
2039
2044
2049
2052
2053
2052
2050
2048
2046
2044
2042
2040
2040
2040
2041
2044
2048
2053
2057
2061
2064
2067
2069
2071
2073
2076
2076
2075
2071
2066
2063
2060
2061
2063
2064
2064
2065
2065
2064
2063
2062
2062
2066
2073
2086
2103
2112
2115
2103
2082
2058
2034
2019
2010
2002
1995
1984
1971
1962
1957
1959
1967
1977
1990
2004
2017
2027
2035
2038
2038
2036
2033
2032
2032
2030
2027
2022
2017
2016
2017
2022
2029
2034
2038
2042
2045
2052
2060
2068
2076
2080
2082
2082
2081
2082
2085
2087
2090
2090
2088
2084
2078
2072
2067
2063
2060
2060
2062
2067
2075
2083
2092
2098
2103
2105
2106
2108
2111
2113
2115
2115
2113
2109
2104
2096
2087
2077
2067
2058
2051
2047
2044
2040
2037
2033
2030
2026
2022
2016
2009
2004
1999
1999
2002
2008
2015
2024
2034
2045
2058
2071
2082
2095
2108
2123
2138
2141
2138
2117
2084
2048
2010
1981
1957
1938
1922
1910
1901
1902
1910
1927
1950
1976
2004
2030
2053
2065
2072
2070
2062
2056
2049
2046
2044
2043
2041
2041
2041
2044
2051
2059
2067
2073
2077
2081
2085
2090
2096
2100
2103
2101
2098
2094
2089
2088
2088
2087
2086
2082
2075
2066
2056
2049
2042
2038
2035
2036
2038
2042
2047
2051
2056
2057
2057
2053
2048
2044
2040
2037
2034
2030
2025
2019
2011
2005
1998
1992
1987
1982
1979
1976
1973
1971
1968
1962
1954
1947
1939
1930
1921
1910
1899
1890
1883
1886
1895
1913
1936
1961
1988
2010
2028
2036
2036
2028
2015
2002
1991
1987
1989
1998
2013
2035
2063
2097
2135
2175
2216
2252
2283
2302
2312
2309
2298
2281
2261
2243
2225
2207
2189
2171
2152
2136
2123
2114
2109
2105
2102
2101
2100
2100
2102
2104
2107
2106
2104
2099
2091
2081
2070
2058
2045
2030
2015
1999
1983
1970
1960
1954
1952
1955
1960
1968
1979
1992
2005
2016
2026
2031
2034
2033
2030
2023
2015
2007
1999
1994
1991
1990
1992
1994
1997
2001
2006
2014
2023
2033
2043
2054
2064
2071
2075
2073
2068
2062
2055
2051
2048
2043
2038
2032
2024
2017
2012
2011
2013
2024
2042
2063
2087
2099
2102
2092
2074
2058
2044
2035
2030
2019
2005
1988
1970
1961
1956
1961
1971
1983
1997
2010
2023
2031
2038
2041
2041
2042
2043
2044
2045
2045
2044
2044
2045
2048
2051
2053
2054
2053
2050
2048
2046
2046
2046
2046
2044
2043
2041
2043
2048
2053
2060
2063
2065
2063
2060
2055
2050
2045
2042
2040
2040
2041
2044
2047
2050
2052
2055
2059
2063
2065
2066
2064
2061
2056
2051
2045
2040
2035
2032
2031
2031
2033
2036
2039
2042
2047
2052
2058
2064
2070
2075
2077
2079
2076
2071
2065
2057
2052
2049
2046
2044
2041
2036
2032
2029
2028
2030
2038
2049
2065
2083
2094
2099
2092
2076
2060
2045
2037
2034
2029
2023
2011
1995
1982
1972
1971
1976
1985
1998
2010
2021
2029
2034
2037
2037
2038
2038
2040
2042
2044
2047
2050
2053
2057
2062
2067
2072
2077
2082
2084
2084
2084
2083
2083
2084
2085
2087
2089
2092
2095
2100
2105
2111
2115
2118
2118
2116
2112
2106
2098
2089
2079
2068
2056
2044
2032
2020
2010
2002
1998
1996
1999
2006
2017
2031
2048
2066
2083
2101
2113
2122
2124
2121
2112
2100
2085
2069
2052
2034
2019
2006
1995
1985
1977
1970
1968
1968
1975
1985
1998
2012
2026
2039
2052
2065
2076
2085
2094
2102
2113
2124
2126
2123
2104
2075
2043
2010
1987
1969
1957
1948
1943
1940
1946
1957
1975
1998
2021
2044
2062
2077
2083
2085
2081
2074
2069
2065
2064
2064
2065
2065
2066
2069
2073
2078
2081
2082
2080
2077
2076
2076
2077
2079
2077
2072
2067
2060
2057
2055
2055
2057
2056
2054
2049
2041
2033
2025
2018
2012
2010
2010
2012
2016
2021
2026
2029
2031
2031
2030
2027
2022
2017
2012
2006
1998
1990
1981
1973
1966
1961
1958
1954
1950
1945
1940
1935
1930
1925
1918
1911
1903
1898
1894
1892
1892
1894
1898
1906
1916
1930
1945
1963
1982
2007
2035
2065
2096
2119
2136
2145
2150
2157
2165
2177
2191
2205
2220
2236
2253
2267
2280
2285
2285
2278
2268
2253
2236
2216
2194
2173
2152
2137
2125
2116
2109
2104
2101
2098
2095
2092
2087
2082
2075
2069
2064
2060
2056
2050
2043
2035
2026
2018
2010
2005
2002
2000
1998
1996
1993
1989
1985
1982
1979
1978
1978
1980
1983
1987
1992
1996
2001
2003
2005
2006
2006
2005
2003
2001
1998
1997
1995
1996
1998
2002
2007
2012
2017
2023
2030
2036
2043
2049
2054
2057
2059
2058
2056
2053
2049
2046
2044
2044
2045
2045
2045
2041
2036
2032
2027
2028
2033
2046
2065
2082
2097
2097
2088
2071
2050
2034
2023
2014
2007
1994
1978
1963
1949
1946
1949
1958
1971
1982
1992
2003
2013
2023
2033
2039
2043
2045
2045
2046
2046
2045
2045
2045
2047
2050
2055
2058
2060
2060
2059
2059
2059
2059
2061
2061
2061
2060
2059
2059
2060
2062
2064
2064
2064
2062
2060
2057
2053
2047
2039
2031
2023
2020
2018
2019
2021
2023
2026
2028
2031
2035
2038
2041
2044
2045
2045
2044
2044
2043
2042
2041
2039
2037
2035
2034
2033
2034
2037
2043
2051
2060
2069
2074
2077
2078
2076
2076
2077
2079
2082
2083
2083
2081
2078
2077
2077
2079
2083
2091
2102
2111
2119
2115
2105
2088
2067
2052
2041
2035
2033
2026
2016
2003
1990
1984
1984
1987
1994
1999
2003
2007
2011
2014
2017
2018
2017
2016
2014
2013
2012
2010
2008
2010
2013
2024
2039
2058
2081
2104
2127
2150
2171
2189
2204
2213
2218
2216
2211
2203
2193
2180
2166
2151
2136
2120
2103
2084
2064
2043
2020
1999
1978
1962
1949
1942
1940
1943
1949
1957
1966
1974
1982
1989
1994
1996
1996
1992
1987
1982
1976
1972
1969
1972
1977
1985
1996
2009
2022
2036
2049
2059
2067
2071
2071
2072
2072
2074
2079
2081
2083
2082
2079
2077
2075
2077
2080
2088
2099
2115
2133
2146
2154
2147
2130
2108
2082
2060
2040
2020
2000
1981
1963
1955
1953
1961
1976
1995
2017
2038
2058
2070
2078
2079
2076
2075
2075
2076
2079
2080
2079
2080
2082
2085
2090
2089
2086
2079
2071
2066
2063
2062
2063
2063
2062
2062
2063
2067
2072
2077
2082
2083
2082
2077
2070
2062
2053
2045
2037
2030
2023
2018
2013
2011
2009
2008
2006
2003
1998
1991
1983
1974
1965
1957
1949
1940
1930
1919
1906
1893
1879
1866
1853
1842
1832
1820
1807
1796
1785
1776
1768
1762
1757
1756
1756
1763
1775
1794
1818
1848
1882
1925
1975
2034
2098
2161
2221
2274
2323
2368
2410
2446
2478
2500
2515
2519
2517
2507
2492
2469
2442
2411
2378
2342
2303
2262
2220
2181
2145
2117
2096
2082
2072
2069
2069
2074
2082
2088
2093
2093
2090
2081
2070
2055
2037
2016
1993
1970
1945
1923
1902
1890
1883
1887
1898
1914
1932
1950
1966
1980
1993
2002
2007
2007
2004
1999
1994
1989
1984
1977
1967
1958
1948
1945
1945
1951
1961
1974
1989
2004
2020
2034
2045
2053
2058
2061
2061
2057
2052
2043
2033
2023
2012
2003
1995
1993
1994
1999
2007
2014
2022
2029
2036
2043
2051
2060
2071
2085
2101
2115
2128
2125
2114
2090
2058
2032
2009
1997
1992
1983
1973
1962
1950
1948
1952
1964
1982
1999
2016
2031
2045
2056
2065
2068
2068
2064
2057
2051
2044
2037
2029
2021
2013
2010
2009
2012
2018
2024
2031
2035
2038
2040
2042
2043
2043
2042
2039
2035
2030
2025
2020
2014
2009
2004
1999
1996
1993
1992
1992
1994
1996
1997
1999
2003
2008
2016
2026
2037
2047
2056
2063
2068
2071
2073
2074
2075
2076
2078
2081
2083
2086
2090
2095
2102
2110
2118
2126
2134
2142
2148
2153
2154
2152
2150
2148
2149
2152
2159
2167
2176
2185
2192
2197
2197
2194
2192
2189
2187
2187
2178
2163
2136
2102
2068
2034
2005
1979
1945
1906
1860
1811
1777
1754
1763
1794
1849
1921
1997
2077
2144
2203
2243
2269
2275
2267
2241
2205
2161
2111
2062
2013
1973
1939
1919
1906
1901
1902
1906
1912
1922
1935
1949
1964
1978
1989
1999
2007
2014
2019
2020
2018
2013
2005
1996
1986
1976
1966
1960
1955
1958
1965
1977
1992
2009
2027
2045
2063
2080
2095
2106
2114
2116
2116
2112
2107
2100
2093
2087
2082
2077
2074
2073
2073
2076
2081
2087
2095
2099
2102
2102
2100
2100
2102
2106
2112
2116
2119
2116
2110
2102
2092
2087
2084
2091
2104
2122
2142
2151
2154
2141
2119
2093
2065
2040
2016
1992
1968
1950
1935
1932
1935
1945
1960
1976
1993
2008
2023
2031
2035
2035
2033
2035
2040
2046
2053
2058
2061
2068
2078
2089
2102
2106
2104
2098
2088
2084
2083
2082
2082
2074
2062
2050
2039
2032
2027
2022
2016
2007
1997
1984
1969
1951
1931
1911
1891
1875
1861
1848
1835
1820
1805
1791
1778
1767
1758
1751
1744
1742
1742
1750
1763
1780
1801
1822
1843
1863
1884
1914
1948
1993
2045
2099
2156
2214
2272
2330
2388
2438
2484
2516
2539
2551
2557
2557
2554
2543
2528
2502
2471
2427
2375
2316
2251
2193
2141
2107
2084
2076
2076
2086
2101
2124
2152
2187
2225
2264
2304
2340
2373
2396
2412
2417
2415
2409
2400
2395
2392
2396
2404
2421
2443
2471
2504
2530
2551
2545
2520
2457
2369
2252
2115
1961
1796
1625
1450
1293
1146
1037
950
901
875
875
890
918
956
998
1043
1086
1127
1165
1201
1236
1269
1303
1336
1372
1409
1446
1483
1521
1559
1609
1668
1751
1850
1970
2102
2237
2374
2501
2620
2723
2816
2887
2945
2976
2991
2983
2960
2928
2889
2848
2804
2755
2703
2643
2579
2517
2455
2404
2361
2337
2324
2323
2330
2330
2326
2307
2279
2246
2210
2173
2137
2096
2052
2005
1956
1915
1878
1851
1831
1821
1816
1822
1835
1856
1882
1909
1936
1959
1980
1995
2006
2009
2006
1995
1980
1962
1944
1926
1906
1884
1859
1838
1820
1815
1818
1830
1848
1870
1895
1924
1955
1989
2023
2053
2079
2096
2106
2105
2098
2083
2062
2037
2011
1987
1964
1948
1936
1932
1932
1941
1954
1974
1997
2023
2051
2077
2100
2116
2126
2130
2129
2123
2114
2103
2090
2077
2065
2054
2044
2036
2028
2025
2027
2035
2048
2061
2074
2081
2084
2086
2087
2092
2100
2113
2129
2143
2154
2154
2147
2128
2101
2071
2038
2010
1984
1963
1947
1938
1935
1942
1955
1974
1997
2017
2035
2047
2055
2056
2052
2045
2037
2030
2023
2019
2016
2014
2011
2009
2008
2009
2012
2016
2019
2020
2018
2015
2010
2006
2003
1998
1991
1982
1972
1963
1956
1954
1954
1955
1955
1952
1946
1939
1932
1927
1923
1920
1917
1917
1917
1920
1924
1929
1935
1943
1951
1961
1972
1984
1996
2010
2026
2044
2063
2081
2098
2114
2129
2144
2160
2174
2185
2193
2200
2209
2219
2230
2241
2248
2251
2249
2243
2235
2226
2221
2218
2224
2234
2242
2248
2237
2214
2182
2144
2116
2094
2080
2070
2056
2040
2022
2003
1991
1983
1982
1985
1990
1997
2004
2011
2014
2016
2013
2008
2000
1992
1986
1981
1979
1979
1981
1984
1990
1998
2006
2014
2020
2025
2027
2029
2029
2027
2022
2014
2006
1996
1988
1980
1976
1974
1976
1979
1985
1993
2001
2009
2016
2022
2028
2033
2039
2045
2052
2059
2066
2073
2077
2080
2078
2075
2069
2062
2053
2042
2030
2017
2008
2001
1997
1995
1996
1999
2004
2010
2016
2023
2029
2034
2041
2049
2057
2064
2065
2062
2054
2044
2034
2024
2021
2021
2028
2040
2050
2060
2060
2055
2047
2038
2034
2033
2030
2027
2018
2007
1997
1987
1982
1979
1979
1980
1982
1985
1988
1993
1998
2003
2007
2012
2014
2016
2017
2019
2022
2025
2030
2035
2041
2048
2056
2064
2070
2073
2073
2070
2067
2064
2064
2064
2063
2061
2060
2059
2060
2063
2067
2072
2077
2080
2081
2079
2075
2069
2063
2058
2057
2057
2059
2062
2065
2068
2072
2075
2078
2081
2081
2079
2075
2068
2063
2058
2059
2063
2068
2074
2080
2087
2096
2106
2113
2119
2118
2113
2107
2100
2098
2098
2096
2093
2084
2071
2055
2037
2020
2004
1996
1994
2002
2017
2029
2040
2044
2044
2048
2055
2068
2086
2098
2106
2107
2103
2097
2089
2082
2074
2066
2058
2048
2038
2025
2010
1994
1977
1963
1950
1942
1937
1935
1935
1936
1939
1948
1961
1979
2000
2019
2037
2049
2059
2065
2069
2070
2069
2063
2055
2044
2032
2024
2017
2016
2019
2024
2032
2038
2045
2052
2059
2066
2074
2079
2083
2084
2084
2083
2082
2081
2081
2079
2076
2074
2071
2068
2065
2062
2060
2060
2062
2066
2071
2075
2080
2084
2088
2090
2091
2090
2087
2085
2083
2083
2083
2080
2077
2071
2064
2060
2057
2059
2065
2078
2096
2112
2127
2130
2125
2105
2077
2045
2012
1980
1949
1922
1896
1878
1865
1865
1872
1885
1903
1918
1932
1938
1940
1936
1928
1921
1914
1910
1908
1905
1902
1899
1897
1901
1909
1920
1931
1938
1942
1944
1945
1950
1958
1973
1991
2012
2036
2062
2089
2118
2149
2183
2218
2251
2284
2308
2328
2337
2340
2333
2321
2304
2283
2260
2237
2215
2195
2178
2163
2150
2137
2127
2118
2113
2110
2110
2112
2114
2117
2117
2117
2114
2109
2102
2094
2083
2070
2055
2039
2023
2008
1996
1988
1983
1980
1978
1978
1978
1980
1986
1994
2009
2028
2049
2071
2082
2085
2074
2054
2032
2009
1990
1975
1960
1945
1930
1917
1913
1915
1925
1940
1956
1973
1990
2006
2021
2034
2040
2042
2038
2030
2024
2019
2015
2013
2012
2011
2013
2016
2023
2031
2039
2047
2053
2058
2063
2069
2073
2076
2073
2066
2058
2049
2044
2041
2040
2041
2042
2042
2042
2041
2038
2034
2029
2024
2021
2019
2021
2024
2029
2034
2038
2043
2046
2049
2049
2048
2046
2043
2039
2036
2033
2030
2028
2027
2028
2030
2033
2037
2042
2049
2055
2062
2066
2069
2071
2071
2071
2072
2073
2073
2070
2067
2062
2055
2049
2044
2042
2044
2053
2068
2082
2096
2098
2092
2078
2059
2045
2035
2027
2022
2012
1999
1987
1974
1967
1964
1967
1974
1982
1992
2001
2009
2015
2018
2019
2019
2019
2021
2024
2029
2032
2035
2037
2040
2046
2054
2064
2074
2081
2084
2084
2081
2078
2075
2072
2069
2066
2063
2059
2055
2053
2052
2054
2058
2062
2066
2067
2067
2064
2059
2053
2046
2040
2035
2033
2033
2035
2038
2041
2043
2044
2044
2044
2044
2043
2043
2042
2042
2041
2040
2038
2036
2037
2039
2043
2048
2052
2055
2059
2062
2066
2070
2072
2072
2070
2067
2068
2071
2073
2075
2074
2072
2071
2070
2071
2074
2080
2088
2101
2116
2127
2136
2133
2122
2108
2092
2083
2078
2075
2073
2068
2060
2055
2051
2050
2051
2052
2052
2052
2050
2046
2039
2029
2016
2004
1991
1980
1970
1964
1959
1958
1960
1967
1977
1992
2010
2029
2050
2070
2089
2104
2117
2125
2130
2130
2126
2115
2100
2080
2057
2037
2018
2003
1991
1983
1976
1974
1975
1980
1988
1998
2011
2026
2042
2057
2072
2081
2087
2087
2084
2077
2067
2056
2045
2034
2024
2016
2010
2007
2007
2010
2015
2025
2037
2050
2065
2079
2092
2103
2112
2115
2114
2108
2098
2087
2076
2066
2058
2050
2042
2036
2031
2030
2033
2042
2057
2078
2103
2125
2146
2153
2151
2136
2111
2081
2048
2015
1982
1952
1924
1903
1887
1883
1887
1900
1919
1939
1959
1972
1980
1982
1979
1973
1966
1961
1957
1953
1949
1944
1939
1936
1936
1939
1945
1950
1953
1956
1958
1964
1974
1986
2000
2011
2021
2031
2041
2057
2075
2096
2117
2136
2153
2167
2179
2187
2192
2193
2192
2190
2188
2187
2187
2187
2187
2188
2188
2186
2184
2180
2175
2168
2161
2154
2147
2138
2128
2117
2106
2095
2084
2074
2065
2058
2053
2051
2053
2055
2058
2059
2059
2057
2055
2054
2053
2049
2044
2037
2027
2018
2009
2004
2002
2008
2019
2035
2053
2063
2068
2059
2041
2023
2003
1991
1983
1976
1968
1959
1949
1942
1939
1942
1950
1961
1973
1985
1997
2007
2015
2020
2023
2023
2023
2023
2024
2025
2027
2028
2030
2033
2038
2043
2048
2051
2053
2054
2055
2058
2061
2063
2064
2061
2054
2048
2042
2041
2043
2047
2052
2056
2058
2056
2053
2048
2042
2036
2031
2026
2022
2020
2020
2022
2026
2031
2036
2039
2042
2045
2048
2049
2050
2049
2046
2043
2040
2039
2039
2039
2039
2038
2038
2039
2041
2044
2048
2053
2058
2064
2069
2071
2071
2068
2065
2065
2067
2068
2069
2066
2061
2056
2051
2047
2044
2046
2050
2060
2075
2087
2097
2092
2078
2060
2039
2027
2019
2012
2005
1994
1981
1972
1965
1966
1972
1981
1992
2004
2016
2026
2034
2037
2036
2033
2029
2028
2028
2029
2032
2035
2038
2042
2047
2051
2056
2060
2064
2069
2074
2078
2083
2083
2081
2075
2067
2058
2050
2046
2044
2045
2048
2051
2053
2053
2053
2051
2049
2046
2043
2040
2037
2036
2036
2037
2040
2044
2048
2052
2055
2058
2060
2059
2056
2052
2046
2041
2038
2037
2039
2040
2041
2043
2045
2049
2054
2060
2065
2070
2075
2079
2083
2085
2085
2082
2077
2071
2066
2063
2061
2058
2054
2049
2043
2039
2037
2040
2045
2057
2073
2091
2109
2113
2109
2095
2074
2056
2041
2028
2018
2003
1985
1968
1953
1947
1948
1957
1971
1987
2003
2018
2032
2040
2044
2044
2042
2041
2041
2041
2041
2040
2038
2039
2042
2046
2049
2051
2053
2056
2061
2069
2079
2088
2096
2099
2099
2099
2097
2097
2097
2098
2101
2103
2105
2104
2101
2095
2087
2080
2074
2071
2070
2071
2074
2078
2081
2083
2083
2077
2067
2055
2042
2031
2021
2016
2013
2015
2018
2025
2035
2046
2058
2069
2079
2085
2090
2091
2089
2084
2077
2068
2058
2046
2031
2015
1999
1988
1980
1979
1982
1986
1991
1996
2001
2010
2020
2031
2044
2058
2074
2092
2112
2123
2128
2118
2097
2070
2039
2012
1989
1969
1951
1938
1928
1928
1934
1951
1974
2000
2028
2051
2072
2083
2088
2087
2082
2076
2071
2069
2069
2067
2065
2063
2060
2060
2062
2065
2070
2072
2074
2075
2076
2079
2082
2084
2084
2081
2076
2072
2068
2067
2068
2068
2068
2064
2059
2054
2047
2042
2039
2038
2038
2039
2041
2043
2045
2047
2050
2054
2059
2064
2069
2071
2072
2072
2072
2071
2069
2067
2065
2062
2059
2054
2049
2044
2039
2035
2032
2028
2025
2020
2015
2010
2003
1995
1986
1974
1961
1948
1935
1924
1916
1911
1909
1912
1917
1920
1922
1913
1898
1875
1848
1826
1806
1792
1782
1776
1774
1784
1802
1834
1877
1928
1985
2040
2095
2142
2184
2219
2248
2276
2302
2327
2352
2370
2384
2389
2387
2381
2372
2359
2344
2322
2297
2269
2239
2211
2185
2163
2143
2127
2112
2101
2092
2087
2084
2083
2082
2080
2077
2071
2063
2053
2040
2023
2005
1985
1964
1947
1932
1922
1915
1914
1916
1924
1935
1950
1967
1984
2000
2015
2028
2037
2044
2045
2042
2036
2028
2020
2012
2005
1999
1995
1992
1994
1999
2006
2014
2023
2031
2042
2053
2064
2075
2079
2079
2072
2062
2050
2038
2029
2021
2023
2031
2045
2062
2068
2067
2053
2032
2017
2007
2003
2005
2000
1992
1981
1968
1965
1967
1974
1984
1992
2000
2008
2016
2022
2027
2028
2027
2027
2027
2028
2031
2033
2036
2041
2047
2055
2063
2068
2071
2072
2070
2069
2067
2065
2063
2060
2055
2051
2047
2046
2046
2048
2051
2054
2056
2056
2056
2053
2048
2042
2034
2026
2018
2013
2010
2011
2014
2019
2025
2031
2036
2039
2042
2044
2046
2047
2049
2049
2049
2048
2046
2045
2044
2043
2042
2042
2044
2047
2051
2057
2064
2071
2078
2083
2087
2088
2087
2085
2082
2079
2077
2074
2071
2066
2059
2053
2048
2046
2046
2051
2059
2070
2083
2088
2088
2078
2062
2045
2027
2016
2008
1998
1988
1974
1959
1949
1943
1946
1956
1972
1992
2013
2034
2052
2067
2075
2079
2079
2077
2073
2068
2060
2052
2045
2038
2036
2037
2042
2049
2056
2064
2070
2076
2082
2088
2094
2101
2107
2112
2116
2120
2124
2129
2131
2131
2126
2119
2111
2103
2097
2093
2090
2087
2082
2077
2071
2066
2061
2057
2051
2044
2034
2023
2012
2002
1993
1985
1980
1977
1980
1987
1998
2013
2029
2047
2065
2083
2099
2113
2121
2126
2124
2119
2108
2093
2074
2052
2032
2012
1997
1984
1973
1963
1958
1955
1960
1970
1986
2006
2032
2062
2095
2130
2151
2164
2156
2134
2105
2072
2040
2011
1982
1953
1929
1908
1900
1902
1915
1936
1961
1989
2016
2042
2061
2076
2085
2090
2094
2097
2097
2094
2088
2078
2070
2063
2061
2061
2060
2060
2058
2055
2057
2060
2066
2074
2081
2087
2091
2093
2095
2097
2098
2098
2097
2094
2088
2080
2071
2060
2049
2039
2032
2027
2026
2026
2030
2035
2042
2052
2061
2069
2076
2081
2085
2090
2094
2099
2101
2101
2098
2094
2089
2084
2079
2074
2073
2073
2077
2082
2085
2087
2086
2084
2083
2081
2078
2075
2067
2056
2044
2032
2023
2015
2009
2006
2006
2008
2007
2004
1989
1966
1930
1887
1845
1802
1766
1733
1707
1684
1671
1663
1664
1672
1684
1698
1711
1724
1738
1753
1771
1791
1813
1836
1863
1892
1928
1967
2016
2070
2129
2193
2255
2317
2371
2421
2463
2499
2526
2547
2558
2562
2554
2539
2516
2488
2457
2423
2385
2345
2301
2255
2209
2164
2126
2093
2067
2046
2032
2023
2021
2024
2029
2036
2042
2047
2051
2053
2049
2041
2028
2012
1992
1971
1949
1928
1910
1894
1884
1879
1884
1894
1911
1932
1956
1982
2004
2024
2038
2049
2055
2058
2054
2046
2033
2017
2000
1984
1971
1961
1960
1964
1980
2005
2033
2064
2082
2091
2087
2074
2063
2054
2046
2039
2025
2005
1984
1963
1950
1942
1942
1945
1952
1961
1973
1988
2001
2014
2022
2027
2031
2034
2035
2035
2035
2035
2036
2039
2042
2047
2049
2051
2052
2052
2052
2054
2055
2055
2052
2048
2043
2038
2036
2035
2037
2042
2047
2054
2058
2060
2059
2056
2050
2043
2035
2027
2020
2015
2013
2015
2018
2023
2027
2031
2036
2041
2046
2051
2054
2056
2054
2051
2047
2043
2039
2036
2033
2031
2031
2031
2032
2035
2038
2043
2049
2056
2062
2067
2070
2070
2071
2071
2072
2075
2074
2071
2067
2061
2057
2054
2054
2057
2064
2074
2085
2096
2097
2092
2078
2057
2039
2023
2012
2005
1996
1986
1975
1965
1963
1966
1973
1984
1996
2009
2020
2031
2039
2045
2047
2046
2044
2041
2038
2035
2033
2033
2035
2040
2045
2052
2056
2059
2061
2061
2061
2060
2059
2057
2055
2052
2049
2046
2042
2039
2036
2034
2030
2025
2017
2008
1999
1989
1980
1971
1963
1955
1951
1948
1948
1950
1954
1961
1968
1975
1980
1984
1986
1986
1987
1989
1992
1997
2002
2007
2014
2022
2034
2049
2066
2084
2104
2125
2146
2166
2184
2202
2217
2231
2241
2249
2252
2253
2256
2260
2269
2281
2293
2306
2315
2323
2329
2336
2342
2347
2349
2347
2332
2309
2273
2227
2177
2124
2069
2012
1946
1873
1799
1724
1677
1648
1659
1696
1760
1841
1928
2019
2098
2169
2211
2236
2234
2215
2182
2141
2095
2046
1999
1953
1916
1883
1859
1840
1828
1820
1821
1827
1840
1857
1876
1897
1918
1939
1960
1981
1999
2014
2026
2034
2038
2038
2031
2020
2007
1993
1984
1979
1980
1985
1994
2006
2020
2035
2051
2067
2082
2096
2108
2118
2125
2129
2129
2126
2121
2114
2106
2096
2088
2080
2074
2070
2069
2069
2070
2073
2078
2083
2085
2087
2089
2091
2096
2104
2111
2116
2113
2106
2098
2089
2085
2085
2089
2097
2109
2124
2134
2142
2137
2124
2104
2079
2056
2034
2013
1992
1975
1960
1954
1954
1965
1982
2000
2020
2036
2050
2059
2064
2067
2069
2070
2071
2073
2075
2079
2085
2095
2106
2116
2126
2127
2124
2116
2106
2097
2089
2082
2077
2070
2063
2056
2048
2042
2037
2032
2027
2020
2010
1997
1981
1963
1945
1928
1911
1895
1879
1864
1850
1837
1825
1815
1805
1796
1786
1779
1774
1776
1783
1797
1817
1837
1857
1869
1877
1875
1867
1858
1848
1849
1856
1876
1904
1944
1991
2050
2116
2192
2274
2353
2430
2491
2542
2578
2604
2618
2626
2623
2612
2584
2546
2489
2420
2343
2260
2184
2112
2056
2010
1980
1959
1953
1958
1973
1995
2019
2044
2066
2087
2103
2115
2114
2106
2085
2057
2025
1992
1960
1929
1904
1881
1870
1867
1873
1886
1903
1924
1950
1978
2006
2035
2058
2076
2082
2081
2070
2054
2035
2014
1998
1985
1977
1972
1969
1967
1967
1967
1972
1979
1987
1996
2006
2016
2028
2039
2048
2055
2057
2055
2050
2042
2032
2021
2009
1996
1986
1979
1977
1979
1984
1992
2001
2012
2024
2035
2045
2055
2062
2069
2073
2075
2072
2067
2062
2056
2052
2049
2044
2039
2033
2026
2022
2019
2022
2029
2043
2061
2080
2098
2104
2103
2092
2075
2060
2045
2033
2023
2009
1994
1980
1969
1965
1967
1974
1984
1996
2009
2020
2030
2038
2045
2047
2046
2042
2037
2031
2026
2023
2020
2020
2020
2022
2025
2030
2037
2043
2048
2053
2056
2059
2062
2064
2066
2065
2063
2061
2059
2059
2059
2058
2057
2054
2050
2045
2040
2034
2027
2021
2016
2014
2015
2018
2023
2027
2031
2035
2038
2042
2047
2049
2050
2049
2046
2044
2041
2040
2040
2041
2044
2048
2053
2059
2065
2071
2076
2081
2085
2088
2091
2091
2090
2088
2086
2086
2086
2087
2087
2087
2086
2084
2082
2084
2088
2098
2113
2126
2139
2142
2139
2128
2113
2101
2091
2083
2075
2063
2048
2032
2016
2004
1996
1986
1976
1960
1939
1915
1890
1874
1864
1872
1890
1924
1970
2019
2071
2116
2157
2190
2218
2239
2254
2258
2253
2238
2215
2188
2157
2125
2092
2061
2031
2005
1982
1964
1949
1940
1935
1937
1943
1954
1967
1980
1993
2004
2013
2018
2021
2019
2014
2008
2000
1993
1985
1979
1973
1970
1968
1971
1977
1987
2000
2015
2030
2044
2059
2072
2084
2094
2102
2108
2112
2114
2116
2114
2111
2103
2092
2081
2071
2066
2064
2067
2072
2077
2080
2083
2086
2089
2091
2095
2100
2110
2125
2139
2152
2152
2143
2120
2087
2055
2023
1997
1974
1955
1938
1927
1919
1923
1933
1952
1975
1997
2020
2035
2046
2050
2048
2044
2037
2032
2029
2029
2031
2035
2041
2050
2061
2072
2083
2091
2096
2098
2100
2103
2108
2113
2120
2124
2126
2126
2126
2126
2128
2129
2129
2125
2120
2112
2101
2087
2071
2055
2040
2027
2017
2007
1997
1988
1979
1971
1963
1955
1946
1935
1922
1909
1896
1883
1870
1856
1843
1830
1817
1805
1793
1784
1776
1776
1780
1793
1811
1832
1857
1879
1899
1910
1917
1921
1924
1938
1960
1995
2038
2086
2137
2194
2256
2323
2392
2449
2497
2522
2533
2529
2516
2492
2461
2421
2377
2330
2281
2235
2190
2148
2108
2077
2051
2035
2024
2018
2015
2018
2025
2037
2052
2066
2079
2087
2092
2094
2094
2087
2076
2056
2030
2001
1971
1946
1925
1910
1900
1896
1897
1907
1922
1944
1970
1996
2022
2043
2061
2069
2072
2064
2048
2027
2002
1981
1963
1950
1941
1937
1936
1941
1949
1962
1977
1994
2012
2028
2044
2057
2067
2072
2072
2068
2061
2052
2041
2028
2013
2001
1991
1987
1987
1991
1999
2010
2024
2042
2062
2079
2094
2102
2105
2102
2095
2084
2070
2060
2052
2055
2063
2070
2075
2066
2050
2032
2014
2006
2004
2003
2001
1996
1988
1985
1983
1987
1995
2003
2012
2020
2027
2030
2032
2029
2022
2015
2007
2003
2001
2003
2006
2013
2021
2031
2042
2052
2061
2068
2073
2078
2081
2082
2082
2078
2073
2065
2057
2049
2041
2036
2033
2035
2038
2041
2044
2045
2043
2042
2041
2041
2041
2039
2037
2035
2032
2032
2033
2037
2042
2047
2052
2054
2056
2056
2056
2056
2057
2059
2061
2063
2066
2070
2074
2079
2084
2090
2095
2102
2109
2115
2122
2125
2125
2123
2120
2118
2118
2118
2119
2119
2118
2117
2117
2117
2118
2119
2121
2121
2119
2108
2091
2063
2028
1994
1960
1938
1925
1920
1920
1922
1925
1934
1946
1965
1989
2015
2043
2066
2087
2101
2111
2113
2109
2096
2078
2057
2034
2012
1990
1970
1951
1938
1930
1932
1940
1954
1971
1988
2006
2025
2045
2064
2084
2096
2103
2103
2099
2092
2084
2073
2060
2047
2033
2021
2011
2004
1999
1999
2001
2007
2016
2027
2040
2052
2063
2073
2083
2090
2095
2097
2097
2093
2087
2079
2070
2062
2054
2048
2044
2044
2046
2051
2058
2067
2077
2088
2098
2103
2106
2106
2104
2103
2103
2102
2102
2098
2092
2085
2077
2072
2069
2071
2078
2091
2107
2122
2136
2136
2126
2103
2071
2037
2003
1971
1942
1915
1889
1871
1860
1859
1866
1876
1889
1899
1907
1911
1911
1905
1897
1888
1878
1872
1868
1865
1863
1863
1863
1869
1879
1893
1908
1917
1922
1922
1920
1925
1933
1952
1978
2010
2047
2087
2129
2172
2216
2259
2302
2337
2368
2388
2399
2398
2390
2374
2353
2329
2304
2279
2254
2229
2203
2179
2156
2139
2125
2117
2112
2111
2111
2113
2115
2116
2118
2114
2106
2094
2078
2061
2045
2031
2018
2005
1993
1982
1972
1965
1962
1963
1967
1971
1976
1979
1981
1983
1986
1993
2002
2017
2036
2056
2077
2086
2087
2072
2046
2018
1989
1969
1956
1946
1939
1933
1928
1929
1934
1947
1965
1985
2006
2022
2036
2046
2054
2056
2055
2050
2042
2034
2024
2016
2008
2002
1998
1998
2001
2005
2012
2020
2028
2037
2047
2057
2067
2074
2077
2075
2070
2065
2060
2058
2060
2062
2065
2065
2063
2058
2051
2044
2036
2028
2020
2014
2009
2008
2010
2015
2023
2031
2039
2046
2051
2056
2059
2060
2060
2057
2053
2048
2043
2037
2032
2029
2026
2024
2023
2024
2027
2033
2041
2049
2059
2065
2069
2070
2070
2070
2070
2071
2072
2070
2066
2060
2052
2044
2037
2037
2040
2052
2068
2080
2088
2084
2071
2057
2041
2033
2030
2026
2023
2013
2000
1989
1980
1978
1980
1984
1991
1998
2006
2012
2018
2021
2023
2024
2024
2026
2030
2034
2039
2041
2043
2046
2049
2054
2059
2062
2064
2065
2065
2065
2066
2067
2067
2063
2058
2054
2051
2052
2055
2060
2065
2068
2069
2067
2064
2058
2051
2044
2037
2032
2027
2025
2025
2025
2027
2029
2032
2036
2041
2044
2047
2048
2047
2044
2040
2035
2030
2026
2023
2024
2027
2030
2034
2038
2043
2049
2056
2064
2074
2080
2084
2083
2080
2077
2074
2073
2075
2076
2076
2075
2072
2070
2067
2067
2070
2079
2092
2105
2120
2124
2122
2110
2092
2077
2064
2058
2057
2054
2049
2041
2031
2024
2019
2019
2022
2028
2035
2043
2052
2059
2064
2067
2068
2070
2073
2079
2087
2094
2101
2106
2110
2111
2109
2101
2088
2071
2050
2033
2017
2008
2004
2005
2010
2018
2028
2043
2059
2078
2099
2117
2134
2145
2152
2151
2146
2135
2119
2099
2076
2052
2027
2002
1977
1957
1939
1929
1923
1922
1925
1931
1939
1949
1961
1974
1988
2001
2012
2022
2030
2037
2042
2044
2044
2041
2038
2035
2032
2029
2026
2023
2020
2019
2019
2024
2032
2042
2052
2063
2073
2085
2096
2107
2117
2126
2136
2145
2155
2157
2154
2138
2112
2083
2052
2027
2006
1990
1975
1964
1956
1956
1961
1974
1991
2009
2027
2042
2055
2062
2065
2062
2055
2050
2045
2043
2042
2042
2043
2048
2056
2065
2074
2078
2079
2078
2075
2075
2078
2082
2088
2091
2092
2091
2088
2086
2084
2084
2084
2086
2088
2088
2086
2082
2077
2072
2067
2062
2058
2056
2056
2056
2056
2056
2056
2056
2056
2056
2058
2060
2062
2064
2067
2069
2071
2070
2067
2064
2061
2059
2059
2059
2061
2063
2065
2067
2070
2075
2080
2085
2089
2088
2084
2076
2065
2056
2048
2048
2053
2062
2075
2087
2100
2105
2104
2087
2061
2026
1985
1949
1916
1890
1869
1856
1846
1847
1855
1872
1894
1915
1935
1949
1960
1968
1973
1976
1978
1982
1987
1996
2006
2015
2024
2034
2044
2055
2068
2078
2086
2088
2086
2082
2075
2066
2056
2044
2031
2019
2009
2004
2002
2002
2004
2004
2004
2002
1999
1995
1991
1990
1991
1995
2000
2007
2015
2023
2031
2040
2048
2055
2060
2062
2062
2064
2067
2075
2085
2098
2112
2126
2141
2154
2166
2175
2183
2188
2190
2190
2188
2188
2189
2191
2193
2190
2185
2174
2161
2146
2131
2117
2104
2096
2092
2095
2103
2108
2111
2101
2083
2063
2042
2027
2017
2006
1996
1982
1967
1956
1948
1948
1952
1957
1962
1966
1969
1971
1973
1973
1971
1970
1969
1971
1976
1981
1986
1991
1995
2000
2007
2014
2021
2025
2028
2030
2032
2035
2040
2043
2046
2045
2042
2038
2035
2034
2034
2037
2042
2045
2047
2045
2041
2034
2026
2016
2006
1998
1991
1988
1987
1990
1995
2003
2011
2019
2027
2033
2038
2042
2047
2052
2057
2062
2065
2065
2063
2061
2059
2058
2058
2058
2060
2061
2063
2065
2068
2071
2075
2081
2089
2099
2110
2118
2125
2127
2127
2124
2120
2119
2119
2128
2143
2161
2181
2190
2193
2184
2166
2147
2129
2114
2101
2086
2068
2046
2021
2000
1981
1968
1958
1953
1951
1951
1952
1952
1952
1951
1951
1955
1962
1972
1985
1995
2005
2010
2013
2015
2015
2013
2011
2006
1999
1992
1984
1979
1977
1978
1981
1984
1989
1996
2006
2019
2034
2048
2061
2069
2073
2071
2066
2059
2051
2042
2033
2026
2019
2013
2008
2007
2007
2013
2021
2032
2045
2056
2065
2072
2078
2082
2084
2083
2081
2078
2074
2071
2068
2065
2062
2060
2057
2056
2055
2057
2061
2067
2075
2083
2091
2097
2102
2103
2102
2100
2097
2100
2106
2119
2135
2148
2158
2154
2141
2117
2086
2056
2025
2000
1977
1960
1945
1940
1940
1951
1969
1991
2014
2030
2042
2045
2043
2038
2030
2023
2017
2012
2008
2004
2001
1999
1998
2000
2004
2009
2014
2015
2013
2009
2004
2001
2001
2002
2004
2003
2001
1998
1994
1993
1994
1998
2003
2006
2009
2008
2004
1998
1990
1985
1982
1980
1979
1977
1974
1973
1972
1974
1977
1981
1986
1991
1998
2007
2017
2029
2041
2053
2065
2075
2084
2091
2097
2104
2111
2118
2126
2132
2136
2140
2144
2152
2163
2174
2184
2191
2195
2197
2199
2202
2206
2215
2226
2241
2258
2264
2264
2244
2212
2175
2134
2102
2076
2054
2034
2014
1994
1980
1969
1966
1968
1973
1981
1991
2001
2010
2020
2025
2028
2026
2022
2017
2012
2006
2001
1995
1988
1983
1980
1980
1983
1987
1992
1997
2004
2014
2025
2035
2045
2049
2049
2046
2043
2042
2042
2043
2043
2039
2033
2024
2014
2004
1995
1988
1981
1978
1977
1979
1984
1992
2003
2015
2028
2038
2048
2054
2059
2061
2062
2060
2057
2052
2047
2042
2039
2038
2038
2041
2044
2050
2058
2068
2081
2095
2109
2122
2135
2149
2163
2174
2184
2186
2184
2177
2167
2155
2143
2134
2126
2121
2118
2111
2101
2083
2059
2035
2012
2000
1994
1993
1995
1993
1990
1983
1975
1966
1957
1950
1943
1940
1939
1939
1940
1938
1935
1932
1929
1929
1932
1936
1942
1948
1953
1961
1969
1981
1995
2011
2027
2041
2052
2060
2065
2069
2071
2071
2069
2065
2059
2053
2048
2045
2043
2043
2044
2045
2047
2049
2052
2055
2058
2060
2062
2064
2066
2068
2070
2072
2074
2075
2077
2078
2078
2076
2073
2071
2069
2069
2070
2071
2071
2072
2072
2075
2078
2081
2084
2084
2081
2077
2072
2070
2069
2070
2073
2074
2074
2071
2066
2060
2053
2054
2059
2074
2095
2116
2137
2145
2144
2129
2104
2075
2044
2014
1986
1963
1942
1930
1922
1925
1933
1948
1966
1984
2002
2014
2024
2028
2028
2025
2020
2014
2009
2006
2004
2004
2004
2007
2010
2017
2025
2035
2045
2052
2058
2061
2061
2058
2054
2046
2036
2026
2015
2008
2003
2004
2007
2009
2011
2007
2000
1990
1977
1965
1953
1943
1934
1927
1922
1920
1920
1923
1928
1934
1942
1952
1962
1975
1989
2005
2021
2038
2056
2075
2093
2111
2127
2141
2154
2167
2178
2189
2200
2214
2229
2247
2267
2282
2294
2295
2288
2274
2255
2235
2214
2199
2188
2184
2186
2187
2187
2174
2153
2128
2100
2078
2062
2048
2037
2021
2003
1986
1971
1961
1956
1955
1955
1956
1959
1963
1969
1973
1975
1976
1976
1978
1982
1987
1992
1996
1998
2000
2002
2005
2010
2014
2018
2021
2024
2027
2030
2033
2035
2033
2029
2023
2015
2009
2003
2000
2000
2002
2007
2013
2020
2024
2027
2027
2024
2022
2019
2018
2017
2016
2016
2017
2020
2021
2023
2022
2020
2019
2019
2022
2027
2030
2032
2032
2031
2032
2035
2038
2041
2043
2043
2044
2047
2051
2056
2059
2060
2061
2061
2064
2069
2072
2074
2070
2062
2054
2044
2037
2032
2033
2040
2054
2072
2084
2092
2085
2069
2051
2032
2023
2020
2016
2013
2004
1992
1982
1974
1973
1976
1983
1993
2003
2014
2022
2029
2030
2028
2026
2023
2024
2026
2027
2028
2029
2029
2034
2042
2051
2061
2067
2072
2074
2074
2073
2073
2070
2067
2061
2054
2049
2044
2044
2046
2050
2055
2058
2061
2062
2062
2060
2057
2054
2050
2046
2041
2038
2036
2037
2039
2042
2047
2050
2052
2052
2051
2047
2042
2038
2034
2033
2035
2038
2043
2045
2047
2048
2048
2050
2052
2054
2057
2060
2063
2065
2065
2064
2061
2058
2055
2056
2058
2060
2062
2061
2059
2056
2051
2050
2050
2058
2070
2085
2102
2107
2105
2090
2066
2044
2024
2014
2009
2004
1997
1988
1978
1973
1973
1980
1991
2003
2016
2026
2035
2041
2044
2043
2038
2033
2028
2025
2025
2025
2027
2028
2030
2034
2039
2047
2058
2068
2076
2082
2085
2087
2089
2090
2092
2092
2091
2088
2084
2082
2081
2082
2085
2088
2090
2090
2088
2087
2087
2087
2089
2090
2091
2093
2096
2101
2109
2116
2122
2122
2118
2109
2097
2084
2070
2057
2045
2037
2030
2024
2019
2011
2003
1997
1993
1993
1996
2001
2008
2018
2031
2047
2065
2077
2086
2090
2091
2092
2092
2089
2083
2072
2057
2042
2026
2010
1995
1986
1980
1986
2000
2017
2037
2045
2047
2043
2036
2033
2031
2027
2020
2009
1995
1984
1976
1972
1972
1975
1980
1987
1997
2004
2009
2013
2015
2021
2031
2044
2059
2071
2081
2086
2089
2093
2097
2100
2103
2102
2099
2093
2085
2079
2074
2070
2066
2062
2057
2055
2054
2058
2066
2076
2086
2091
2093
2090
2085
2079
2071
2061
2051
2042
2034
2031
2029
2030
2033
2036
2040
2045
2051
2056
2061
2063
2065
2067
2070
2072
2075
2076
2076
2074
2072
2070
2068
2067
2066
2066
2068
2070
2072
2073
2073
2075
2078
2080
2083
2084
2084
2082
2079
2077
2075
2077
2081
2089
2099
2107
2114
2108
2094
2067
2033
1995
1956
1920
1886
1858
1835
1822
1815
1819
1829
1843
1859
1874
1887
1895
1898
1897
1893
1891
1890
1893
1899
1905
1910
1913
1916
1922
1929
1936
1944
1947
1947
1945
1942
1949
1962
1984
2013
2049
2089
2136
2187
2239
2291
2332
2365
2380
2383
2373
2354
2327
2296
2265
2234
2210
2192
2181
2174
2172
2173
2178
2185
2191
2196
2194
2189
2180
2167
2151
2133
2112
2089
2065
2042
2024
2009
1996
1986
1979
1974
1975
1980
1987
1996
2005
2014
2024
2034
2041
2046
2045
2040
2030
2019
2008
1998
1993
1990
1996
2008
2021
2035
2035
2026
2009
1988
1976
1971
1973
1978
1979
1976
1973
1968
1969
1972
1977
1983
1989
1994
1998
2001
2002
2001
1999
1996
1996
1999
2005
2012
2019
2026
2033
2041
2049
2058
2065
2070
2073
2073
2072
2069
2065
2060
2054
2047
2040
2032
2027
2025
2028
2034
2041
2049
2054
2057
2055
2051
2045
2038
2032
2026
2021
2017
2017
2019
2023
2028
2032
2035
2036
2035
2035
2035
2035
2036
2037
2038
2040
2042
2044
2047
2048
2048
2048
2048
2049
2050
2052
2055
2058
2062
2064
2066
2065
2062
2061
2061
2064
2069
2070
2069
2064
2057
2051
2044
2042
2044
2054
2069
2085
2101
2103
2095
2077
2051
2033
2019
2013
2012
2005
1995
1984
1971
1968
1970
1979
1992
2005
2018
2028
2036
2042
2045
2047
2048
2049
2050
2051
2051
2051
2051
2053
2056
2062
2069
2075
2080
2083
2086
2090
2093
2096
2098
2097
2094
2089
2081
2072
2062
2053
2045
2038
2031
2024
2016
2006
1996
1988
1981
1981
1986
1996
2009
2023
2037
2046
2052
2053
2050
2045
2037
2028
2020
2013
2008
2005
2004
2006
2011
2017
2025
2032
2040
2049
2058
2068
2078
2087
2095
2101
2104
2104
2101
2095
2087
2079
2071
2065
2060
2056
2051
2047
2043
2043
2045
2051
2060
2074
2091
2109
2127
2134
2134
2119
2096
2072
2048
2031
2018
2003
1988
1972
1954
1945
1943
1952
1968
1987
2008
2025
2040
2049
2056
2058
2056
2053
2049
2046
2044
2043
2041
2041
2041
2043
2046
2050
2055
2059
2062
2067
2073
2079
2086
2089
2089
2087
2082
2078
2075
2074
2074
2073
2072
2069
2064
2057
2049
2038
2027
2018
2011
2009
2010
2014
2020
2027
2034
2040
2045
2048
2050
2049
2046
2045
2044
2044
2044
2043
2043
2042
2040
2040
2040
2042
2046
2051
2056
2059
2061
2063
2066
2070
2075
2078
2079
2076
2071
2067
2064
2063
2063
2061
2058
2056
2053
2052
2052
2054
2057
2067
2081
2095
2108
2107
2097
2077
2050
2030
2015
2006
2001
1991
1978
1966
1955
1953
1958
1967
1980
1992
2004
2013
2021
2026
2029
2031
2034
2038
2043
2048
2052
2055
2058
2063
2070
2076
2081
2083
2082
2081
2081
2083
2087
2091
2096
2099
2101
2102
2104
2107
2110
2116
2124
2132
2139
2140
2138
2130
2117
2104
2089
2077
2067
2061
2056
2052
2047
2041
2033
2025
2017
2011
2006
2004
2004
2006
2011
2017
2025
2032
2039
2044
2047
2050
2053
2054
2056
2056
2054
2050
2045
2039
2032
2026
2020
2014
2007
2003
2000
2000
2003
2008
2013
2020
2027
2035
2045
2054
2064
2073
2082
2094
2108
2118
2125
2117
2099
2073
2040
2012
1986
1967
1951
1940
1932
1932
1939
1954
1974
1996
2019
2039
2057
2066
2071
2069
2063
2058
2054
2053
2055
2056
2058
2060
2063
2067
2072
2076
2079
2078
2076
2076
2078
2082
2088
2092
2095
2093
2090
2086
2083
2082
2082
2081
2081
2077
2072
2065
2057
2050
2045
2042
2040
2041
2044
2048
2053
2057
2060
2060
2060
2059
2058
2057
2056
2055
2055
2055
2055
2055
2053
2049
2043
2037
2032
2028
2025
2022
2019
2014
2009
2004
1997
1990
1982
1974
1966
1958
1950
1941
1931
1921
1911
1906
1903
1907
1914
1926
1941
1957
1972
1978
1979
1971
1956
1941
1926
1917
1912
1916
1924
1942
1965
1995
2029
2066
2105
2141
2175
2200
2220
2229
2231
2229
2226
2226
2229
2230
2231
2228
2222
2216
2210
2203
2195
2182
2164
2145
2124
2108
2096
2089
2086
2085
2086
2089
2094
2097
2100
2099
2095
2087
2077
2062
2046
2029
2011
1995
1982
1972
1964
1959
1957
1961
1969
1981
1996
2009
2020
2028
2035
2040
2044
2046
2046
2043
2039
2034
2029
2024
2017
2011
2006
2004
2003
2004
2007
2014
2023
2033
2044
2053
2060
2066
2071
2076
2081
2080
2077
2068
2057
2045
2033
2024
2016
2017
2022
2035
2053
2064
2069
2060
2041
2025
2010
2006
2008
2007
2004
1995
1982
1973
1967
1967
1972
1978
1986
1993
2000
2005
2009
2011
2011
2013
2016
2021
2026
2031
2035
2040
2045
2050
2056
2060
2063
2064
2065
2066
2067
2066
2063
2059
2054
2051
2048
2048
2050
2052
2055
2059
2062
2064
2064
2060
2055
2050
2045
2040
2036
2032
2028
2025
2023
2024
2027
2031
2035
2038
2041
2043
2046
2048
2051
2051
2051
2049
2047
2044
2041
2037
2033
2031
2031
2034
2039
2044
2049
2054
2060
2068
2076
2083
2090
2094
2097
2100
2105
2108
2111
2111
2108
2103
2098
2094
2091
2092
2095
2106
2121
2135
2146
2145
2137
2126
2113
2109
2111
2112
2113
2102
2083
2058
2029
2003
1979
1959
1943
1931
1921
1915
1910
1909
1909
1914
1923
1938
1956
1977
1998
2018
2037
2053
2068
2078
2086
2087
2084
2075
2063
2051
2038
2026
2015
2005
1997
1992
1989
1992
2000
2013
2031
2051
2072
2088
2103
2111
2116
2114
2109
2101
2091
2079
2067
2056
2046
2037
2030
2025
2021
2020
2020
2022
2026
2032
2040
2048
2058
2067
2077
2082
2084
2080
2072
2064
2055
2048
2043
2038
2033
2025
2017
2009
2001
1995
1992
1993
1997
2003
2010
2013
2013
2011
2008
2007
2007
2010
2015
2023
2033
2038
2041
2031
2013
1987
1958
1934
1914
1902
1894
1890
1888
1895
1908
1933
1964
1999
2035
2067
2095
2113
2126
2129
2127
2125
2123
2128
2137
2149
2163
2176
2187
2197
2207
2212
2214
2206
2193
2175
2154
2135
2117
2100
2084
2071
2061
2058
2059
2066
2076
2088
2101
2112
2120
2123
2121
2113
2100
2083
2062
2040
2015
1994
1976
1965
1960
1961
1966
1974
1984
1995
2008
2020
2033
2044
2054
2064
2072
2076
2076
2069
2059
2048
2035
2025
2016
2010
2006
2007
2012
2020
2030
2038
2046
2054
2062
2070
2077
2079
2079
2074
2067
2059
2049
2042
2036
2037
2044
2054
2067
2069
2064
2049
2028
2013
2003
2000
2003
1999
1992
1983
1973
1970
1973
1981
1992
2002
2011
2016
2019
2019
2017
2014
2010
2009
2010
2012
2015
2017
2020
2023
2027
2032
2039
2045
2052
2059
2067
2075
2082
2088
2093
2095
2097
2094
2089
2079
2068
2057
2046
2036
2028
2019
2011
2003
1995
1990
1987
1987
1990
1996
2005
2017
2030
2044
2058
2072
2085
2097
2107
2112
2114
2110
2103
2094
2084
2074
2064
2053
2043
2035
2029
2027
2028
2033
2041
2051
2063
2075
2088
2095
2100
2099
2096
2091
2084
2078
2073
2066
2059
2050
2040
2031
2022
2018
2018
2025
2036
2050
2066
2073
2075
2068
2056
2047
2040
2038
2038
2032
2023
2010
1994
1984
1979
1982
1990
2002
2017
2031
2046
2059
2072
2085
2096
2108
2119
2126
2131
2128
2121
2112
2102
2091
2081
2068
2055
2042
2031
2024
2020
2020
2022
2027
2034
2045
2059
2075
2091
2104
2115
2121
2123
2119
2112
2099
2082
2061
2038
2015
1993
1974
1958
1947
1939
1937
1940
1948
1959
1973
1989
2006
2024
2039
2052
2061
2068
2071
2073
2071
2068
2061
2053
2044
2034
2027
2022
2021
2023
2027
2034
2040
2047
2054
2062
2070
2078
2085
2090
2091
2089
2087
2084
2080
2077
2076
2078
2086
2099
2110
2120
2117
2105
2084
2058
2036
2017
2001
1988
1976
1965
1961
1963
1974
1991
2010
2031
2049
2065
2075
2082
2081
2074
2067
2060
2058
2060
2063
2066
2068
2068
2067
2065
2062
2058
2049
2037
2025
2012
2003
1998
1992
1987
1979
1968
1957
1946
1938
1932
1926
1920
1911
1901
1889
1875
1861
1848
1837
1827
1823
1822
1826
1834
1846
1862
1884
1910
1941
1977
2020
2066
2116
2167
2214
2258
2289
2314
2326
2330
2323
2309
2289
2265
2243
2222
2209
2199
2197
2200
2208
2220
2232
2244
2248
2246
2236
2221
2204
2186
2171
2156
2145
2136
2127
2119
2102
2080
2052
2021
1997
1979
1969
1966
1962
1958
1955
1952
1954
1959
1964
1969
1972
1974
1977
1980
1982
1982
1978
1972
1968
1966
1967
1970
1974
1979
1985
1992
2001
2012
2022
2030
2037
2044
2052
2061
2068
2075
2075
2070
2062
2052
2045
2040
2041
2044
2048
2052
2052
2049
2043
2034
2023
2012
2003
1995
1992
1993
1999
2008
2017
2025
2030
2033
2034
2034
2033
2032
2029
2026
2021
2015
2009
2003
1998
1994
1994
1996
2003
2014
2028
2044
2060
2075
2089
2100
2105
2107
2103
2095
2085
2075
2064
2054
2044
2034
2028
2025
2027
2032
2045
2062
2084
2110
2129
2144
2144
2135
2121
2105
2091
2079
2062
2041
2014
1985
1963
1945
1938
1938
1940
1944
1951
1959
1971
1985
1998
2011
2024
2035
2046
2056
2062
2067
2067
2064
2059
2052
2045
2037
2029
2021
2016
2013
2014
2018
2025
2033
2042
2050
2058
2065
2071
2076
2078
2080
2078
2074
2067
2059
2052
2045
2041
2038
2036
2034
2034
2034
2037
2041
2046
2052
2057
2062
2065
2068
2070
2070
2067
2063
2060
2057
2057
2059
2058
2055
2048
2040
2032
2025
2023
2024
2029
2036
2042
2048
2050
2049
2046
2042
2042
2045
2049
2056
2062
2067
2072
2078
2086
2096
2105
2113
2121
2129
2130
2127
2114
2094
2073
2052
2037
2027
2019
2012
2004
1994
1990
1989
1996
2007
2019
2032
2042
2051
2057
2062
2064
2064
2064
2064
2064
2065
2063
2059
2053
2045
2040
2037
2036
2037
2037
2036
2032
2026
2017
2007
1999
1991
1991
1994
2006
2024
2046
2072
2097
2122
2142
2160
2171
2177
2177
2173
2165
2155
2143
2130
2116
2103
2092
2082
2074
2067
2059
2050
2040
2030
2020
2012
2005
1999
1993
1988
1984
1981
1980
1980
1983
1988
1992
1995
1998
2001
2005
2008
2010
2012
2011
2009
2008
2008
2010
2014
2018
2021
2025
2028
2035
2043
2054
2067
2082
2099
2116
2134
2141
2141
2127
2104
2080
2054
2032
2014
1995
1977
1961
1947
1944
1949
1963
1984
2005
2028
2047
2063
2073
2079
2081
2079
2078
2078
2078
2078
2079
2079
2081
2086
2092
2100
2102
2102
2098
2093
2091
2091
2092
2095
2096
2096
2094
2091
2090
2088
2087
2087
2085
2082
2077
2070
2062
2054
2046
2038
2032
2027
2025
2025
2027
2032
2037
2042
2046
2051
2055
2060
2063
2065
2066
2067
2069
2072
2074
2075
2074
2071
2071
2072
2075
2079
2079
2077
2072
2065
2058
2050
2042
2034
2024
2014
2002
1988
1970
1949
1931
1913
1905
1902
1904
1909
1913
1915
1907
1892
1865
1829
1788
1744
1705
1669
1643
1622
1612
1608
1616
1632
1657
1687
1718
1749
1786
1825
1877
1938
2009
2087
2167
2247
2322
2393
2454
2509
2553
2590
2613
2627
2624
2609
2581
2545
2506
2465
2424
2383
2340
2296
2254
2215
2182
2153
2131
2114
2105
2100
2100
2103
2103
2101
2096
2088
2078
2068
2053
2037
2015
1990
1966
1942
1923
1907
1895
1886
1882
1882
1887
1896
1908
1923
1938
1954
1971
1987
2001
2014
2022
2027
2029
2029
2023
2014
2002
1988
1976
1966
1961
1958
1958
1960
1964
1970
1978
1988
2000
2014
2034
2059
2083
2107
2115
2112
2094
2066
2039
2013
1992
1974
1952
1928
1906
1885
1878
1878
1888
1903
1922
1943
1967
1993
2016
2038
2053
2064
2072
2079
2082
2083
2079
2071
2062
2052
2046
2043
2040
2038
2034
2029
2025
2022
2021
2022
2025
2029
2034
2039
2044
2050
2059
2069
2080
2093
2102
2110
2111
2108
2102
2093
2081
2066
2052
2037
2025
2015
2010
2007
2006
2007
2011
2016
2022
2028
2031
2033
2034
2034
2036
2039
2042
2045
2049
2052
2056
2061
2063
2063
2061
2058
2054
2050
2046
2042
2040
2038
2040
2045
2052
2062
2071
2081
2090
2099
2108
2117
2127
2137
2147
2157
2162
2162
2153
2138
2123
2108
2099
2094
2091
2089
2086
2081
2080
2080
2084
2092
2104
2117
2131
2146
2156
2164
2168
2168
2167
2164
2156
2146
2129
2108
2082
2054
2021
1985
1937
1881
1818
1750
1701
1663
1664
1689
1744
1819
1903
1991
2071
2146
2204
2252
2280
2295
2292
2276
2244
2202
2152
2097
2043
1989
1941
1898
1868
1845
1837
1838
1852
1873
1902
1936
1973
2012
2048
2081
2105
2123
2132
2135
2127
2113
2093
2070
2046
2023
2005
1990
1983
1980
1985
1994
2006
2021
2037
2054
2073
2094
2112
2130
2140
2145
2144
2138
2129
2119
2108
2098
2095
2096
2104
2117
2125
2129
2120
2102
2082
2059
2042
2028
2016
2006
1996
1988
1985
1986
1994
2005
2018
2032
2042
2050
2052
2049
2044
2037
2034
2034
2035
2037
2038
2039
2044
2052
2062
2074
2081
2086
2085
2081
2077
2072
2068
2065
2061
2057
2054
2052
2053
2055
2060
2068
2075
2083
2087
2089
2086
2080
2073
2065
2057
2049
2041
2034
2028
2022
2016
2009
2002
1994
1985
1977
1968
1960
1951
1942
1932
1922
1911
1900
1888
1875
1863
1853
1850
1850
1856
1866
1877
1890
1903
1915
1924
1932
1935
1935
1936
1937
1948
1966
1993
2027
2065
2104
2144
2185
2221
2255
2277
2290
2290
2281
2266
2248
2230
2212
2198
2187
2183
2185
2193
2205
2218
2233
2245
2255
2259
2259
2250
2235
2213
2186
2158
2129
2104
2081
2065
2052
2044
2037
2031
2024
2019
2016
2015
2016
2018
2020
2021
2021
2021
2022
2026
2032
2040
2048
2055
2060
2061
2059
2053
2045
2035
2025
2018
2013
2012
2015
2022
2032
2045
2060
2076
2093
2110
2127
2142
2157
2169
2180
2189
2196
2199
2199
2190
2175
2153
2126
2098
2070
2045
2022
2004
1989
1982
1980
1987
1998
2009
2019
2025
2028
2029
2030
2031
2031
2028
2024
2023
2023
2024
2024
2012
1994
1965
1930
1898
1867
1842
1821
1806
1793
1789
1791
1803
1823
1851
1885
1923
1962
1996
2027
2046
2057
2058
2053
2046
2036
2026
2015
2003
1992
1985
1982
1988
2001
2020
2043
2063
2082
2097
2108
2116
2121
2122
2119
2111
2099
2087
2074
2064
2056
2049
2043
2037
2031
2028
2028
2030
2034
2038
2043
2047
2052
2057
2062
2066
2071
2073
2073
2072
2070
2068
2066
2064
2061
2059
2056
2056
2056
2056
2056
2058
2060
2063
2066
2070
2073
2074
2073
2070
2067
2062
2057
2050
2041
2032
2024
2020
2020
2023
2030
2037
2044
2048
2051
2048
2041
2026
2006
1984
1961
1943
1930
1924
1924
1930
1940
1956
1975
1996
2019
2036
2049
2055
2056
2052
2044
2036
2029
2027
2027
2031
2036
2039
2041
2042
2044
2049
2057
2064
2071
2072
2069
2063
2055
2046
2037
2023
2006
1987
1966
1952
1942
1943
1950
1963
1981
2001
2023
2044
2065
2084
2102
2119
2134
2147
2160
2170
2178
2183
2186
2184
2181
2176
2171
2166
2161
2157
2152
2148
2143
2138
2132
2128
2125
2124
2124
2121
2118
2111
2101
2093
2085
2078
2071
2061
2048
2032
2014
1996
1980
1972
1969
1978
1996
2018
2043
2056
2062
2058
2047
2037
2028
2020
2012
1998
1980
1964
1948
1942
1944
1954
1969
1989
2012
2040
2070
2096
2121
2135
2143
2142
2137
2129
2120
2112
2104
2097
2091
2092
2097
2110
2130
2152
2175
2191
2204
2210
2212
2207
2198
2181
2159
2132
2101
2071
2040
2010
1981
1952
1923
1898
1875
1861
1851
1851
1856
1868
1886
1908
1933
1957
1981
2000
2015
2023
2026
2019
2006
1986
1961
1935
1907
1885
1865
1853
1846
1850
1860
1882
1910
1942
1976
2007
2035
2062
2087
2110
2133
2144
2148
2139
2122
2101
2077
2057
2040
2033
2031
2040
2056
2073
2091
2097
2097
2090
2079
2069
2059
2048
2037
2025
2012
2007
2005
2011
2021
2032
2043
2050
2053
2053
2050
2046
2041
2040
2040
2044
2052
2063
2074
2085
2095
2105
2114
2121
2128
2130
2129
2125
2118
2112
2105
2098
2090
2080
2070
2060
2051
2046
2044
2046
2049
2052
2055
2055
2053
2048
2040
2031
2021
2010
2000
1991
1982
1975
1968
1963
1958
1954
1951
1950
1950
1953
1956
1960
1964
1969
1976
1984
1992
1999
2004
2010
2017
2025
2033
2040
2045
2047
2048
2050
2053
2056
2059
2060
2060
2060
2060
2063
2068
2072
2075
2075
2072
2062
2049
2032
2014
1997
1982
1972
1964
1961
1961
1966
1975
1988
2004
2020
2035
2047
2057
2064
2070
2073
2074
2076
2078
2085
2095
2105
2116
2123
2127
2131
2135
2142
2150
2156
2161
2163
2164
2167
2170
2173
2176
2175
2172
2165
2157
2149
2141
2134
2127
2120
2112
2101
2089
2076
2062
2050
2040
2031
2024
2019
2015
2014
2014
2016
2019
2020
2019
2015
2010
2006
2003
1999
1996
1992
1989
1985
1981
1980
1980
1984
1992
2001
2011
2018
2024
2030
2035
2042
2052
2060
2068
2068
2064
2055
2042
2028
2015
2008
2006
2015
2031
2048
2064
2068
2064
2053
2038
2030
2026
2025
2026
2021
2012
2001
1989
1982
1979
1980
1984
1989
1996
2001
2006
2009
2011
2012
2013
2015
2017
2019
2021
2023
2026
2029
2032
2037
2042
2048
2055
2060
2063
2061
2056
2049
2041
2033
2026
2021
2016
2015
2017
2022
2030
2036
2042
2045
2046
2046
2044
2041
2037
2033
2028
2025
2022
2022
2022
2025
2028
2033
2038
2041
2043
2044
2044
2045
2048
2052
2055
2056
2054
2052
2049
2046
2044
2044
2044
2048
2053
2058
2063
2064
2064
2063
2062
2064
2067
2069
2071
2069
2065
2060
2053
2048
2045
2049
2058
2072
2090
2100
2104
2095
2078
2063
2049
2043
2043
2042
2041
2036
2029
2025
2023
2027
2034
2044
2056
2067
2078
2086
2092
2095
2097
2099
2102
2106
2112
2116
2119
2117
2112
2104
2094
2085
2077
2067
2057
2046
2034
2025
2017
2012
2009
2003
1996
1990
1984
1984
1988
1998
2013
2029
2045
2059
2072
2080
2085
2086
2083
2077
2069
2057
2042
2026
2009
1995
1984
1977
1973
1974
1977
1985
1995
2007
2021
2035
2050
2064
2077
2087
2095
2097
2095
2090
2082
2074
2067
2060
2053
2046
2038
2035
2035
2040
2048
2055
2061
2065
2068
2072
2077
2084
2092
2103
2116
2129
2141
2144
2141
2126
2103
2075
2044
2016
1990
1969
1950
1936
1926
1927
1935
1953
1978
2004
2030
2050
2066
2074
2076
2073
2067
2061
2056
2053
2051
2050
2050
2051
2054
2061
2072
2085
2099
2107
2112
2113
2112
2112
2112
2109
2106
2097
2084
2069
2054
2044
2037
2032
2029
2022
2013
2001
1987
1973
1959
1947
1937
1927
1919
1912
1906
1901
1896
1891
1886
1881
1875
1871
1869
1871
1875
1880
1887
1893
1899
1905
1912
1919
1926
1937
1950
1970
1993
2021
2052
2086
2122
2159
2196
2230
2262
2287
2307
2320
2328
2332
2333
2334
2334
2333
2331
2321
2306
2280
2246
2211
2175
2146
2122
2102
2084
2066
2049
2037
2028
2025
2027
2030
2034
2036
2038
2038
2036
2030
2022
2012
2002
1994
1989
1987
1985
1983
1980
1982
1985
1994
2007
2020
2031
2038
2043
2046
2049
2048
2046
2039
2029
2019
2009
2005
2003
2004
2007
2008
2008
2008
2006
2004
2002
2001
2000
2000
2002
2005
2010
2015
2022
2027
2031
2033
2033
2033
2031
2029
2026
2023
2020
2020
2020
2022
2025
2026
2028
2030
2033
2037
2042
2047
2053
2059
2065
2068
2070
2070
2068
2068
2069
2070
2070
2066
2059
2050
2040
2033
2028
2031
2041
2058
2080
2095
2105
2099
2082
2061
2038
2022
2012
2004
1996
1986
1973
1965
1960
1963
1970
1979
1989
2000
2010
2019
2027
2030
2032
2031
2029
2029
2029
2031
2034
2037
2040
2043
2046
2050
2055
2060
2065
2070
2073
2075
2075
2074
2072
2067
2060
2053
2045
2043
2043
2046
2053
2057
2060
2058
2054
2049
2044
2040
2037
2034
2031
2030
2030
2031
2034
2037
2040
2042
2043
2044
2044
2045
2046
2045
2043
2042
2040
2041
2043
2044
2046
2047
2047
2047
2048
2050
2053
2057
2062
2067
2073
2076
2076
2073
2069
2067
2067
2067
2069
2067
2063
2057
2050
2044
2039
2040
2043
2056
2074
2092
2108
2107
2096
2076
2050
2032
2020
2013
2009
2000
1989
1979
1971
1970
1973
1981
1992
2004
2016
2026
2035
2039
2039
2037
2034
2033
2035
2037
2040
2042
2042
2043
2045
2048
2052
2057
2062
2067
2072
2074
2076
2076
2074
2072
2069
2066
2063
2060
2057
2056
2057
2058
2059
2058
2055
2052
2048
2044
2041
2038
2036
2036
2036
2039
2042
2045
2048
2050
2052
2053
2053
2051
2048
2046
2043
2042
2040
2040
2042
2044
2047
2050
2052
2053
2053
2055
2058
2061
2065
2068
2071
2073
2073
2071
2068
2066
2063
2062
2062
2062
2062
2060
2057
2052
2047
2044
2044
2051
2063
2078
2095
2102
2102
2089
2069
2051
2033
2022
2015
2008
2000
1988
1974
1966
1962
1967
1977
1990
2004
2016
2027
2035
2040
2042
2040
2037
2034
2033
2033
2036
2039
2042
2045
2049
2053
2057
2060
2062
2062
2063
2065
2068
2072
2074
2074
2072
2067
2064
2061
2060
2062
2064
2066
2065
2062
2057
2050
2044
2039
2036
2034
2034
2034
2035
2035
2037
2040
2045
2051
2054
2056
2055
2052
2050
2047
2045
2043
2043
2043
2045
2048
2051
2054
2058
2061
2066
2071
2077
2083
2089
2094
2099
2102
2103
2103
2100
2097
2096
2096
2097
2099
2100
2102
2103
2103
2101
2098
2096
2094
2099
2107
2115
2123
2117
2103
2081
2053
2031
2012
1998
1988
1977
1964
1953
1944
1943
1947
1957
1971
1987
2003
2017
2029
2035
2037
2036
2034
2035
2038
2040
2043
2041
2036
2031
2026
2022
2019
2019
2019
2022
2025
2032
2041
2050
2058
2065
2070
2072
2073
2073
2073
2071
2068
2062
2055
2046
2035
2026
2018
2014
2012
2014
2017
2021
2026
2032
2040
2048
2056
2062
2066
2067
2065
2062
2059
2055
2052
2049
2046
2044
2042
2042
2042
2044
2047
2051
2056
2063
2070
2077
2085
2090
2094
2094
2092
2089
2085
2084
2084
2083
2082
2077
2069
2064
2060
2062
2067
2077
2088
2101
2115
2126
2134
2129
2115
2087
2051
2014
1976
1944
1916
1893
1873
1863
1859
1867
1882
1900
1921
1937
1950
1959
1965
1966
1964
1962
1960
1961
1964
1966
1969
1970
1972
1976
1981
1985
1990
1992
1993
1996
2000
2007
2017
2028
2040
2053
2067
2084
2104
2126
2149
2170
2191
2205
2216
2220
2219
2215
2208
2200
2190
2180
2169
2159
2149
2142
2136
2130
2124
2119
2114
2111
2108
2104
2099
2094
2087
2082
2078
2074
2070
2065
2060
2055
2050
2046
2042
2040
2038
2037
2036
2033
2030
2027
2024
2024
2026
2027
2027
2025
2022
2020
2018
2019
2022
2032
2045
2062
2081
2088
2086
2070
2044
2020
1998
1986
1979
1972
1964
1956
1946
1945
1948
1957
1970
1983
1994
2004
2012
2018
2022
2023
2022
2021
2021
2022
2025
2028
2032
2036
2040
2044
2048
2051
2054
2055
2057
2059
2062
2064
2067
2066
2063
2058
2050
2044
2040
2040
2043
2046
2049
2050
2050
2047
2044
2039
2033
2028
2024
2023
2024
2027
2030
2033
2036
2039
2042
2044
2046
2046
2045
2044
2042
2041
2039
2038
2038
2038
2039
2040
2041
2042
2042
2044
2046
2049
2054
2059
2066
2071
2075
2076
2074
2071
2068
2065
2062
2060
2057
2055
2052
2049
2046
2043
2040
2042
2047
2060
2078
2093
2105
2101
2086
2065
2039
2023
2013
2008
2005
1997
1987
1976
1966
1963
1966
1975
1987
1999
2011
2020
2028
2032
2035
2035
2034
2034
2035
2038
2043
2047
2050
2053
2055
2057
2059
2061
2063
2064
2064
2065
2065
2066
2066
2066
2064
2062
2060
2061
2063
2066
2070
2072
2072
2068
2061
2053
2044
2037
2032
2030
2030
2031
2034
2037
2040
2043
2046
2048
2050
2050
2050
2048
2046
2044
2042
2041
2039
2038
2038
2038
2040
2042
2045
2048
2051
2055
2059
2063
2068
2071
2073
2074
2074
2071
2068
2064
2060
2057
2055
2054
2053
2052
2050
2049
2049
2049
2050
2056
2064
2078
2095
2107
2115
2108
2091
2070
2045
2029
2018
2009
2001
1988
1973
1960
1950
1950
1955
1966
1980
1995
2011
2025
2037
2043
2046
2047
2047
2048
2051
2053
2055
2056
2056
2057
2059
2061
2064
2065
2065
2065
2066
2068
2071
2072
2072
2072
2070
2070
2070
2072
2075
2078
2081
2080
2077
2070
2062
2053
2044
2037
2030
2025
2022
2022
2024
2028
2034
2040
2045
2048
2050
2051
2051
2052
2054
2054
2052
2049
2045
2041
2037
2034
2031
2028
2026
2028
2032
2039
2047
2055
2063
2069
2074
2077
2080
2080
2077
2073
2068
2064
2062
2061
2060
2058
2055
2053
2051
2051
2051
2055
2062
2074
2089
2100
2108
2105
2094
2078
2059
2046
2038
2033
2030
2026
2020
2015
2011
2012
2015
2021
2029
2034
2039
2039
2036
2032
2026
2021
2016
2016
2019
2026
2034
2045
2056
2069
2083
2095
2106
2113
2117
2118
2116
2114
2111
2106
2100
2090
2077
2065
2052
2039
2027
2016
2006
1998
1992
1990
1992
1996
2001
2007
2015
2023
2032
2040
2047
2053
2058
2060
2061
2058
2053
2046
2038
2031
2025
2021
2018
2016
2015
2018
2023
2031
2040
2049
2057
2066
2075
2083
2090
2093
2093
2090
2085
2078
2070
2061
2051
2044
2038
2036
2036
2036
2036
2037
2037
2040
2045
2055
2068
2084
2101
2116
2129
2132
2128
2111
2085
2054
2021
1990
1962
1939
1919
1908
1903
1909
1924
1946
1972
1998
2023
2042
2058
2067
2071
2073
2073
2075
2080
2085
2090
2095
2099
2104
2109
2113
2117
2115
2110
2103
2095
2092
2093
2095
2098
2098
2095
2091
2087
2085
2085
2084
2084
2081
2078
2072
2064
2055
2045
2037
2030
2027
2026
2027
2029
2031
2034
2038
2042
2046
2049
2052
2054
2054
2054
2052
2049
2046
2041
2035
2028
2021
2013
2005
1998
1992
1987
1983
1980
1976
1971
1964
1955
1945
1935
1926
1918
1910
1902
1889
1874
1860
1847
1841
1839
1845
1855
1869
1887
1904
1921
1928
1928
1919
1904
1895
1890
1898
1915
1942
1976
2018
2066
2119
2175
2230
2284
2328
2366
2388
2401
2401
2391
2375
2355
2334
2312
2287
2261
2233
2203
2179
2158
2143
2133
2126
2119
2114
2110
2108
2106
2104
2102
2099
2096
2090
2083
2074
2064
2051
2036
2019
2000
1980
1959
1940
1923
1913
1908
1911
1918
1930
1946
1965
1985
2004
2022
2034
2044
2048
2050
2045
2037
2025
2011
1999
1989
1981
1974
1969
1966
1967
1972
1981
1992
2005
2019
2032
2045
2057
2067
2073
2077
2078
2076
2072
2067
2057
2044
2031
2017
2006
1997
1994
1995
2006
2023
2047
2075
2092
2103
2099
2085
2070
2055
2047
2043
2035
2025
2010
1992
1977
1965
1960
1960
1964
1971
1981
1994
2006
2017
2023
2026
2028
2030
2034
2039
2045
2050
2053
2055
2056
2057
2057
2055
2053
2051
2051
2051
2053
2056
2056
2056
2054
2052
2053
2055
2058
2062
2064
2065
2064
2061
2056
2049
2043
2038
2034
2031
2029
2029
2029
2030
2032
2035
2038
2042
2045
2048
2051
2054
2054
2054
2052
2049
2046
2043
2040
2038
2037
2036
2038
2043
2051
2062
2074
2085
2095
2105
2112
2118
2120
2118
2115
2112
2111
2111
2111
2111
2108
2103
2098
2093
2089
2086
2089
2094
2105
2119
2128
2133
2128
2115
2101
2086
2071
2057
2033
2002
1963
1918
1883
1855
1849
1857
1880
1913
1951
1992
2030
2066
2094
2115
2129
2139
2143
2143
2138
2129
2115
2099
2082
2066
2050
2035
2019
2003
1989
1976
1969
1965
1965
1968
1974
1982
1994
2008
2025
2043
2060
2076
2086
2092
2091
2086
2076
2063
2047
2031
2015
2000
1991
1984
1984
1987
1995
2005
2018
2031
2044
2057
2069
2079
2088
2095
2100
2103
2103
2101
2097
2091
2085
2080
2076
2073
2072
2072
2074
2077
2078
2080
2080
2080
2081
2084
2086
2089
2090
2090
2086
2081
2075
2068
2066
2068
2079
2097
2113
2128
2128
2118
2096
2068
2042
2017
1996
1976
1957
1939
1928
1923
1928
1941
1959
1980
2000
2020
2036
2050
2057
2060
2060
2058
2060
2064
2070
2077
2082
2087
2091
2096
2099
2102
2098
2090
2078
2065
2054
2046
2039
2032
2023
2012
2000
1988
1979
1972
1965
1957
1947
1935
1920
1904
1887
1870
1853
1836
1819
1802
1786
1771
1760
1752
1753
1760
1773
1791
1809
1825
1837
1845
1852
1858
1873
1893
1928
1972
2029
2093
2162
2234
2307
2380
2446
2507
2551
2584
2598
2600
2588
2568
2534
2492
2441
2384
2329
2275
2232
2196
2172
2157
2150
2148
2144
2139
2126
2110
2095
2080
2070
2063
2053
2042
2026
2008
1990
1973
1957
1941
1924
1906
1891
1879
1873
1871
1875
1882
1894
1909
1928
1948
1967
1987
2005
2023
2037
2050
2055
2055
2046
2033
2019
2005
1993
1983
1975
1967
1961
1957
1959
1965
1977
1993
2012
2033
2052
2069
2077
2080
2074
2062
2047
2029
2012
1997
1986
1977
1971
1968
1968
1971
1978
1988
2000
2014
2029
2044
2057
2070
2078
2085
2087
2087
2083
2077
2068
2057
2046
2036
2030
2028
2030
2034
2036
2038
2040
2042
2048
2058
2068
2078
2082
2084
2082
2077
2072
2065
2062
2060
2063
2070
2073
2073
2064
2049
2035
2020
2014
2014
2014
2015
2013
2009
2008
2010
2016
2025
2033
2041
2049
2056
2061
2066
2066
2063
2061
2058
2059
2062
2067
2074
2079
2084
2089
2096
2104
2112
2119
2124
2123
2119
2108
2093
2073
2050
2028
2008
1996
1990
1994
2004
2020
2040
2061
2084
2103
2119
2129
2135
2134
2129
2120
2107
2091
2073
2054
2034
2016
1998
1983
1972
1964
1959
1956
1953
1953
1954
1958
1963
1969
1977
1985
1993
2002
2010
2019
2027
2034
2040
2044
2047
2047
2044
2039
2034
2034
2037
2045
2056
2067
2077
2084
2089
2091
2091
2094
2098
2110
2127
2146
2166
2171
2168
2150
2124
2097
2069
2044
2021
1998
1974
1956
1943
1942
1950
1966
1987
2008
2028
2044
2056
2060
2060
2056
2049
2045
2042
2042
2042
2043
2045
2049
2056
2065
2075
2082
2087
2089
2089
2090
2090
2089
2086
2082
2075
2070
2067
2066
2066
2064
2061
2056
2048
2038
2027
2013
1998
1982
1966
1952
1939
1928
1918
1908
1900
1893
1886
1879
1871
1860
1849
1837
1824
1811
1800
1790
1781
1774
1768
1764
1761
1766
1774
1790
1810
1834
1860
1891
1924
1969
2020
2081
2147
2212
2277
2339
2400
2457
2513
2560
2602
2632
2654
2659
2654
2625
2582
2523
2453
2383
2312
2247
2185
2128
2074
2032
1999
1983
1978
1982
1992
2005
2021
2036
2049
2057
2060
2058
2052
2043
2032
2016
1996
1974
1950
1929
1910
1896
1885
1879
1876
1882
1893
1912
1937
1964
1992
2014
2033
2044
2049
2049
2044
2038
2030
2020
2010
1999
1988
1979
1971
1968
1967
1970
1975
1985
1996
2010
2026
2042
2057
2067
2074
2075
2073
2068
2060
2051
2041
2032
2022
2013
2005
1999
1994
1993
1995
2001
2009
2021
2034
2047
2058
2066
2071
2076
2081
2084
2087
2085
2079
2068
2053
2039
2025
2016
2011
2015
2025
2041
2061
2074
2082
2078
2067
2056
2046
2040
2036
2027
2014
1998
1979
1965
1954
1950
1952
1958
1966
1976
1987
1998
2009
2019
2027
2034
2041
2045
2048
2048
2048
2048
2048
2049
2051
2052
2054
2054
2053
2051
2049
2049
2049
2049
2051
2052
2053
2054
2055
2058
2061
2064
2067
2068
2066
2062
2057
2052
2046
2040
2035
2029
2024
2020
2017
2018
2021
2027
2035
2043
2051
2058
2063
2066
2068
2069
2069
2068
2067
2065
2062
2059
2056
2053
2050
2049
2049
2050
2053
2057
2061
2064
2067
2069
2072
2076
2081
2086
2091
2093
2093
2089
2084
2080
2075
2075
2077
2083
2091
2095
2097
2090
2077
2064
2051
2045
2044
2044
2045
2042
2035
2030
2025
2026
2031
2037
2045
2052
2059
2063
2066
2066
2063
2059
2052
2044
2036
2023
2008
1990
1970
1955
1945
1946
1954
1969
1989
2012
2038
2066
2096
2124
2150
2170
2185
2192
2192
2184
2171
2151
2128
2104
2079
2055
2031
2010
1991
1977
1967
1960
1955
1954
1954
1960
1968
1982
1998
2014
2029
2041
2050
2055
2058
2059
2057
2054
2049
2044
2039
2034
2030
2027
2025
2025
2027
2031
2038
2045
2053
2059
2064
2069
2075
2083
2093
2099
2103
2101
2094
2086
2077
2071
2067
2068
2073
2083
2098
2110
2120
2117
2106
2087
2063
2042
2022
2006
1991
1977
1964
1957
1954
1960
1973
1990
2010
2029
2046
2056
2062
2063
2060
2057
2054
2055
2058
2061
2065
2070
2077
2084
2092
2095
2096
2093
2088
2086
2086
2088
2091
2092
2092
2088
2083
2081
2081
2082
2085
2087
2088
2086
2083
2076
2067
2056
2043
2031
2020
2011
2003
1997
1991
1984
1976
1968
1960
1952
1944
1936
1929
1922
1915
1906
1896
1885
1875
1865
1855
1845
1835
1825
1816
1811
1808
1810
1814
1823
1834
1850
1868
1885
1900
1915
1930
1959
1995
2046
2107
2170
2234
2292
2347
2392
2431
2455
2468
2467
2457
2437
2411
2381
2347
2312
2277
2246
2218
2192
2166
2142
2118
2099
2084
2073
2063
2054
2046
2042
2041
2044
2049
2052
2055
2057
2059
2061
2063
2060
2054
2041
2024
2007
1991
1977
1964
1952
1942
1937
1934
1939
1949
1966
1986
2004
2022
2034
2043
2046
2044
2037
2026
2014
2002
1994
1987
1984
1983
1984
1987
1991
1997
2005
2013
2020
2026
2032
2037
2042
2048
2051
2052
2049
2043
2036
2028
2022
2017
2015
2015
2016
2019
2023
2026
2030
2035
2043
2053
2063
2071
2075
2075
2071
2063
2054
2044
2038
2035
2042
2055
2067
2078
2075
2062
2042
2019
2006
1998
1994
1992
1987
1979
1974
1970
1972
1979
1988
1998
2008
2019
2028
2036
2038
2036
2031
2023
2017
2012
2011
2013
2017
2024
2032
2042
2051
2059
2066
2073
2078
2082
2085
2088
2087
2085
2081
2074
2066
2057
2051
2046
2047
2051
2055
2060
2061
2061
2058
2055
2053
2051
2050
2049
2048
2048
2047
2046
2044
2042
2040
2037
2036
2035
2033
2031
2029
2027
2028
2030
2032
2035
2036
2037
2039
2042
2045
2048
2049
2050
2052
2055
2056
2057
2055
2052
2050
2049
2051
2056
2059
2062
2062
2060
2058
2055
2053
2053
2059
2069
2083
2099
2105
2104
2091
2071
2054
2039
2029
2024
2015
2005
1994
1982
1977
1975
1979
1986
1995
2005
2016
2027
2036
2044
2046
2045
2042
2038
2036
2034
2034
2034
2035
2037
2040
2044
2049
2056
2061
2064
2066
2066
2066
2066
2067
2068
2067
2065
2062
2059
2058
2060
2063
2066
2067
2066
2062
2057
2052
2047
2042
2037
2033
2030
2030
2032
2034
2037
2039
2040
2043
2046
2049
2052
2052
2049
2048
2047
2048
2051
2054
2056
2059
2062
2069
2077
2084
2089
2093
2096
2102
2109
2113
2116
2116
2113
2114
2116
2120
2125
2127
2125
2121
2116
2110
2104
2099
2094
2097
2105
2114
2125
2124
2115
2096
2071
2053
2039
2031
2027
2020
2010
1999
1987
1979
1974
1971
1970
1970
1970
1970
1971
1972
1972
1972
1973
1978
1986
1995
2006
2017
2027
2036
2044
2052
2060
2066
2071
2070
2067
2061
2053
2048
2045
2044
2044
2043
2041
2040
2038
2040
2044
2048
2051
2053
2053
2053
2052
2051
2050
2048
2046
2046
2046
2047
2049
2050
2050
2052
2054
2056
2059
2061
2061
2060
2059
2058
2058
2058
2060
2062
2065
2067
2070
2071
2072
2073
2073
2072
2071
2070
2068
2069
2072
2077
2082
2084
2084
2082
2079
2078
2080
2086
2094
2106
2120
2133
2145
2146
2141
2124
2098
2069
2037
2007
1979
1953
1930
1916
1908
1911
1921
1937
1957
1976
1993
2002
2006
2002
1992
1981
1970
1962
1957
1950
1943
1934
1924
1918
1914
1912
1912
1907
1900
1892
1884
1882
1884
1890
1900
1907
1914
1917
1918
1919
1919
1920
1923
1931
1944
1964
1989
2019
2052
2087
2123
2158
2192
2225
2258
2287
2315
2335
2350
2354
2352
2343
2328
2311
2293
2275
2257
2240
2222
2204
2186
2170
2156
2146
2138
2134
2132
2132
2132
2132
2132
2130
2127
2119
2109
2094
2078
2060
2040
2021
2002
1991
1985
1990
2002
2012
2020
2017
2007
1995
1982
1976
1976
1975
1974
1968
1959
1952
1946
1944
1944
1945
1947
1950
1954
1959
1966
1970
1973
1976
1979
1986
1994
2003
2012
2019
2026
2034
2042
2051
2059
2063
2063
2062
2059
2059
2061
2061
2061
2055
2046
2037
2028
2024
2022
2024
2028
2032
2037
2039
2040
2039
2036
2032
2028
2025
2023
2023
2023
2023
2023
2024
2024
2024
2023
2021
2019
2018
2018
2019
2021
2023
2025
2027
2029
2032
2035
2038
2041
2043
2045
2049
2054
2060
2065
2068
2068
2069
2069
2069
2071
2070
2067
2063
2058
2052
2047
2045
2043
2046
2053
2065
2080
2089
2094
2087
2072
2056
2040
2030
2024
2016
2007
1994
1979
1970
1965
1969
1977
1988
2001
2011
2021
2028
2034
2037
2038
2037
2035
2035
2035
2035
2035
2035
2035
2035
2037
2041
2046
2052
2057
2059
2061
2062
2064
2066
2069
2068
2066
2063
2060
2059
2059
2061
2064
2065
2064
2061
2056
2051
2046
2041
2036
2032
2029
2028
2028
2030
2033
2035
2038
2040
2043
2045
2047
2048
2048
2049
2049
2048
2047
2046
2045
2044
2043
2043
2043
2045
2048
2053
2058
2063
2068
2069
2069
2067
2065
2065
2067
2069
2071
2070
2068
2066
2063
2062
2062
2067
2074
2084
2096
2101
2102
2092
2074
2055
2035
2024
2018
2013
2008
2000
1990
1984
1981
1988
2000
2014
2029
2042
2052
2059
2064
2064
2062
2059
2056
2055
2055
2056
2058
2060
2063
2068
2076
2086
2097
2106
2114
2116
2116
2113
2109
2102
2093
2079
2061
2042
2024
2011
2002
1998
1997
1999
2003
2009
2017
2024
2032
2039
2044
2046
2048
2049
2049
2046
2041
2034
2025
2015
2005
1993
1980
1969
1959
1955
1955
1960
1970
1983
1998
2017
2037
2056
2076
2091
2104
2113
2119
2122
2122
2115
2105
2093
2080
2070
2062
2056
2050
2044
2039
2037
2039
2046
2056
2071
2087
2107
2128
2143
2154
2147
2128
2098
2062
2029
1998
1971
1946
1924
1904
1893
1889
1898
1916
1939
1965
1988
2009
2024
2034
2039
2041
2041
2041
2043
2047
2052
2057
2062
2067
2072
2077
2083
2088
2091
2093
2095
2098
2102
2107
2109
2111
2109
2105
2103
2103
2105
2109
2112
2115
2114
2110
2103
2094
2084
2073
2062
2052
2043
2035
2030
2027
2028
2031
2035
2041
2047
2052
2055
2057
2055
2052
2049
2047
2046
2044
2041
2036
2031
2026
2023
2021
2020
2018
2016
2014
2015
2017
2016
2014
2006
1994
1982
1971
1966
1965
1966
1969
1974
1982
1993
2006
2012
2012
1997
1973
1945
1914
1890
1870
1861
1858
1868
1886
1916
1953
1996
2044
2089
2133
2168
2197
2214
2224
2227
2225
2221
2215
2204
2189
2171
2151
2135
2122
2117
2115
2114
2112
2109
2105
2104
2104
2104
2106
2104
2101
2096
2091
2087
2082
2076
2069
2060
2049
2036
2023
2008
1993
1980
1968
1962
1959
1962
1969
1980
1995
2011
2029
2044
2057
2065
2070
2069
2065
2058
2048
2037
2025
2015
2006
2001
1998
1997
1999
2005
2013
2024
2037
2048
2059
2069
2078
2087
2097
2103
2106
2103
2095
2083
2068
2054
2039
2032
2029
2034
2045
2053
2059
2053
2040
2027
2016
2014
2019
2022
2025
2019
2009
1998
1988
1983
1981
1983
1987
1993
2001
2007
2014
2017
2017
2016
2016
2017
2019
2021
2024
2028
2033
2041
2052
2063
2074
2082
2088
2091
2093
2091
2086
2078
2067
2054
2040
2029
2019
2016
2018
2024
2033
2041
2049
2054
2057
2059
2060
2061
2061
2059
2057
2054
2051
2048
2046
2045
2043
2040
2037
2034
2031
2029
2028
2028
2030
2033
2036
2042
2050
2058
2066
2072
2076
2078
2078
2079
2080
2080
2080
2076
2071
2066
2062
2061
2063
2064
2066
2066
2064
2063
2062
2062
2064
2069
2076
2085
2096
2101
2101
2090
2071
2052
2032
2021
2015
2009
2004
1996
1986
1980
1977
1982
1992
2002
2013
2023
2031
2038
2044
2047
2047
2044
2041
2039
2039
2039
2041
2042
2042
2045
2050
2058
2069
2079
2087
2092
2094
2096
2098
2100
2102
2103
2104
2104
2103
2100
2095
2086
2073
2058
2041
2027
2014
2005
2000
2000
2004
2014
2027
2044
2064
2083
2103
2121
2139
2152
2162
2164
2161
2152
2139
2124
2106
2085
2063
2041
2019
2001
1986
1974
1965
1960
1958
1960
1963
1968
1973
1981
1991
2004
2020
2034
2047
2053
2055
2054
2051
2049
2047
2046
2045
2050
2058
2069
2082
2085
2081
2068
2048
2033
2021
2013
2008
2000
1990
1985
1982
1988
1999
2014
2032
2048
2062
2071
2076
2076
2072
2067
2060
2058
2058
2059
2062
2063
2064
2067
2072
2078
2085
2088
2089
2087
2083
2080
2078
2078
2078
2076
2073
2071
2068
2068
2069
2072
2075
2078
2080
2078
2074
2067
2059
2051
2044
2039
2034
2030
2026
2021
2016
2013
2010
2008
2006
2002
1997
1991
1984
1978
1973
1967
1962
1955
1947
1936
1925
1914
1903
1894
1886
1878
1870
1861
1851
1845
1841
1840
1841
1845
1850
1863
1881
1907
1937
1969
2002
2035
2068
2101
2133
2157
2175
2183
2183
2181
2177
2179
2185
2199
2217
2241
2268
2293
2317
2333
2343
2343
2336
2319
2296
2265
2227
2189
2151
2122
2098
2084
2076
2074
2076
2080
2085
2088
2091
2093
2096
2101
2106
2106
2103
2092
2076
2055
2032
2011
1990
1973
1958
1949
1942
1940
1940
1942
1945
1950
1956
1965
1975
1987
1999
2008
2016
2021
2024
2025
2024
2020
2014
2007
2000
1995
1992
1989
1986
1984
1981
1983
1988
1997
2009
2021
2033
2044
2054
2061
2067
2070
2071
2071
2069
2067
2064
2059
2051
2041
2030
2020
2011
2008
2009
2020
2038
2058
2081
2091
2094
2084
2066
2052
2041
2033
2028
2017
2001
1982
1962
1950
1943
1945
1952
1963
1976
1991
2006
2020
2033
2041
2047
2050
2051
2051
2050
2048
2045
2044
2043
2044
2046
2049
2052
2055
2057
2058
2058
2057
2056
2055
2053
2052
2051
2053
2056
2061
2068
2071
2071
2068
2062
2055
2048
2042
2036
2031
2026
2024
2022
2023
2025
2028
2033
2038
2044
2048
2051
2052
2050
2047
2043
2039
2035
2032
2029
2028
2027
2027
2029
2031
2033
2037
2043
2051
2061
2067
2072
2073
2073
2073
2074
2077
2082
2084
2084
2081
2076
2070
2063
2059
2056
2061
2070
2081
2094
2097
2092
2078
2057
2039
2024
2016
2013
2007
1999
1987
1973
1964
1959
1962
1970
1982
1996
2009
2021
2029
2034
2035
2035
2035
2036
2038
2041
2044
2048
2053
2059
2066
2074
2081
2088
2094
2100
2106
2112
2118
2123
2128
2131
2134
2137
2140
2143
2148
2153
2154
2153
2145
2132
2115
2096
2080
2065
2053
2043
2029
2014
1995
1973
1949
1923
1905
1891
1894
1908
1936
1974
2014
2056
2094
2129
2157
2182
2197
2205
2205
2198
2185
2167
2147
2126
2104
2083
2061
2040
2019
1999
1985
1975
1972
1972
1972
1973
1976
1981
1989
1999
2010
2020
2035
2053
2074
2097
2108
2111
2095
2067
2039
2010
1988
1972
1957
1944
1935
1928
1930
1938
1952
1970
1990
2013
2034
2055
2068
2076
2076
2072
2068
2065
2060
2055
2049
2042
2040
2042
2047
2055
2062
2067
2070
2072
2075
2079
2081
2083
2083
2082
2080
2078
2077
2075
2074
2073
2072
2072
2068
2063
2056
2047
2041
2036
2036
2038
2040
2043
2045
2047
2051
2056
2061
2067
2072
2075
2077
2077
2078
2078
2077
2077
2075
2072
2069
2067
2067
2069
2072
2075
2078
2081
2085
2088
2092
2095
2097
2097
2095
2091
2086
2079
2074
2070
2071
2076
2085
2097
2105
2111
2103
2087
2058
2020
1981
1941
1908
1880
1859
1841
1829
1821
1820
1824
1832
1842
1848
1851
1849
1842
1835
1827
1821
1814
1808
1803
1801
1801
1805
1813
1823
1834
1847
1860
1880
1903
1936
1977
2025
2079
2133
2187
2237
2283
2327
2370
2410
2448
2478
2501
2508
2505
2489
2464
2433
2397
2360
2322
2283
2245
2210
2178
2153
2132
2117
2107
2100
2097
2095
2094
2090
2085
2075
2064
2052
2039
2025
2010
1996
1982
1971
1962
1957
1954
1953
1955
1962
1972
1984
1997
2006
2011
2011
2008
2004
2001
2002
2006
2016
2030
2043
2054
2053
2043
2025
2001
1983
1970
1964
1964
1962
1959
1956
1951
1952
1955
1962
1971
1980
1989
1996
2001
2002
2000
1996
1989
1983
1976
1972
1969
1969
1972
1979
1989
2003
2019
2035
2050
2062
2071
2076
2079
2078
2076
2071
2063
2053
2041
2031
2022
2020
2023
2030
2040
2051
2062
2071
2078
2080
2080
2075
2067
2058
2050
2044
2040
2037
2034
2031
2028
2024
2021
2019
2017
2017
2019
2022
2027
2030
2033
2036
2039
2041
2044
2048
2052
2055
2058
2060
2062
2060
2055
2050
2044
2041
2040
2041
2044
2046
2046
2044
2041
2041
2041
2047
2056
2070
2088
2102
2115
2113
2103
2085
2061
2043
2030
2022
2017
2008
1995
1980
1965
1959
1958
1965
1976
1989
2004
2017
2030
2039
2045
2046
2044
2041
2037
2034
2031
2028
2025
2025
2027
2033
2043
2053
2064
2073
2081
2087
2092
2097
2101
2103
2103
2100
2097
2092
2086
2079
2071
2062
2053
2043
2033
2024
2016
2011
2008
2007
2008
2010
2013
2018
2024
2032
2040
2047
2054
2059
2064
2067
2070
2069
2066
2063
2059
2056
2054
2052
2049
2048
2046
2047
2049
2053
2058
2063
2068
2073
2078
2080
2081
2081
2081
2084
2089
2096
2103
2105
2104
2100
2093
2090
2089
2093
2101
2109
2119
2121
2119
2109
2094
2080
2068
2063
2061
2052
2039
2013
1979
1947
1916
1900
1893
1901
1919
1947
1980
2018
2057
2092
2123
2147
2167
2180
2188
2188
2183
2170
2154
2136
2118
2100
2082
2064
2046
2029
2013
2000
1990
1983
1978
1974
1971
1971
1973
1979
1987
1995
2003
2007
2008
2005
2000
1993
1985
1978
1971
1967
1965
1968
1973
1982
1992
2003
2015
2027
2039
2049
2057
2063
2067
2071
2075
2079
2083
2084
2084
2082
2079
2077
2076
2077
2079
2081
2084
2086
2089
2090
2092
2095
2098
2103
2108
2111
2114
2113
2110
2107
2102
2101
2101
2108
2118
2128
2139
2140
2135
2118
2093
2066
2038
2013
1990
1971
1953
1939
1929
1929
1937
1952
1972
1994
2015
2031
2044
2051
2053
2052
2049
2048
2048
2050
2054
2059
2066
2074
2083
2090
2097
2098
2096
2092
2087
2085
2084
2084
2084
2081
2078
2075
2072
2073
2076
2079
2082
2079
2073
2063
2052
2040
2028
2016
2004
1992
1981
1973
1966
1961
1958
1953
1948
1942
1934
1926
1918
1907
1896
1883
1870
1857
1844
1833
1823
1814
1806
1802
1801
1805
1812
1820
1830
1840
1850
1865
1881
1906
1936
1975
2019
2069
2123
2178
2233
2287
2341
2391
2439
2475
2505
2515
2512
2496
2470
2438
2402
2362
2319
2273
2224
2179
2136
2101
2071
2050
2035
2030
2030
2036
2044
2052
2059
2063
2066
2066
2064
2060
2055
2048
2040
2031
2022
2011
2000
1987
1973
1961
1951
1946
1946
1950
1958
1969
1980
1991
2002
2013
2024
2034
2042
2045
2044
2036
2024
2010
1995
1982
1972
1967
1965
1968
1973
1981
1992
2004
2017
2029
2040
2049
2057
2061
2064
2064
2061
2056
2049
2040
2030
2017
2004
1992
1982
1978
1977
1982
1990
2001
2014
2025
2035
2045
2053
2062
2071
2077
2082
2080
2074
2064
2051
2040
2032
2032
2039
2049
2062
2065
2062
2048
2028
2013
2003
2002
2008
2011
2012
2008
2000
1995
1992
1992
1995
1999
2004
2009
2014
2017
2020
2021
2021
2021
2021
2025
2030
2035
2042
2049
2056
2063
2071
2078
2085
2087
2087
2083
2076
2069
2061
2055
2048
2041
2033
2028
2025
2028
2036
2045
2056
2063
2068
2070
2070
2068
2065
2060
2052
2044
2034
2027
2022
2021
2021
2022
2025
2030
2035
2040
2045
2049
2054
2058
2061
2063
2064
2064
2062
2059
2056
2052
2047
2043
2040
2039
2041
2044
2049
2052
2055
2058
2060
2063
2066
2070
2073
2075
2075
2071
2066
2059
2051
2047
2046
2049
2056
2058
2056
2047
2034
2024
2016
2017
2025
2034
2043
2045
2042
2038
2033
2033
2035
2039
2046
2050
2053
2055
2055
2053
2051
2050
2048
2050
2055
2063
2073
2086
2099
2116
2134
2152
2170
2180
2185
2179
2166
2150
2130
2109
2088
2065
2040
2017
1996
1981
1971
1967
1967
1973
1984
1999
2016
2033
2050
2065
2078
2088
2096
2096
2093
2083
2070
2054
2036
2019
2003
1988
1973
1962
1954
1950
1949
1952
1958
1969
1982
1999
2019
2038
2056
2071
2083
2090
2094
2092
2086
2076
2063
2051
2039
2031
2024
2020
2017
2017
2020
2027
2037
2051
2067
2087
2110
2132
2154
2163
2165
2150
2124
2094
2061
2034
2010
1987
1965
1947
1932
1929
1935
1952
1977
2002
2028
2048
2066
2077
2085
2088
2087
2084
2079
2075
2070
2065
2060
2058
2056
2059
2064
2068
2071
2073
2073
2075
2079
2084
2089
2089
2087
2083
2076
2072
2070
2069
2067
2064
2059
2054
2048
2042
2035
2030
2025
2024
2025
2029
2034
2040
2048
2056
2066
2074
2082
2088
2092
2095
2097
2099
2102
2104
2106
2107
2108
2109
2109
2110
2110
2110
2110
2109
2108
2104
2098
2089
2079
2068
2058
2046
2033
2015
1995
1977
1959
1948
1942
1941
1943
1944
1944
1935
1921
1894
1860
1819
1773
1733
1695
1666
1643
1629
1620
1622
1632
1653
1682
1714
1747
1778
1809
1845
1886
1940
2001
2069
2141
2208
2274
2330
2379
2417
2448
2469
2484
2491
2491
2482
2467
2446
2423
2403
2383
2363
2343
2319
2291
2261
2230
2201
2173
2149
2128
2109
2091
2075
2060
2046
2033
2025
2018
2014
2011
2008
2003
1997
1989
1981
1973
1963
1953
1945
1939
1937
1937
1939
1942
1949
1957
1968
1981
1993
2005
2016
2026
2033
2040
2041
2039
2035
2030
2029
2030
2031
2031
2027
2020
2013
2006
2003
2002
2009
2021
2040
2063
2079
2092
2089
2075
2056
2035
2022
2014
2006
1998
1985
1969
1957
1947
1946
1950
1957
1966
1975
1984
1993
2001
2008
2013
2015
2017
2020
2024
2028
2033
2037
2040
2044
2048
2052
2057
2059
2060
2060
2059
2058
2058
2057
2055
2052
2049
2046
2044
2044
2046
2049
2052
2055
2058
2057
2054
2048
2041
2035
2030
2027
2025
2025
2025
2027
2030
2032
2035
2037
2037
2036
2034
2034
2034
2035
2038
2039
2041
2041
2039
2037
2034
2033
2033
2034
2037
2041
2048
2055
2063
2068
2072
2074
2076
2077
2078
2078
2078
2074
2068
2060
2050
2042
2034
2033
2037
2048
2063
2075
2084
2080
2069
2055
2039
2030
2026
2025
2025
2020
2013
2009
2006
2008
2015
2023
2033
2040
2045
2046
2045
2040
2032
2022
2011
2003
1998
1999
2004
2011
2019
2028
2038
2049
2060
2071
2081
2088
2091
2092
2090
2087
2082
2076
2068
2060
2052
2046
2041
2039
2038
2037
2035
2033
2031
2030
2030
2031
2033
2036
2040
2044
2047
2051
2054
2058
2061
2063
2063
2060
2056
2052
2047
2043
2040
2037
2034
2034
2034
2036
2039
2042
2045
2049
2054
2060
2067
2072
2077
2078
2078
2075
2071
2068
2065
2065
2066
2068
2070
2071
2071
2070
2070
2073
2080
2092
2108
2123
2136
2138
2133
2120
2102
2087
2074
2067
2062
2055
2047
2039
2032
2032
2037
2045
2055
2064
2072
2075
2075
2069
2059
2044
2026
2012
1999
1991
1984
1981
1980
1987
1998
2015
2035
2055
2074
2090
2103
2114
2122
2124
2121
2111
2096
2079
2059
2040
2020
2004
1989
1979
1972
1968
1965
1965
1966
1970
1977
1987
1999
2012
2026
2038
2049
2056
2059
2060
2058
2055
2052
2047
2040
2033
2026
2022
2019
2019
2022
2028
2036
2047
2060
2071
2081
2092
2102
2111
2120
2124
2124
2117
2107
2097
2087
2079
2072
2065
2057
2051
2046
2043
2041
2044
2050
2065
2085
2104
2121
2121
2111
2088
2058
2030
2003
1978
1955
1934
1915
1905
1901
1908
1922
1942
1966
1991
2016
2034
2049
2056
2059
2060
2062
2066
2072
2078
2084
2090
2097
2104
2112
2116
2118
2114
2106
2098
2090
2084
2081
2079
2077
2073
2068
2063
2057
2053
2050
2049
2047
2043
2038
2027
2014
1997
1979
1961
1944
1931
1920
1911
1903
1897
1890
1885
1881
1880
1881
1885
1890
1895
1902
1908
1913
1918
1924
1935
1949
1968
1989
2016
2046
2079
2115
2149
2181
2206
2227
2246
2262
2276
2287
2289
2285
2275
2261
2251
2244
2242
2244
2245
2245
2237
2224
2201
2173
2144
2113
2088
2068
2052
2039
2027
2016
2007
1999
1995
1992
1990
1989
1988
1988
1986
1983
1979
1974
1973
1974
1979
1987
1995
2003
2010
2015
2021
2028
2034
2040
2043
2045
2045
2043
2041
2038
2033
2026
2018
2009
2003
1998
2000
2005
2011
2019
2026
2032
2036
2038
2038
2036
2033
2029
2025
2020
2017
2014
2012
2012
2012
2013
2015
2017
2019
2022
2026
2029
2033
2038
2042
2046
2048
2048
2046
2044
2044
2044
2044
2046
2048
2050
2053
2058
2060
2061
2060
2057
2056
2058
2062
2068
2070
2070
2063
2053
2042
2030
2023
2020
2027
2042
2061
2082
2090
2089
2075
2053
2036
2021
2012
2007
1997
1984
1972
1959
1954
1954
1961
1971
1984
1997
2011
2024
2034
2042
2046
2046
2046
2045
2045
2045
2046
2046
2047
2047
2047
2048
2051
2054
2058
2062
2066
2069
2073
2076
2078
2078
2077
2075
2074
2072
2072
2072
2070
2067
2062
2055
2047
2039
2030
2022
2015
2010
2007
2005
2006
2008
2012
2019
2027
2037
2045
2052
2057
2061
2063
2064
2063
2061
2058
2053
2050
2047
2043
2039
2034
2029
2028
2030
2037
2047
2057
2066
2071
2074
2074
2073
2073
2074
2075
2077
2077
2076
2072
2067
2062
2057
2056
2058
2066
2078
2086
2092
2087
2074
2058
2040
2030
2025
2023
2022
2016
2007
1997
1987
1984
1985
1992
2002
2013
2023
2031
2036
2037
2035
2033
2030
2031
2034
2037
2041
2045
2050
2055
2062
2067
2072
2072
2069
2064
2057
2051
2046
2043
2040
2038
2037
2037
2039
2042
2046
2051
2058
2063
2066
2066
2063
2059
2054
2052
2052
2053
2055
2056
2056
2058
2060
2062
2065
2066
2066
2065
2064
2065
2067
2069
2072
2076
2079
2084
2089
2094
2098
2102
2107
2112
2118
2121
2122
2119
2114
2108
2101
2090
2076
2058
2038
2023
2010
2003
2000
2001
2004
2010
2019
2032
2047
2065
2083
2104
2127
2145
2161
2160
2147
2120
2084
2049
2016
1989
1966
1941
1916
1895
1875
1867
1865
1875
1892
1915
1942
1969
1995
2016
2034
2048
2060
2071
2081
2088
2092
2090
2084
2077
2070
2065
2061
2056
2051
2046
2041
2040
2043
2051
2061
2070
2079
2087
2095
2102
2110
2115
2119
2117
2112
2102
2089
2074
2059
2046
2034
2026
2021
2019
2019
2021
2024
2030
2038
2047
2057
2065
2072
2075
2076
2075
2073
2071
2068
2064
2060
2056
2053
2051
2049
2049
2050
2052
2055
2059
2064
2067
2070
2073
2076
2078
2081
2080
2078
2073
2066
2062
2060
2063
2070
2081
2095
2109
2122
2127
2126
2113
2092
2066
2038
2014
1993
1975
1960
1951
1946
1951
1963
1980
2000
2019
2037
2049
2058
2060
2057
2051
2043
2037
2033
2032
2032
2032
2034
2038
2043
2045
2046
2039
2026
2008
1987
1969
1954
1940
1927
1913
1898
1885
1873
1865
1860
1856
1853
1848
1843
1837
1832
1829
1827
1829
1834
1842
1852
1865
1880
1899
1922
1950
1983
2020
2059
2100
2141
2183
2226
2267
2306
2339
2368
2389
2404
2412
2415
2411
2402
2386
2366
2342
2316
2289
2262
2236
2210
2185
2162
2141
2121
2105
2091
2081
2074
2075
2080
2091
2106
2114
2118
2107
2086
2057
2024
1995
1969
1946
1926
1908
1892
1882
1875
1876
1883
1894
1909
1927
1948
1969
1990
2004
2014
2016
2013
2010
2007
2005
2003
2001
1998
1999
2001
2006
2013
2019
2025
2031
2036
2043
2052
2059
2065
2065
2061
2055
2048
2044
2041
2039
2038
2036
2033
2029
2024
2017
2009
2003
1998
1998
2001
2007
2015
2023
2031
2038
2043
2047
2050
2052
2052
2049
2044
2039
2033
2029
2026
2024
2022
2020
2017
2017
2018
2022
2028
2035
2043
2051
2061
2069
2076
2078
2077
2074
2069
2066
2063
2060
2057
2053
2048
2041
2033
2027
2021
2023
2031
2047
2070
2086
2098
2094
2079
2061
2041
2029
2022
2015
2008
1996
1981
1969
1961
1961
1967
1976
1988
1999
2010
2019
2027
2032
2034
2033
2030
2028
2025
2025
2025
2028
2032
2038
2045
2052
2060
2067
2074
2079
2083
2084
2084
2081
2077
2072
2066
2060
2055
2052
2050
2052
2057
2061
2065
2066
2064
2060
2055
2050
2044
2040
2038
2040
2044
2048
2053
2056
2059
2059
2059
2057
2054
2050
2046
2042
2039
2037
2036
2036
2037
2039
2042
2044
2044
2044
2043
2044
2047
2051
2056
2061
2065
2067
2067
2065
2062
2059
2056
2056
2058
2061
2066
2067
2067
2063
2058
2056
2056
2062
2073
2087
2102
2109
2109
2099
2081
2065
2052
2047
2047
2044
2041
2034
2024
2020
2020
2026
2036
2045
2054
2060
2064
2067
2070
2074
2077
2081
2086
2089
2092
2092
2091
2088
2084
2078
2070
2060
2047
2035
2023
2014
2006
2000
1996
1996
1999
2007
2020
2037
2057
2078
2099
2116
2130
2136
2136
2129
2116
2100
2080
2059
2038
2016
1993
1972
1951
1936
1924
1921
1924
1934
1947
1965
1985
2006
2027
2045
2061
2072
2079
2081
2079
2074
2066
2055
2043
2033
2023
2019
2017
2019
2022
2026
2031
2037
2044
2053
2063
2073
2083
2090
2095
2095
2093
2091
2088
2088
2091
2099
2110
2120
2129
2127
2119
2101
2076
2052
2029
2009
1993
1979
1966
1958
1955
1960
1971
1987
2005
2022
2037
2047
2053
2052
2047
2041
2034
2033
2035
2038
2043
2048
2053
2062
2072
2080
2088
2089
2085
2079
2071
2068
2068
2069
2072
2073
2073
2073
2074
2078
2083
2089
2095
2099
2101
2099
2096
2091
2084
2078
2072
2067
2064
2061
2059
2057
2054
2049
2044
2039
2034
2028
2023
2017
2010
2002
1993
1983
1973
1963
1954
1944
1933
1920
1907
1895
1883
1873
1863
1854
1846
1839
1834
1834
1837
1842
1847
1854
1862
1875
1891
1916
1946
1984
2027
2072
2119
2158
2191
2211
2223
2232
2239
2245
2252
2255
2255
2254
2253
2256
2261
2265
2269
2271
2271
2268
2261
2246
2225
2199
2171
2146
2125
2107
2091
2076
2063
2055
2050
2050
2052
2053
2054
2055
2056
2056
2055
2049
2041
2029
2015
2002
1989
1978
1968
1963
1960
1963
1968
1973
1978
1981
1984
1987
1990
1993
1996
1998
1999
2000
2002
2004
2006
2007
2007
2007
2008
2011
2014
2018
2022
2026
2029
2031
2032
2031
2029
2028
2028
2029
2031
2032
2034
2037
2042
2046
2050
2049
2046
2042
2038
2039
2044
2047
2050
2048
2042
2035
2027
2023
2021
2026
2035
2052
2073
2088
2100
2095
2080
2060
2037
2024
2016
2009
2003
1992
1978
1968
1960
1961
1968
1978
1990
2001
2013
2023
2032
2038
2043
2046
2048
2049
2051
2052
2052
2051
2051
2051
2053
2055
2057
2058
2060
2062
2065
2066
2066
2064
2061
2056
2050
2045
2042
2041
2041
2042
2043
2044
2044
2044
2043
2041
2038
2036
2034
2033
2032
2033
2035
2039
2044
2047
2050
2051
2050
2048
2045
2042
2040
2039
2038
2038
2040
2041
2043
2044
2044
2045
2048
2052
2058
2063
2066
2068
2070
2072
2075
2074
2071
2067
2060
2056
2054
2055
2058
2060
2060
2057
2054
2051
2049
2051
2056
2067
2082
2097
2110
2112
2105
2090
2070
2057
2047
2043
2043
2037
2029
2019
2009
2006
2009
2017
2030
2042
2054
2062
2068
2072
2075
2078
2082
2087
2093
2098
2101
2100
2096
2089
2079
2069
2059
2050
2040
2030
2020
2011
2004
2002
2002
2006
2013
2023
2036
2052
2068
2083
2096
2106
2114
2117
2117
2113
2105
2091
2074
2054
2031
2009
1988
1971
1958
1950
1945
1946
1950
1958
1968
1981
1996
2011
2027
2043
2058
2069
2077
2079
2076
2071
2063
2056
2049
2043
2038
2034
2031
2032
2035
2038
2040
2043
2047
2056
2068
2079
2090
2095
2095
2093
2089
2087
2087
2090
2095
2105
2117
2125
2131
2124
2108
2085
2059
2038
2020
2005
1992
1978
1963
1956
1953
1961
1976
1996
2021
2042
2062
2073
2080
2078
2071
2064
2057
2056
2058
2061
2065
2068
2071
2077
2085
2092
2097
2095
2087
2078
2066
2059
2054
2051
2049
2042
2032
2021
2008
1998
1991
1985
1980
1973
1965
1954
1941
1928
1914
1900
1887
1875
1865
1858
1851
1847
1845
1847
1852
1860
1872
1886
1902
1918
1934
1947
1957
1965
1970
1978
1988
2003
2023
2049
2079
2114
2152
2191
2232
2270
2306
2336
2361
2378
2390
2392
2389
2377
2360
2338
2313
2288
2263
2242
2224
2206
2189
2165
2137
2105
2072
2049
2031
2021
2018
2014
2010
2007
2005
2007
2012
2014
2014
2009
2001
1991
1981
1969
1954
1940
1925
1919
1917
1925
1938
1954
1972
1990
2009
2027
2045
2055
2062
2062
2057
2052
2047
2042
2036
2027
2015
2004
1994
1989
1987
1991
1999
2011
2024
2036
2046
2052
2054
2052
2048
2043
2036
2029
2022
2017
2012
2009
2006
2004
2002
2002
2003
2008
2015
2021
2028
2033
2036
2039
2042
2046
2051
2054
2056
2056
2056
2054
2051
2050
2049
2050
2053
2055
2057
2057
2057
2057
2057
2059
2062
2063
2063
2060
2057
2055
2053
2057
2065
2076
2089
2096
2099
2090
2072
2053
2033
2019
2011
2003
1995
1983
1970
1961
1956
1960
1968
1979
1992
2005
2017
2028
2038
2045
2048
2048
2045
2042
2039
2037
2035
2034
2033
2034
2037
2041
2045
2049
2052
2057
2062
2068
2074
2077
2078
2076
2072
2068
2065
2063
2063
2063
2063
2063
2062
2059
2054
2048
2041
2035
2030
2027
2025
2026
2028
2031
2035
2040
2045
2050
2053
2054
2052
2049
2046
2044
2042
2042
2042
2043
2043
2042
2040
2040
2041
2043
2046
2049
2053
2057
2062
2065
2068
2067
2065
2063
2060
2059
2059
2060
2063
2063
2062
2060
2057
2058
2060
2066
2075
2087
2101
2110
2116
2111
2099
2085
2069
2059
2054
2050
2047
2041
2032
2025
2020
2023
2030
2040
2053
2065
2077
2088
2098
2105
2108
2105
2097
2085
2070
2054
2038
2022
2007
1996
1987
1983
1982
1985
1990
2000
2012
2028
2048
2068
2088
2102
2113
2119
2122
2124
2124
2122
2117
2108
2095
2078
2058
2038
2017
1998
1980
1967
1955
1950
1948
1953
1963
1976
1991
2007
2022
2037
2050
2060
2067
2070
2070
2066
2061
2053
2044
2036
2028
2023
2020
2021
2024
2029
2036
2045
2055
2063
2071
2078
2083
2086
2089
2089
2086
2079
2071
2064
2059
2056
2056
2059
2064
2072
2083
2092
2099
2095
2083
2065
2044
2025
2008
1992
1976
1962
1949
1946
1949
1961
1979
1998
2016
2032
2045
2054
2060
2062
2062
2063
2066
2071
2079
2087
2095
2105
2115
2127
2139
2143
2143
2135
2122
2112
2102
2096
2093
2088
2083
2077
2072
2067
2064
2061
2059
2058
2056
2052
2047
2036
2023
2007
1991
1975
1960
1947
1935
1925
1917
1908
1900
1890
1878
1868
1859
1853
1849
1846
1843
1842
1842
1844
1847
1852
1859
1867
1876
1887
1900
1915
1930
1948
1969
1996
2027
2061
2097
2131
2166
2202
2239
2277
2315
2350
2382
2407
2427
2436
2438
2422
2396
2358
2312
2266
2220
2180
2142
2110
2080
2059
2043
2034
2030
2029
2031
2037
2045
2055
2065
2070
2072
2068
2061
2054
2046
2037
2025
2011
1996
1983
1973
1968
1967
1968
1970
1974
1979
1987
1999
2010
2020
2026
2029
2029
2029
2029
2029
2029
2029
2025
2020
2014
2006
1997
1989
1982
1977
1976
1979
1986
1994
2004
2014
2023
2032
2040
2047
2051
2053
2052
2049
2045
2038
2030
2020
2012
2004
2002
2002
2004
2007
2011
2016
2023
2033
2043
2055
2063
2070
2075
2079
2083
2087
2088
2088
2083
2075
2066
2056
2045
2035
2031
2032
2043
2060
2072
2082
2077
2062
2046
2029
2020
2016
2011
2006
1997
1984
1974
1967
1966
1969
1975
1983
1992
2002
2012
2022
2028
2032
2032
2030
2028
2026
2026
2028
2032
2037
2043
2051
2058
2066
2070
2073
2075
2075
2075
2075
2073
2070
2067
2063
2059
2056
2054
2052
2052
2052
2053
2055
2055
2053
2049
2042
2036
2030
2028
2028
2030
2033
2035
2037
2039
2042
2044
2047
2048
2048
2048
2048
2047
2047
2045
2042
2039
2036
2034
2032
2031
2029
2030
2032
2037
2045
2054
2063
2068
2070
2070
2068
2068
2070
2072
2074
2072
2069
2064
2057
2053
2050
2052
2057
2066
2078
2087
2095
2093
2086
2075
2061
2052
2046
2044
2044
2039
2032
2024
2015
2012
2013
2019
2028
2037
2046
2052
2057
2059
2059
2059
2059
2060
2063
2065
2068
2070
2073
2078
2085
2094
2106
2116
2124
2128
2128
2125
2120
2113
2104
2093
2080
2064
2047
2030
2012
1998
1985
1976
1971
1972
1977
1988
2004
2024
2045
2066
2087
2105
2120
2129
2135
2134
2128
2115
2099
2077
2052
2025
1997
1973
1951
1937
1927
1925
1928
1936
1948
1966
1987
2011
2037
2059
2079
2093
2101
2101
2096
2084
2069
2055
2041
2029
2019
2011
2004
2002
2002
2007
2016
2030
2048
2073
2101
2129
2156
2167
2167
2152
2126
2097
2067
2039
2013
1986
1959
1940
1925
1925
1935
1954
1979
2004
2030
2051
2069
2079
2083
2083
2080
2079
2079
2079
2079
2077
2074
2073
2075
2079
2084
2085
2084
2081
2076
2077
2081
2087
2095
2098
2100
2100
2098
2098
2100
2101
2101
2097
2090
2081
2070
2058
2046
2035
2025
2016
2008
2003
1999
1997
1995
1993
1991
1988
1983
1977
1970
1962
1953
1943
1932
1920
1907
1896
1884
1874
1865
1856
1847
1840
1834
1832
1834
1839
1847
1858
1872
1888
1906
1920
1931
1939
1944
1960
1981
2017
2062
2111
2162
2210
2257
2301
2342
2375
2402
2416
2421
2415
2402
2383
2358
2331
2303
2274
2246
2217
2188
2161
2135
2114
2094
2076
2059
2045
2033
2028
2026
2029
2035
2042
2050
2058
2065
2070
2073
2070
2063
2051
2035
2017
1997
1979
1962
1950
1940
1935
1932
1934
1940
1953
1971
1992
2013
2029
2041
2045
2045
2039
2031
2020
2007
1997
1989
1984
1981
1980
1981
1985
1990
1999
2011
2022
2032
2041
2048
2054
2059
2061
2061
2057
2050
2043
2035
2027
2019
2012
2006
2004
2005
2010
2018
2026
2034
2042
2050
2059
2069
2076
2082
2084
2083
2079
2074
2069
2064
2065
2069
2077
2087
2091
2090
2077
2056
2035
2015
2002
1994
1986
1978
1970
1960
1956
1954
1959
1969
1979
1991
2002
2013
2022
2030
2034
2036
2035
2033
2030
2027
2024
2021
2022
2024
2029
2036
2043
2051
2059
2066
2070
2073
2073
2071
2067
2062
2057
2052
2047
2043
2043
2046
2053
2061
2069
2076
2081
2086
2089
2092
2090
2087
2081
2074
2071
2070
2071
2074
2077
2080
2082
2085
2089
2093
2097
2100
2104
2107
2112
2119
2126
2134
2142
2150
2154
2155
2147
2134
2113
2088
2062
2035
2011
1988
1975
1967
1972
1985
2001
2021
2038
2054
2070
2086
2099
2109
2113
2115
2118
2121
2122
2122
2104
2076
2036
1988
1947
1910
1882
1860
1843
1828
1824
1827
1842
1867
1899
1936
1974
2012
2042
2068
2079
2082
2077
2067
2056
2044
2032
2019
2006
1993
1987
1986
1994
2009
2026
2046
2063
2078
2091
2104
2115
2127
2135
2140
2139
2134
2127
2117
2108
2098
2089
2080
2071
2061
2054
2048
2044
2042
2042
2043
2047
2053
2061
2070
2077
2084
2088
2091
2092
2092
2090
2087
2082
2075
2070
2065
2063
2061
2061
2061
2063
2066
2070
2077
2082
2087
2089
2090
2092
2095
2099
2102
2100
2095
2088
2078
2073
2070
2073
2079
2088
2098
2105
2111
2107
2097
2074
2044
2012
1977
1949
1926
1909
1897
1894
1896
1905
1918
1932
1945
1954
1959
1960
1960
1958
1955
1952
1949
1947
1947
1944
1941
1934
1924
1914
1902
1891
1881
1873
1865
1863
1865
1875
1891
1913
1939
1965
1992
2016
2039
2058
2074
2084
2090
2094
2096
2099
2104
2110
2118
2127
2137
2149
2162
2176
2191
2206
2221
2234
2247
2256
2261
2260
2255
2247
2237
2227
2217
2208
2200
2194
2190
2187
2184
2179
2172
2162
2149
2132
2112
2094
2077
2065
2056
2049
2044
2038
2033
2027
2020
2016
2013
2018
2027
2041
2057
2064
2064
2051
2029
2008
1988
1977
1971
1965
1960
1951
1939
1933
1930
1933
1940
1949
1959
1970
1980
1989
1996
1999
1999
1998
1996
1997
1999
2002
2005
2008
2011
2014
2018
2023
2028
2032
2035
2039
2043
2046
2049
2050
2049
2046
2041
2040
2040
2043
2049
2057
2065
2072
2077
2079
2079
2077
2074
2071
2069
2070
2073
2078
2083
2088
2093
2100
2108
2117
2127
2136
2145
2153
2161
2167
2172
2172
2168
2156
2138
2117
2092
2068
2045
2025
2009
1998
1990
1984
1979
1977
1975
1978
1985
1993
2001
2007
2012
2014
2014
2012
2007
2003
1998
2001
2008
2017
2027
2023
2010
1988
1959
1935
1915
1901
1893
1888
1885
1892
1905
1927
1955
1985
2016
2041
2064
2078
2087
2086
2078
2065
2050
2037
2024
2014
2004
1998
1993
1998
2008
2026
2049
2068
2086
2099
2108
2115
2120
2122
2123
2120
2113
2105
2096
2088
2080
2073
2068
2065
2063
2061
2059
2056
2052
2050
2048
2051
2056
2061
2067
2071
2074
2076
2077
2078
2078
2078
2077
2076
2076
2074
2072
2069
2065
2063
2063
2064
2067
2068
2070
2070
2070
2070
2070
2070
2070
2069
2069
2067
2064
2055
2043
2031
2018
2014
2014
2021
2032
2041
2049
2051
2048
2035
2016
1991
1962
1935
1909
1889
1874
1866
1863
1868
1878
1895
1916
1936
1956
1968
1976
1980
1981
1981
1980
1982
1986
1995
2008
2020
2032
2039
2044
2049
2054
2060
2068
2072
2074
2074
2072
2074
2078
2083
2088
2091
2092
2093
2093
2094
2097
2102
2107
2112
2117
2122
2126
2130
2133
2139
2146
2154
2163
2171
2179
2184
2188
2189
2188
2183
2175
2162
2147
2132
2117
2103
2090
2078
2067
2058
2051
2048
2048
2048
2050
2050
2048
2048
2048
2051
2056
2059
2061
2058
2052
2043
2032
2020
2007
1999
1993
1999
2012
2029
2049
2055
2053
2040
2020
2006
1994
1986
1981
1971
1958
1945
1933
1930
1933
1943
1956
1969
1982
1992
2000
2007
2012
2014
2014
2014
2014
2018
2023
2029
2034
2036
2036
2034
2032
2032
2033
2035
2037
2039
2041
2045
2050
2055
2060
2061
2061
2059
2057
2056
2055
2054
2054
2054
2054
2051
2048
2043
2036
2030
2025
2022
2020
2019
2019
2020
2023
2028
2035
2041
2046
2051
2054
2056
2058
2057
2054
2049
2042
2036
2031
2026
2021
2020
2021
2026
2034
2043
2052
2059
2064
2071
2078
2084
2090
2091
2088
2081
2072
2062
2052
2044
2039
2041
2049
2059
2069
2068
2060
2046
2029
2021
2018
2019
2024
2022
2017
2011
2003
2000
2000
2004
2011
2018
2026
2032
2037
2040
2040
2039
2036
2035
2035
2037
2042
2047
2054
2061
2069
2080
2093
2105
2118
2127
2133
2135
2134
2134
2134
2134
2135
2136
2136
2134
2131
2125
2117
2106
2092
2075
2056
2038
2020
2006
1993
1985
1981
1983
1988
1998
2011
2026
2044
2063
2083
2097
2108
2110
2107
2098
2085
2070
2054
2035
2015
1995
1975
1961
1950
1944
1941
1943
1948
1958
1971
1986
2002
2017
2031
2045
2059
2071
2081
2084
2084
2079
2071
2064
2056
2052
2049
2054
2063
2073
2084
2085
2080
2067
2049
2035
2022
2011
2003
1994
1984
1979
1977
1982
1992
2004
2017
2030
2042
2050
2057
2058
2055
2052
2049
2050
2055
2060
2065
2067
2069
2073
2078
2085
2095
2101
2104
2103
2099
2095
2091
2087
2084
2079
2074
2070
2067
2067
2070
2076
2084
2091
2096
2094
2089
2082
2073
2066
2060
2056
2053
2052
2050
2050
2050
2050
2052
2053
2053
2052
2050
2048
2045
2041
2036
2030
2022
2013
2003
1994
1985
1978
1971
1963
1954
1943
1930
1919
1909
1903
1899
1894
1888
1879
1869
1861
1856
1857
1864
1876
1892
1910
1929
1945
1960
1969
1974
1980
1985
1996
2010
2029
2051
2077
2107
2143
2184
2225
2267
2301
2329
2345
2353
2349
2336
2314
2287
2259
2231
2209
2190
2173
2158
2144
2131
2122
2116
2114
2116
2116
2114
2110
2105
2102
2099
2096
2092
2083
2071
2057
2041
2028
2016
2006
1998
1989
1980
1971
1962
1956
1951
1950
1952
1958
1966
1978
1991
2004
2016
2024
2031
2034
2036
2034
2030
2024
2016
2010
2003
2000
1998
2000
2003
2008
2013
2020
2027
2034
2042
2049
2056
2060
2062
2062
2062
2062
2062
2060
2057
2052
2044
2036
2026
2019
2014
2016
2024
2039
2060
2076
2089
2086
2074
2058
2038
2025
2017
2010
2004
1993
1980
1969
1959
1957
1959
1965
1975
1985
1997
2007
2017
2023
2027
2029
2029
2030
2031
2032
2033
2036
2040
2045
2052
2057
2062
2063
2062
2061
2060
2060
2062
2063
2064
2062
2059
2055
2050
2049
2050
2054
2059
2062
2065
2064
2061
2055
2047
2041
2034
2030
2027
2026
2026
2027
2030
2035
2040
2044
2047
2048
2048
2047
2047
2047
2047
2045
2042
2040
2037
2035
2035
2036
2039
2042
2045
2048
2052
2057
2062
2065
2068
2068
2066
2065
2063
2062
2061
2060
2059
2058
2058
2056
2053
2052
2051
2057
2068
2082
2097
2099
2094
2078
2055
2037
2023
2016
2014
2009
2001
1991
1981
1976
1975
1980
1988
1998
2008
2016
2024
2030
2033
2035
2035
2035
2035
2036
2037
2038
2040
2042
2044
2047
2051
2056
2061
2066
2071
2072
2071
2069
2067
2066
2066
2064
2062
2060
2057
2058
2061
2066
2071
2072
2070
2066
2059
2053
2048
2043
2039
2037
2035
2036
2039
2043
2046
2048
2048
2048
2048
2048
2049
2050
2050
2049
2046
2044
2042
2042
2042
2042
2042
2044
2047
2049
2052
2054
2056
2058
2060
2061
2063
2063
2061
2060
2060
2061
2063
2064
2064
2062
2059
2057
2055
2056
2059
2068
2080
2094
2109
2115
2113
2100
2080
2065
2052
2046
2045
2040
2032
2023
2012
2010
2014
2025
2040
2055
2070
2083
2095
2101
2104
2099
2091
2082
2074
2066
2059
2050
2040
2031
2022
2017
2014
2013
2011
2011
2011
2016
2023
2032
2042
2051
2060
2068
2076
2083
2088
2091
2093
2091
2088
2080
2069
2054
2036
2019
2001
1988
1978
1972
1969
1972
1979
1990
2003
2017
2031
2042
2052
2059
2065
2070
2073
2073
2070
2062
2052
2042
2033
2028
2026
2027
2029
2032
2036
2042
2050
2058
2066
2070
2072
2071
2069
2069
2069
2068
2067
2063
2057
2051
2044
2040
2037
2040
2046
2059
2076
2094
2114
2122
2124
2113
2094
2073
2050
2029
2009
1990
1972
1960
1952
1954
1963
1977
1995
2013
2032
2049
2064
2073
2076
2076
2073
2073
2076
2078
2081
2083
2084
2088
2093
2097
2102
2100
2095
2087
2078
2073
2071
2072
2074
2073
2071
2069
2066
2063
2061
2060
2058
2055
2050
2042
2032
2019
2004
1989
1975
1963
1953
1946
1940
1935
1931
1928
1925
1922
1919
1918
1918
1917
1916
1915
1913
1912
1912
1913
1916
1919
1922
1927
1932
1940
1948
1960
1975
1993
2014
2036
2059
2084
2110
2136
2163
2186
2207
2223
2235
2245
2254
2262
2270
2277
2285
2291
2296
2291
2281
2258
2227
2194
2161
2135
2112
2091
2070
2049
2029
2017
2009
2010
2015
2021
2028
2032
2035
2035
2032
2028
2021
2015
2010
2006
2004
2003
2002
2002
2004
2008
2013
2017
2022
2024
2025
2026
2027
2028
2030
2029
2027
2024
2019
2018
2019
2022
2027
2030
2032
2031
2029
2026
2022
2017
2012
2007
2003
2002
2003
2007
2012
2018
2025
2030
2035
2037
2037
2035
2033
2032
2031
2031
2031
2032
2032
2032
2032
2031
2031
2031
2031
2033
2036
2041
2046
2051
2056
2060
2063
2065
2065
2064
2062
2061
2060
2060
2060
2058
2055
2050
2045
2039
2034
2035
2040
2052
2070
2086
2099
2097
2085
2066
2041
2025
2013
2006
2002
1993
1980
1969
1959
1959
1964
1974
1987
1999
2009
2018
2026
2031
2034
2036
2036
2037
2037
2037
2039
2040
2042
2044
2047
2049
2052
2054
2056
2058
2060
2062
2065
2068
2070
2070
2069
2068
2066
2066
2066
2067
2067
2067
2066
2063
2060
2054
2047
2040
2032
2028
2025
2025
2028
2031
2036
2041
2047
2051
2054
2055
2054
2052
2049
2047
2045
2043
2040
2036
2032
2030
2029
2029
2031
2033
2036
2041
2046
2052
2059
2066
2074
2078
2081
2081
2078
2074
2069
2064
2060
2056
2051
2046
2041
2036
2031
2029
2029
2033
2041
2055
2075
2092
2108
2111
2104
2088
2066
2051
2039
2031
2026
2014
1999
1985
1970
1965
1967
1974
1986
1997
2007
2015
2023
2029
2034
2038
2040
2041
2043
2044
2046
2047
2048
2049
2049
2051
2053
2054
2055
2055
2055
2056
2059
2062
2065
2068
2071
2074
2077
2079
2082
2086
2090
2093
2096
2095
2093
2089
2083
2078
2073
2071
2071
2073
2076
2083
2091
2100
2109
2114
2117
2115
2110
2102
2092
2080
2066
2051
2036
2024
2013
2005
1999
1997
1999
2006
2016
2027
2040
2051
2063
2074
2084
2090
2093
2091
2086
2078
2069
2060
2050
2039
2027
2016
2005
1997
1992
1990
1990
1999
2013
2036
2064
2085
2103
2105
2098
2086
2071
2056
2041
2022
2001
1978
1955
1940
1931
1931
1938
1949
1963
1979
1995
2009
2021
2029
2035
2043
2053
2063
2073
2080
2084
2085
2085
2084
2082
2078
2073
2067
2060
2056
2054
2056
2061
2065
2070
2073
2076
2079
2084
2089
2095
2098
2099
2096
2090
2081
2071
2060
2048
2038
2029
2025
2023
2024
2027
2032
2037
2043
2050
2057
2065
2072
2078
2082
2084
2083
2081
2078
2073
2069
2066
2064
2064
2064
2065
2067
2070
2074
2079
2081
2082
2082
2082
2083
2086
2086
2086
2080
2071
2063
2055
2050
2048
2049
2051
2056
2064
2069
2074
2065
2048
2019
1981
1944
1908
1876
1848
1825
1804
1792
1787
1792
1804
1819
1837
1852
1864
1871
1874
1876
1877
1881
1887
1897
1910
1923
1938
1955
1973
1996
2021
2046
2071
2095
2117
2138
2159
2181
2203
2225
2247
2267
2285
2299
2311
2317
2319
2313
2303
2287
2266
2243
2218
2194
2171
2150
2132
2118
2106
2099
2096
2095
2095
2096
2096
2094
2091
2087
2081
2074
2066
2059
2051
2043
2033
2023
2011
2000
1990
1983
1978
1976
1976
1981
1989
1998
2010
2021
2031
2040
2049
2056
2062
2064
2062
2056
2046
2034
2020
2005
1990
1983
1981
1993
2013
2035
2056
2062
2057
2045
2027
2018
2013
2012
2012
2005
1995
1983
1970
1962
1959
1961
1966
1973
1983
1991
1998
2002
2004
2006
2009
2016
2025
2034
2043
2049
2053
2057
2062
2066
2069
2070
2069
2065
2060
2057
2054
2052
2051
2048
2043
2039
2035
2035
2037
2042
2050
2055
2059
2060
2058
2055
2050
2045
2040
2035
2030
2027
2024
2024
2026
2029
2033
2035
2037
2038
2038
2038
2038
2038
2039
2040
2042
2044
2047
2048
2048
2047
2044
2042
2041
2042
2045
2047
2049
2051
2054
2058
2061
2062
2061
2059
2057
2058
2060
2062
2064
2063
2060
2057
2053
2050
2048
2051
2056
2066
2078
2084
2086
2076
2058
2041
2025
2017
2014
2011
2008
2000
1988
1978
1970
1968
1971
1980
1993
2006
2019
2028
2033
2035
2035
2035
2035
2037
2040
2041
2042
2044
2047
2050
2055
2059
2063
2065
2066
2066
2065
2064
2062
2062
2062
2063
2065
2067
2070
2071
2072
2072
2071
2069
2067
2064
2060
2055
2050
2046
2042
2039
2036
2035
2034
2036
2040
2046
2054
2061
2068
2072
2075
2077
2077
2076
2074
2073
2073
2072
2072
2070
2068
2068
2069
2072
2076
2080
2083
2086
2089
2091
2093
2093
2091
2089
2087
2088
2091
2096
2103
2107
2109
2107
2104
2096
2085
2071
2056
2044
2035
2030
2027
2021
2011
2001
1990
1990
1998
2014
2035
2050
2061
2064
2061
2058
2055
2053
2052
2048
2041
2030
2016
2000
1983
1968
1954
1945
1939
1938
1940
1947
1957
1971
1989
2010
2033
2053
2072
2086
2096
2101
2103
2099
2091
2081
2068
2055
2043
2034
2026
2024
2024
2028
2033
2040
2048
2055
2062
2068
2074
2078
2081
2082
2081
2079
2076
2073
2070
2066
2061
2057
2053
2050
2047
2047
2047
2049
2052
2057
2062
2068
2075
2081
2086
2090
2093
2095
2095
2094
2092
2088
2083
2077
2071
2068
2068
2068
2068
2066
2062
2060
2060
2065
2074
2087
2102
2117
2132
2141
2145
2134
2113
2084
2049
2019
1991
1970
1952
1938
1926
1925
1930
1946
1970
1996
2024
2045
2063
2072
2077
2078
2076
2074
2072
2071
2071
2071
2072
2073
2073
2071
2066
2057
2045
2032
2017
2005
1994
1984
1974
1964
1953
1941
1929
1919
1911
1904
1898
1889
1877
1861
1841
1821
1800
1782
1767
1756
1748
1746
1748
1756
1768
1784
1802
1821
1839
1860
1883
1913
1949
1994
2045
2098
2152
2207
2261
2315
2369
2416
2460
2493
2519
2532
2537
2529
2513
2489
2460
2428
2395
2357
2316
2271
2224
2182
2144
2118
2101
2096
2099
2108
2121
2128
2131
2120
2101
2077
2049
2024
2001
1976
1951
1925
1899
1880
1867
1862
1862
1865
1872
1883
1898
1916
1936
1955
1973
1988
2001
2011
2019
2024
2027
2025
2022
2018
2013
2008
2003
1999
1994
1993
1995
2002
2012
2024
2037
2047
2055
2060
2064
2067
2070
2069
2067
2060
2050
2037
2022
2008
1993
1982
1972
1969
1969
1975
1985
1999
2014
2028
2041
2050
2056
2060
2062
2063
2063
2062
2059
2054
2047
2039
2031
2024
2019
2018
2018
2022
2028
2037
2047
2058
2069
2076
2079
2077
2072
2067
2062
2060
2058
2055
2051
2044
2034
2025
2015
2010
2007
2013
2024
2039
2055
2062
2063
2054
2038
2025
2015
2009
2007
2002
1994
1984
1974
1973
1978
1988
2003
2016
2029
2040
2048
2053
2056
2055
2051
2045
2037
2029
2022
2019
2017
2019
2022
2028
2036
2043
2051
2058
2064
2069
2074
2076
2078
2078
2077
2075
2072
2072
2072
2072
2072
2070
2067
2060
2052
2044
2036
2030
2025
2023
2023
2025
2028
2034
2042
2049
2057
2062
2067
2068
2068
2065
2060
2055
2050
2044
2039
2032
2024
2018
2013
2011
2013
2017
2024
2031
2039
2046
2054
2062
2069
2071
2071
2069
2067
2068
2071
2072
2072
2069
2066
2063
2060
2061
2064
2071
2080
2090
2102
2105
2102
2089
2071
2057
2047
2045
2049
2050
2048
2043
2035
2035
2038
2046
2058
2068
2076
2082
2086
2085
2080
2071
2058
2048
2041
2040
2043
2046
2049
2049
2047
2045
2042
2036
2028
2021
2016
2018
2026
2039
2055
2071
2086
2099
2111
2121
2129
2135
2138
2139
2139
2135
2130
2121
2109
2096
2082
2068
2053
2037
2021
2005
1990
1977
1967
1959
1953
1950
1949
1951
1956
1964
1974
1986
1999
2011
2021
2029
2036
2041
2045
2047
2047
2046
2043
2041
2041
2042
2044
2044
2044
2044
2046
2052
2060
2069
2078
2084
2089
2091
2093
2095
2098
2105
2115
2127
2141
2146
2144
2128
2103
2076
2047
2023
2003
1985
1968
1954
1941
1940
1945
1959
1979
2000
2023
2041
2056
2063
2064
2061
2054
2050
2047
2048
2051
2056
2061
2069
2079
2089
2099
2102
2100
2094
2086
2083
2083
2086
2089
2088
2085
2082
2079
2080
2083
2086
2089
2089
2087
2083
2078
2070
2060
2051
2042
2036
2031
2028
2025
2020
2015
2010
2005
1999
1991
1982
1971
1960
1950
1941
1931
1920
1907
1893
1880
1867
1855
1844
1833
1824
1816
1809
1803
1798
1795
1798
1806
1819
1836
1847
1855
1860
1863
1879
1902
1943
1994
2053
2117
2179
2240
2292
2340
2376
2404
2420
2428
2427
2420
2405
2385
2360
2333
2308
2284
2262
2241
2219
2197
2174
2151
2130
2111
2098
2089
2085
2085
2086
2089
2093
2099
2105
2112
2112
2107
2096
2080
2061
2041
2022
2004
1986
1969
1955
1942
1935
1932
1937
1947
1963
1984
2004
2024
2037
2045
2047
2044
2037
2027
2014
1999
1986
1974
1967
1962
1962
1965
1970
1978
1987
1998
2009
2021
2031
2040
2047
2053
2056
2058
2055
2050
2042
2034
2026
2018
2011
2005
2001
1998
1998
2000
2006
2016
2027
2040
2051
2059
2061
2059
2054
2046
2043
2043
2051
2064
2074
2082
2077
2065
2050
2032
2020
2012
2007
2003
1995
1985
1977
1969
1968
1971
1979
1989
1999
2010
2020
2028
2032
2033
2030
2025
2020
2015
2015
2018
2022
2028
2034
2039
2044
2048
2050
2052
2053
2053
2054
2055
2055
2053
2050
2045
2042
2039
2039
2042
2046
2051
2054
2056
2055
2052
2047
2041
2035
2029
2023
2018
2015
2013
2013
2014
2016
2019
2023
2027
2031
2036
2040
2043
2046
2049
2053
2058
2062
2067
2070
2073
2076
2079
2082
2087
2095
2105
2115
2126
2134
2139
2140
2140
2141
2143
2146
2151
2153
2154
2153
2150
2149
2149
2154
2161
2170
2181
2186
2188
2179
2163
2141
2116
2091
2066
2038
2009
1977
1944
1918
1896
1885
1881
1886
1897
1913
1933
1953
1974
1992
2008
2020
2030
2036
2041
2042
2040
2034
2024
2014
2003
1994
1986
1978
1970
1962
1954
1949
1947
1950
1957
1967
1979
1992
2007
2023
2040
2056
2071
2082
2090
2092
2089
2080
2067
2055
2042
2033
2027
2024
2023
2024
2027
2033
2040
2049
2059
2068
2078
2086
2093
2097
2100
2099
2096
2093
2088
2085
2082
2080
2078
2077
2076
2075
2073
2071
2068
2066
2064
2065
2068
2070
2072
2069
2064
2060
2057
2057
2060
2066
2073
2083
2096
2108
2118
2117
2107
2089
2066
2045
2027
2012
2000
1989
1978
1975
1977
1990
2011
2034
2059
2077
2091
2098
2101
2099
2094
2088
2083
2081
2081
2084
2088
2093
2099
2107
2117
2124
2129
2129
2124
2117
2107
2098
2090
2080
2070
2059
2047
2036
2025
2015
2007
1998
1989
1977
1964
1947
1928
1909
1891
1876
1863
1851
1840
1829
1817
1807
1799
1792
1787
1781
1776
1776
1779
1790
1806
1827
1852
1874
1894
1905
1910
1912
1911
1920
1936
1966
2006
2053
2106
2163
2224
2286
2350
2405
2455
2490
2515
2528
2533
2528
2518
2501
2478
2449
2416
2371
2320
2260
2194
2134
2078
2036
2003
1982
1969
1966
1971
1984
2003
2021
2039
2053
2063
2070
2074
2069
2058
2037
2009
1980
1950
1926
1905
1891
1882
1884
1893
1911
1936
1962
1988
2012
2033
2052
2068
2078
2084
2081
2071
2054
2033
2010
1987
1970
1958
1954
1956
1961
1969
1978
1988
1998
2009
2020
2031
2041
2049
2055
2060
2060
2058
2052
2042
2031
2019
2009
1999
1992
1987
1985
1984
1987
1992
2002
2014
2027
2041
2053
2065
2075
2083
2087
2088
2083
2074
2065
2056
2051
2048
2045
2042
2036
2028
2024
2021
2024
2029
2041
2056
2077
2100
2115
2125
2119
2104
2085
2065
2050
2039
2025
2010
1992
1971
1958
1950
1953
1962
1973
1986
1998
2009
2018
2026
2031
2034
2036
2037
2037
2036
2034
2031
2029
2026
2026
2026
2029
2032
2037
2043
2049
2055
2061
2068
2074
2079
2082
2083
2081
2077
2074
2071
2069
2068
2065
2062
2056
2049
2043
2037
2033
2030
2029
2029
2033
2038
2043
2050
2055
2060
2062
2064
2064
2062
2058
2053
2047
2042
2037
2034
2030
2027
2024
2021
2023
2026
2032
2040
2048
2056
2062
2067
2067
2064
2060
2054
2051
2051
2053
2056
2058
2058
2057
2054
2052
2051
2055
2062
2071
2083
2088
2088
2079
2064
2051
2039
2033
2030
2026
2019
2010
2000
1994
1991
1995
2003
2013
2023
2034
2044
2050
2054
2053
2050
2047
2044
2045
2048
2051
2056
2062
2069
2078
2088
2099
2109
2116
2121
2123
2123
2124
2125
2128
2132
2134
2136
2133
2128
2118
2106
2092
2076
2059
2043
2029
2016
2006
1998
1993
1990
1992
1997
2006
2019
2034
2050
2064
2077
2088
2097
2101
2101
2095
2085
2073
2058
2045
2032
2020
2009
1998
1986
1976
1968
1964
1964
1967
1974
1982
1990
1998
2005
2013
2022
2032
2044
2052
2059
2061
2059
2056
2052
2050
2049
2055
2065
2079
2095
2104
2108
2101
2086
2070
2054
2041
2031
2021
2009
1999
1990
1987
1988
1994
2004
2015
2028
2039
2049
2055
2058
2057
2054
2053
2054
2057
2061
2064
2067
2072
2079
2085
2091
2092
2090
2086
2081
2078
2076
2075
2075
2073
2070
2068
2065
2064
2064
2066
2070
2075
2080
2080
2078
2073
2065
2059
2052
2047
2044
2043
2043
2045
2049
2054
2059
2063
2067
2071
2075
2078
2080
2079
2077
2075
2072
2069
2066
2062
2057
2052
2046
2040
2035
2030
2024
2017
2009
2001
1994
1989
1985
1978
1970
1957
1942
1927
1913
1907
1906
1910
1918
1924
1927
1923
1913
1898
1878
1858
1838
1821
1807
1798
1793
1795
1802
1822
1851
1894
1947
2004
2064
2118
2167
2207
2241
2270
2296
2319
2340
2355
2367
2370
2367
2358
2345
2329
2312
2292
2270
2245
2218
2192
2167
2145
2126
2111
2098
2090
2084
2080
2077
2074
2071
2067
2063
2057
2050
2041
2029
2016
2001
1988
1975
1964
1954
1949
1947
1950
1955
1961
1969
1978
1986
1995
2003
2011
2019
2026
2031
2034
2036
2034
2030
2023
2014
2008
2003
2004
2007
2012
2017
2021
2025
2031
2039
2049
2059
2065
2069
2068
2064
2057
2049
2042
2036
2038
2046
2058
2073
2076
2072
2056
2033
2015
2001
1996
1996
1992
1987
1979
1970
1968
1970
1977
1987
1997
2006
2014
2021
2024
2024
2019
2012
2007
2003
2004
2008
2013
2020
2027
2035
2044
2054
2063
2071
2077
2081
2083
2083
2082
2079
2074
2067
2059
2051
2044
2038
2036
2036
2038
2043
2048
2053
2055
2057
2056
2054
2051
2048
2044
2040
2038
2037
2037
2038
2039
2039
2038
2036
2035
2034
2034
2034
2035
2036
2038
2040
2042
2045
2047
2049
2050
2050
2051
2051
2052
2053
2054
2055
2055
2055
2055
2055
2056
2058
2060
2063
2064
2065
2064
2061
2058
2055
2057
2062
2071
2084
2090
2090
2079
2059
2041
2023
2013
2010
2005
1998
1987
1973
1965
1962
1968
1981
1994
2009
2020
2028
2033
2036
2036
2034
2030
2025
2022
2020
2022
2026
2032
2039
2047
2055
2064
2072
2078
2081
2082
2082
2081
2079
2078
2077
2074
2071
2067
2062
2061
2061
2062
2065
2065
2064
2060
2055
2051
2046
2043
2041
2040
2038
2038
2038
2039
2042
2045
2048
2049
2049
2048
2048
2047
2046
2044
2042
2042
2042
2044
2047
2050
2052
2053
2054
2057
2060
2063
2066
2068
2070
2071
2072
2071
2068
2064
2058
2054
2051
2050
2051
2052
2052
2051
2050
2050
2051
2055
2062
2071
2082
2087
2089
2080
2065
2049
2033
2024
2020
2016
2012
2004
1992
1984
1979
1981
1989
1999
2012
2023
2034
2044
2052
2060
2067
2072
2076
2079
2082
2085
2088
2093
2098
2104
2111
2118
2125
2130
2133
2132
2128
2121
2111
2102
2092
2082
2072
2063
2055
2052
2052
2057
2065
2073
2080
2082
2082
2078
2073
2066
2058
2048
2036
2026
2016
2009
2002
1996
1991
1986
1982
1981
1983
1985
1987
1988
1988
1990
1992
1996
2001
2009
2017
2026
2036
2044
2052
2057
2062
2064
2066
2065
2063
2058
2050
2044
2038
2036
2036
2038
2040
2043
2048
2055
2064
2075
2088
2103
2120
2137
2155
2161
2159
2143
2117
2088
2057
2031
2008
1987
1967
1954
1944
1946
1956
1973
1996
2019
2042
2060
2074
2080
2080
2074
2064
2056
2048
2043
2038
2035
2032
2034
2037
2041
2045
2043
2037
2030
2022
2020
2023
2027
2033
2036
2037
2039
2041
2045
2052
2058
2065
2069
2071
2071
2070
2066
2061
2056
2051
2050
2050
2054
2059
2065
2071
2078
2085
2092
2099
2105
2110
2114
2118
2121
2124
2123
2120
2116
2111
2109
2109
2108
2107
2105
2102
2101
2099
2096
2093
2088
2081
2075
2070
2063
2054
2038
2017
1995
1972
1957
1946
1940
1937
1935
1934
1930
1923
1904
1878
1841
1797
1756
1718
1689
1666
1650
1640
1641
1651
1672
1701
1733
1767
1799
1830
1861
1893
1930
1971
2019
2071
2126
2182
2233
2281
2325
2366
2403
2439
2468
2493
2505
2509
2501
2485
2463
2437
2407
2376
2341
2304
2266
2227
2191
2158
2131
2107
2088
2073
2061
2051
2044
2038
2032
2027
2022
2017
2009
2001
1989
1976
1962
1947
1937
1930
1927
1927
1930
1935
1943
1953
1965
1979
1993
2006
2015
2022
2025
2025
2023
2020
2018
2016
2014
2011
2009
2007
2010
2015
2021
2029
2034
2037
2037
2034
2032
2029
2033
2040
2054
2074
2088
2098
2092
2074
2050
2022
2002
1987
1977
1970
1961
1951
1944
1941
1945
1954
1966
1981
1995
2010
2022
2032
2037
2038
2035
2030
2026
2023
2020
2018
2019
2021
2026
2034
2041
2048
2053
2057
2062
2067
2072
2078
2081
2083
2080
2075
2068
2060
2054
2050
2049
2050
2051
2051
2048
2043
2038
2033
2028
2025
2023
2022
2022
2024
2027
2032
2036
2041
2043
2044
2044
2042
2039
2036
2031
2026
2023
2020
2021
2024
2027
2032
2037
2042
2047
2052
2055
2058
2061
2064
2066
2066
2063
2058
2054
2050
2049
2050
2051
2051
2049
2046
2044
2041
2040
2041
2049
2062
2079
2098
2107
2109
2096
2075
2055
2037
2027
2022
2016
2008
1995
1980
1972
1967
1971
1980
1991
2004
2016
2028
2037
2044
2047
2047
2045
2042
2040
2040
2041
2043
2046
2049
2053
2057
2062
2067
2071
2074
2076
2076
2076
2074
2073
2071
2070
2068
2067
2067
2067
2067
2068
2068
2068
2066
2063
2059
2055
2050
2046
2043
2040
2038
2037
2036
2036
2036
2035
2035
2034
2033
2032
2031
2030
2029
2027
2025
2024
2024
2026
2029
2034
2039
2045
2050
2054
2058
2063
2068
2074
2079
2082
2083
2080
2075
2070
2065
2064
2064
2063
2062
2061
2059
2059
2059
2062
2065
2073
2083
2094
2106
2109
2106
2093
2075
2060
2047
2043
2043
2039
2034
2026
2016
2012
2012
2017
2026
2035
2045
2053
2061
2067
2070
2071
2071
2071
2071
2071
2071
2068
2064
2059
2052
2045
2038
2032
2026
2024
2024
2029
2037
2048
2061
2074
2087
2100
2113
2123
2131
2134
2134
2130
2125
2116
2104
2088
2068
2049
2030
2013
1998
1986
1974
1966
1961
1960
1963
1968
1975
1983
1992
2003
2016
2028
2040
2049
2056
2059
2060
2057
2052
2046
2039
2034
2029
2026
2023
2022
2022
2024
2027
2032
2037
2043
2051
2061
2073
2083
2091
2094
2094
2092
2089
2087
2087
2089
2094
2102
2114
2122
2127
2119
2103
2081
2055
2033
2014
1997
1981
1966
1951
1946
1948
1959
1977
1997
2017
2034
2048
2055
2058
2056
2051
2046
2043
2043
2045
2048
2052
2058
2065
2074
2084
2090
2094
2093
2089
2087
2086
2088
2091
2093
2093
2091
2088
2089
2092
2095
2099
2100
2100
2097
2094
2088
2080
2071
2061
2052
2045
2040
2035
2030
2025
2019
2014
2010
2006
2000
1992
1984
1976
1969
1963
1954
1944
1931
1916
1903
1890
1879
1868
1859
1851
1846
1843
1840
1837
1837
1837
1843
1852
1862
1874
1882
1887
1895
1905
1924
1949
1985
2026
2072
2121
2167
2210
2245
2273
2294
2309
2318
2323
2321
2315
2305
2293
2281
2269
2255
2240
2225
2210
2197
2184
2170
2155
2139
2123
2113
2106
2104
2106
2107
2107
2108
2108
2107
2106
2100
2091
2077
2061
2045
2030
2017
2004
1992
1980
1972
1965
1964
1967
1973
1982
1992
2002
2009
2014
2014
2012
2009
2004
2001
1998
1996
1994
1993
1993
1991
1989
1989
1990
1995
2003
2012
2022
2030
2036
2040
2042
2042
2041
2039
2036
2032
2029
2028
2028
2029
2032
2036
2041
2044
2046
2047
2047
2047
2048
2051
2054
2056
2057
2054
2049
2043
2035
2032
2032
2039
2051
2063
2075
2075
2067
2051
2030
2014
2002
1997
1996
1991
1983
1972
1960
1955
1953
1959
1969
1980
1993
2006
2018
2026
2033
2035
2035
2033
2030
2028
2028
2029
2032
2038
2045
2052
2060
2066
2071
2076
2080
2082
2083
2081
2078
2073
2066
2060
2053
2048
2045
2044
2044
2045
2047
2047
2045
2042
2039
2036
2033
2030
2027
2026
2026
2027
2030
2032
2035
2038
2041
2042
2043
2043
2043
2041
2039
2038
2038
2037
2035
2033
2030
2029
2029
2030
2033
2037
2043
2050
2058
2064
2068
2070
2070
2071
2074
2079
2084
2086
2088
2087
2085
2082
2077
2074
2072
2077
2085
2094
2102
2098
2086
2067
2042
2025
2013
2008
2006
2001
1993
1984
1974
1971
1972
1979
1990
2002
2015
2024
2032
2035
2036
2036
2034
2034
2034
2034
2036
2038
2040
2044
2049
2057
2066
2074
2082
2087
2090
2092
2094
2096
2099
2101
2104
2107
2110
2112
2115
2116
2118
2119
2119
2120
2121
2123
2125
2124
2122
2115
2105
2092
2076
2059
2041
2025
2010
1999
1989
1983
1978
1977
1977
1984
1994
2008
2025
2042
2060
2077
2093
2106
2116
2120
2120
2116
2109
2099
2086
2068
2046
2024
2001
1984
1972
1966
1963
1964
1966
1973
1983
1999
2019
2042
2067
2095
2126
2147
2163
2157
2137
2105
2065
2029
1994
1963
1934
1909
1886
1873
1868
1876
1894
1921
1952
1984
2017
2043
2065
2078
2086
2090
2091
2091
2089
2086
2082
2078
2074
2072
2072
2072
2072
2073
2073
2075
2078
2084
2091
2097
2102
2105
2105
2104
2102
2102
2103
2103
2102
2096
2088
2078
2066
2057
2049
2044
2041
2040
2042
2046
2051
2056
2062
2068
2073
2077
2080
2080
2079
2076
2071
2064
2055
2045
2034
2024
2014
2007
2001
1995
1990
1984
1977
1970
1963
1957
1952
1946
1941
1932
1922
1909
1893
1879
1866
1860
1858
1862
1870
1878
1886
1893
1899
1901
1901
1896
1888
1881
1876
1879
1887
1906
1932
1970
2014
2068
2128
2189
2250
2301
2346
2377
2400
2411
2414
2410
2400
2384
2364
2338
2308
2278
2247
2219
2193
2168
2143
2120
2097
2080
2067
2063
2063
2067
2073
2079
2086
2092
2097
2098
2098
2091
2081
2064
2043
2018
1990
1963
1938
1920
1907
1902
1904
1913
1928
1948
1971
1994
2016
2033
2046
2054
2057
2055
2050
2042
2031
2019
2006
1995
1983
1975
1968
1968
1973
1983
1998
2013
2028
2041
2054
2066
2079
2087
2094
2094
2090
2080
2067
2051
2034
2021
2010
2010
2018
2031
2047
2053
2053
2044
2029
2020
2014
2013
2016
2013
2008
2000
1990
1983
1978
1978
1981
1987
1994
2001
2008
2012
2015
2016
2015
2014
2013
2015
2018
2024
2032
2039
2047
2055
2062
2067
2071
2073
2073
2072
2069
2065
2061
2056
2051
2046
2041
2040
2041
2046
2054
2061
2069
2072
2072
2069
2063
2057
2050
2045
2041
2038
2035
2032
2029
2029
2031
2034
2037
2039
2040
2039
2037
2036
2035
2035
2035
2036
2038
2040
2043
2046
2049
2050
2050
2051
2053
2055
2058
2059
2059
2058
2056
2055
2055
2056
2058
2059
2060
2060
2058
2056
2053
2052
2053
2062
2075
2090
2105
2110
2107
2095
2077
2063
2053
2047
2044
2039
2031
2022
2012
2008
2008
2013
2023
2035
2048
2060
2071
2078
2083
2086
2088
2092
2097
2103
2108
2110
2111
2110
2107
2101
2091
2077
2061
2046
2032
2023
2017
2015
2016
2020
2027
2036
2046
2058
2070
2081
2092
2100
2106
2106
2102
2094
2082
2069
2055
2040
2025
2009
1994
1981
1971
1964
1961
1959
1959
1962
1968
1977
1989
2001
2014
2025
2035
2043
2051
2057
2062
2063
2062
2059
2055
2051
2048
2044
2040
2036
2031
2028
2025
2027
2032
2039
2048
2056
2064
2070
2074
2077
2079
2082
2086
2093
2101
2110
2118
2119
2114
2100
2079
2057
2034
2015
1999
1984
1969
1958
1950
1952
1961
1978
1999
2020
2040
2056
2069
2075
2078
2077
2072
2069
2066
2065
2065
2067
2069
2073
2078
2085
2092
2095
2095
2092
2087
2085
2084
2085
2088
2088
2086
2083
2078
2074
2071
2069
2067
2064
2059
2052
2042
2031
2018
2007
1997
1988
1981
1976
1971
1967
1962
1957
1952
1946
1940
1934
1927
1921
1914
1908
1902
1895
1887
1881
1874
1871
1870
1875
1883
1895
1908
1920
1930
1939
1947
1962
1982
2010
2043
2076
2110
2140
2166
2193
2221
2252
2285
2316
2346
2366
2381
2380
2370
2348
2318
2287
2255
2226
2198
2169
2140
2111
2082
2060
2042
2033
2028
2029
2033
2039
2047
2051
2054
2053
2050
2049
2048
2047
2045
2041
2034
2027
2020
2014
2009
2001
1993
1985
1978
1976
1977
1983
1991
1999
2007
2014
2020
2026
2033
2039
2045
2047
2047
2042
2035
2027
2017
2008
1999
1993
1989
1989
1991
1995
2001
2009
2017
2026
2035
2042
2049
2052
2052
2051
2049
2046
2042
2038
2033
2028
2023
2017
2012
2008
2005
2008
2015
2024
2034
2041
2046
2050
2053
2058
2063
2065
2065
2061
2054
2047
2040
2034
2027
2026
2029
2040
2058
2071
2083
2081
2070
2056
2041
2033
2030
2025
2018
2006
1991
1980
1973
1974
1979
1986
1996
2005
2014
2021
2028
2030
2029
2027
2024
2025
2028
2031
2035
2039
2043
2048
2055
2062
2069
2072
2074
2073
2070
2069
2069
2069
2069
2067
2064
2062
2059
2059
2060
2061
2063
2063
2061
2057
2052
2045
2037
2030
2022
2016
2011
2010
2010
2012
2016
2021
2027
2033
2038
2041
2044
2046
2048
2048
2046
2045
2044
2044
2045
2047
2049
2051
2054
2056
2058
2060
2063
2065
2068
2070
2070
2068
2065
2065
2065
2066
2068
2069
2069
2067
2065
2064
2063
2066
2071
2080
2093
2102
2107
2102
2089
2073
2056
2047
2042
2038
2035
2027
2016
2008
2003
2007
2017
2029
2043
2055
2066
2074
2081
2085
2087
2089
2092
2097
2104
2109
2114
2115
2113
2109
2104
2096
2086
2074
2059
2043
2027
2014
2004
1997
1992
1991
1993
1999
2007
2018
2031
2044
2057
2070
2083
2091
2096
2093
2085
2072
2057
2040
2024
2008
1992
1978
1965
1957
1952
1951
1954
1960
1968
1980
1994
2009
2025
2039
2052
2061
2069
2073
2076
2075
2073
2069
2064
2058
2052
2046
2041
2037
2033
2033
2035
2042
2053
2064
2075
2083
2088
2092
2095
2096
2097
2099
2101
2105
2112
2115
2117
2107
2089
2066
2038
2015
1995
1978
1963
1951
1940
1938
1941
1955
1976
2000
2025
2045
2063
2073
2078
2077
2074
2071
2068
2068
2069
2071
2074
2081
2089
2098
2108
2112
2112
2109
2103
2099
2096
2095
2095
2093
2090
2086
2082
2079
2077
2076
2075
2073
2070
2065
2058
2049
2037
2026
2014
2004
1996
1988
1980
1972
1964
1958
1953
1947
1941
1934
1926
1918
1911
1905
1900
1894
1888
1880
1872
1865
1860
1860
1865
1877
1895
1913
1933
1947
1958
1965
1970
1975
1980
1988
1998
2012
2030
2055
2085
2122
2165
2212
2263
2312
2360
2394
2420
2427
2420
2400
2372
2338
2300
2260
2219
2177
2135
2099
2066
2042
2022
2012
2007
2010
2018
2028
2040
2051
2061
2070
2078
2084
2088
2086
2081
2071
2059
2046
2031
2015
1997
1980
1963
1952
1944
1943
1947
1955
1966
1980
1995
2011
2029
2046
2061
2071
2077
2076
2070
2057
2040
2021
2000
1983
1968
1961
1959
1963
1970
1981
1995
2011
2028
2043
2058
2068
2075
2077
2077
2073
2067
2058
2046
2035
2024
2015
2008
2003
2000
2000
2003
2010
2020
2030
2040
2050
2059
2068
2077
2082
2085
2083
2078
2069
2058
2046
2033
2024
2019
2023
2034
2046
2058
2057
2049
2037
2022
2016
2016
2016
2018
2012
2002
1992
1982
1978
1978
1983
1990
1997
2005
2012
2017
2021
2023
2024
2025
2027
2030
2033
2037
2041
2045
2050
2055
2060
2065
2070
2075
2077
2079
2078
2075
2070
2064
2058
2051
2047
2044
2044
2046
2049
2053
2057
2060
2062
2062
2062
2061
2058
2055
2051
2047
2044
2041
2040
2040
2041
2044
2045
2047
2046
2043
2041
2038
2038
2039
2041
2044
2045
2047
2048
2049
2050
2051
2052
2053
2055
2057
2058
2058
2054
2049
2043
2038
2038
2041
2046
2053
2058
2062
2064
2066
2068
2070
2075
2083
2094
2107
2113
2115
2105
2087
2070
2053
2044
2040
2037
2035
2028
2018
2011
2005
2007
2014
2025
2040
2054
2068
2078
2085
2087
2086
2082
2077
2071
2066
2060
2054
2047
2039
2035
2032
2032
2035
2039
2042
2045
2047
2051
2056
2062
2069
2072
2074
2074
2072
2072
2073
2073
2073
2068
2060
2053
2045
2038
2032
2025
2017
2011
2005
2002
2002
2004
2009
2014
2019
2025
2030
2035
2039
2041
