2072
2080
2088
2090
2092
2094
2096
2095
2093
2089
2086
2082
2078
2062
2044
2022
2000
2002
2007
2030
2055
2074
2091
2105
2118
2125
2132
2120
2106
2094
2082
2091
2104
2114
2123
2116
2107
2101
2095
2093
2091
2076
2059
2044
2030
2036
2044
2053
2061
2059
2056
2054
2053
2054
2056
2054
2051
2050
2050
2053
2058
2061
2064
2068
2072
2080
2088
2093
2096
2093
2088
2088
2088
2095
2103
2113
2122
2131
2140
2142
2143
2139
2133
2134
2136
2135
2134
2112
2088
2065
2042
2048
2059
2082
2107
2121
2134
2142
2149
2146
2143
2123
2100
2080
2061
2057
2055
2048
2041
2027
2012
2009
2007
2010
2013
2006
1998
1987
1975
1970
1967
1967
1967
1969
1971
1977
1983
1984
1984
1978
1970
1965
1960
1963
1968
1973
1978
1982
1986
1993
2001
2005
2007
2003
1997
1996
1996
2003
2011
2019
2026
2032
2039
2046
2053
2054
2054
2055
2056
2058
2060
2050
2037
2019
2000
1998
1998
2008
2021
2033
2045
2063
2081
2094
2106
2095
2081
2066
2051
2056
2063
2066
2069
2062
2053
2053
2055
2060
2065
2056
2046
2036
2026
2029
2034
2043
2053
2062
2071
2078
2085
2084
2082
2078
2073
2073
2073
2070
2068
2061
2053
2052
2052
2061
2071
2080
2088
2089
2089
2082
2074
2067
2059
2058
2058
2062
2068
2073
2079
2082
2085
2086
2086
2084
2082
2081
2080
2076
2072
2062
2050
2038
2026
2022
2020
2025
2032
2044
2058
2073
2088
2092
2094
2081
2066
2054
2044
2047
2053
2056
2058
2054
2048
2049
2051
2053
2055
2043
2029
2016
2002
2006
2012
2022
2032
2035
2036
2036
2035
2034
2033
2027
2020
2015
2010
2010
2010
2011
2011
2011
2011
2014
2017
2021
2024
2027
2029
2029
2028
2020
2011
2000
1990
1990
1991
2000
2009
2017
2024
2031
2039
2046
2054
2057
2059
2060
2060
2053
2045
2023
2000
1986
1974
1991
2012
2038
2066
2079
2090
2095
2100
2097
2094
2083
2071
2070
2071
2085
2100
2104
2105
2099
2091
2094
2097
2095
2093
2075
2055
2044
2035
2041
2049
2056
2062
2063
2063
2062
2062
2058
2053
2049
2046
2047
2048
2049
2049
2047
2045
2047
2049
2050
2051
2050
2049
2052
2057
2055
2053
2042
2029
2026
2024
2034
2046
2054
2062
2064
2064
2061
2057
2052
2047
2050
2053
2051
2049
2027
2002
1986
1972
1993
2020
2053
2086
2105
2121
2133
2145
2147
2147
2135
2121
2116
2112
2117
2123
2118
2111
2102
2092
2090
2089
2084
2078
2070
2061
2058
2057
2057
2057
2056
2055
2056
2058
2055
2051
2040
2028
2019
2011
2006
2002
1998
1994
1996
1999
2006
2013
2014
2014
2012
2010
2008
2007
2000
1993
1989
1986
1993
2001
2010
2018
2023
2027
2031
2036
2038
2040
2039
2037
2033
2030
2017
2003
1985
1965
1965
1967
1984
2004
2016
2026
2037
2048
2062
2077
2073
2066
2051
2034
2034
2037
2045
2054
2052
2048
2045
2042
2043
2044
2039
2033
2026
2018
2018
2019
2025
2032
2039
2047
2055
2062
2062
2062
2058
2053
2049
2045
2039
2033
2032
2031
2039
2049
2058
2067
2066
2064
2060
2057
2060
2063
2064
2065
2060
2053
2050
2047
2050
2053
2057
2062
2067
2073
2077
2081
2082
2082
2082
2083
2085
2087
2081
2073
2057
2041
2032
2025
2026
2028
2035
2042
2058
2076
2091
2106
2098
2088
2071
2054
2053
2054
2056
2058
2050
2041
2040
2041
2051
2063
2059
2052
2035
2016
2013
2012
2022
2034
2041
2048
2052
2056
2062
2069
2070
2070
2064
2057
2052
2046
2045
2044
2046
2048
2052
2057
2059
2061
2059
2056
2056
2057
2060
2063
2055
2045
2030
2015
2010
2007
2012
2018
2022
2027
2031
2035
2035
2034
2027
2019
2016
2014
2013
2013
1999
1983
1966
1950
1953
1959
1975
1993
2012
2030
2049
2067
2067
2064
2044
2021
2017
2016
2032
2050
2055
2058
2055
2052
2059
2068
2069
2068
2054
2038
2034
2033
2042
2053
2058
2061
2062
2063
2065
2067
2064
2059
2055
2050
2050
2051
2051
2050
2050
2051
2060
2069
2077
2085
2085
2083
2079
2075
2074
2074
2072
2071
2065
2059
2055
2052
2057
2063
2072
2082
2086
2089
2085
2080
2078
2076
2078
2081
2074
2066
2042
2017
1999
1983
1992
2005
2029
2056
2079
2101
2118
2135
2139
2141
2125
2107
2096
2086
2093
2103
2106
2107
2099
2090
2087
2085
2082
2079
2067
2054
2048
2043
2047
2053
2054
2054
2053
2052
2054
2056
2053
2049
2040
2030
2025
2021
2019
2018
2016
2015
2018
2023
2030
2037
2035
2032
2022
2012
2006
2000
1999
1998
1994
1991
1991
1991
1997
2004
2010
2017
2021
2024
2024
2024
2020
2015
2015
2015
2015
2016
2003
1988
1968
1948
1951
1958
1977
1998
2014
2029
2045
2062
2074
2086
2075
2061
2046
2031
2033
2039
2046
2054
2051
2047
2046
2045
2045
2046
2041
2034
2028
2021
2020
2020
2024
2030
2040
2050
2057
2064
2060
2054
2046
2038
2035
2034
2035
2037
2040
2042
2048
2055
2062
2070
2071
2071
2068
2065
2063
2061
2061
2061
2061
2061
2064
2066
2065
2064
2057
2049
2045
2042
2044
2046
2048
2050
2058
2066
2078
2090
2092
2092
2089
2085
2083
2081
2068
2053
2033
2011
2006
2003
2011
2020
2029
2038
2054
2071
2087
2102
2094
2084
2066
2048
2046
2046
2053
2060
2061
2061
2063
2065
2066
2066
2057
2045
2033
2020
2017
2016
2021
2028
2035
2043
2047
2050
2049
2048
2045
2043
2042
2042
2041
2040
2039
2039
2041
2044
2051
2059
2068
2077
2081
2084
2079
2073
2068
2063
2061
2060
2055
2050
2047
2045
2050
2056
2058
2060
2054
2047
2045
2044
2048
2054
2059
2064
2068
2071
2071
2070
2067
2064
2067
2071
2068
2065
2045
2022
2002
1983
1986
1992
2004
2018
2026
2034
2038
2040
2033
2025
2011
1996
1991
1988
1991
1995
1992
1989
1984
1978
1981
1984
1987
1989
1979
1967
1956
1944
1949
1957
1974
1992
2005
2018
2026
2033
2037
2040
2043
2046
2048
2049
2050
2050
2051
2052
2059
2067
2075
2082
2082
2082
2078
2073
2067
2060
2054
2048
2048
2049
2053
2056
2057
2058
2062
2065
2069
2074
2076
2077
2079
2081
2079
2076
2070
2063
2063
2063
2055
2046
2017
1985
1967
1952
1972
1999
2030
2061
2078
2093
2102
2110
2107
2101
2085
2068
2063
2061
2066
2073
2070
2066
2063
2061
2062
2063
2054
2043
2029
2015
2012
2011
2011
2012
2016
2020
2030
2040
2041
2041
2031
2019
2017
2016
2021
2028
2029
2030
2037
2045
2055
2067
2068
2067
2062
2056
2056
2056
2056
2055
2053
2052
2058
2065
2074
2083
2091
2098
2104
2110
2111
2111
2108
2105
2100
2095
2079
2062
2040
2017
2019
2024
2049
2077
2099
2121
2134
2147
2153
2158
2146
2132
2113
2093
2085
2079
2075
2070
2059
2047
2041
2035
2034
2034
2027
2019
2010
2001
1996
1991
1989
1987
1990
1993
1997
2001
1997
1991
1984
1977
1977
1977
1976
1976
1977
1979
1989
1999
2007
2015
2017
2018
2019
2019
2016
2011
2004
1996
1999
2002
2012
2022
2028
2033
2039
2045
2051
2058
2059
2059
2060
2060
2054
2048
2028
2006
1991
1976
1984
1994
2006
2019
2029
2038
2056
2074
2082
2088
2074
2057
2050
2045
2056
2070
2071
2071
2061
2051
2051
2052
2056
2059
2052
2043
2034
2026
2028
2032
2039
2047
2052
2056
2057
2058
2059
2059
2057
2055
2052
2050
2047
2045
2046
2047
2054
2062
2069
2075
2074
2073
2073
2074
2078
2082
2076
2068
2057
2046
2048
2052
2060
2068
2073
2078
2085
2092
2095
2097
2091
2084
2083
2083
2082
2081
2066
2049
2033
2018
2021
2027
2039
2052
2064
2077
2088
2099
2096
2091
2077
2061
2058
2057
2065
2075
2075
2073
2066
2058
2056
2056
2053
2050
2040
2029
2022
2015
2018
2021
2031
2041
2049
2057
2058
2058
2054
2051
2048
2045
2041
2037
2036
2035
2040
2046
2050
2053
2054
2054
2057
2059
2059
2059
2054
2049
2045
2042
2035
2027
2020
2012
2014
2017
2022
2028
2025
2020
2020
2020
2024
2029
2026
2021
2018
2015
2014
2013
1997
1980
1962
1945
1950
1959
1977
1996
2011
2025
2039
2054
2054
2052
2036
2018
2016
2016
2030
2045
2050
2053
2054
2054
2060
2068
2063
2057
2044
2029
2028
2028
2036
2044
2053
2061
2072
2084
2085
2085
2072
2058
2054
2051
2056
2063
2062
2061
2060
2059
2063
2068
2069
2070
2069
2067
2066
2065
2060
2054
2049
2044
2044
2044
2041
2038
2037
2037
2046
2056
2062
2067
2064
2061
2063
2066
2067
2067
2061
2054
2052
2050
2036
2021
1991
1959
1951
1947
1978
2014
2044
2074
2090
2104
2118
2133
2131
2128
2111
2093
2091
2091
2099
2108
2107
2104
2100
2096
2096
2096
2088
2080
2072
2064
2068
2073
2077
2081
2081
2081
2084
2088
2089
2089
2083
2075
2071
2066
2066
2066
2064
2062
2061
2061
2065
2070
2072
2073
2067
2059
2048
2038
2031
2024
2020
2016
2013
2011
2009
2008
2010
2012
2016
2020
2018
2015
2008
2000
1999
1999
1998
1996
1976
1954
1936
1919
1927
1939
1959
1980
1992
2004
2014
2024
2026
2026
2016
2003
1998
1993
1997
2003
2003
2002
2002
2002
2008
2016
2020
2022
2020
2018
2023
2030
2041
2054
2066
2078
2093
2108
2125
2141
2154
2166
2178
2190
2203
2217
2229
2242
2262
2283
2314
2346
2373
2400
2412
2422
2422
2421
2411
2401
2380
2358
2327
2295
2250
2204
2151
2097
2050
2005
1973
1943
1923
1903
1892
1882
1870
1858
1837
1814
1791
1768
1751
1734
1705
1674
1635
1596
1572
1550
1551
1554
1575
1598
1641
1686
1735
1785
1823
1860
1898
1937
1981
2026
2051
2074
2077
2077
2072
2066
2057
2047
2032
2017
2011
2005
2010
2017
2029
2042
2059
2076
2080
2082
2064
2043
2031
2020
2024
2031
2020
2007
1971
1931
1897
1864
1851
1841
1832
1823
1793
1760
1714
1667
1635
1606
1605
1607
1634
1664
1742
1829
1956
2090
2185
2274
2292
2300
2295
2288
2317
2351
2432
2520
2649
2784
2880
2970
2931
2873
2740
2595
2471
2350
2239
2131
2008
1883
1787
1695
1663
1640
1668
1705
1795
1893
2042
2198
2347
2496
2557
2604
2542
2463
2336
2202
2062
1920
1738
1550
1351
1150
1084
1038
1193
1379
1671
1980
2276
2569
2769
2956
2996
3013
2889
2744
2529
2304
2073
1841
1632
1426
1288
1160
1153
1165
1287
1426
1611
1803
1997
2191
2369
2544
2652
2750
2727
2685
2543
2385
2222
2057
1977
1910
1960
2027
2161
2305
2423
2536
2552
2552
2461
2356
2231
2103
2020
1945
1925
1914
1950
1993
2066
2144
2188
2226
2189
2139
2077
2012
1990
1974
1965
1958
1945
1930
1941
1955
1968
1982
1951
1913
1843
1769
1694
1619
1568
1520
1523
1535
1583
1637
1678
1716
1736
1753
1777
1802
1832
1862
1886
1909
1929
1949
1967
1985
1993
2000
1987
1971
1940
1908
1881
1856
1841
1827
1820
1813
1836
1863
1929
2002
2083
2166
2231
2292
2321
2345
2321
2289
2233
2174
2140
2110
2109
2112
2128
2145
2181
2220
2270
2322
2357
2390
2403
2412
2399
2382
2330
2273
2200
2124
2064
2006
1970
1938
1920
1905
1909
1917
1942
1969
1996
2023
2036
2048
2041
2032
2011
1988
1970
1952
1942
1933
1931
1931
1943
1957
1978
2000
2010
2019
2019
2018
2022
2027
2035
2043
2050
2056
2063
2071
2075
2080
2078
2075
2075
2075
2077
2078
2071
2063
2053
2044
2042
2042
2042
2042
2046
2052
2069
2087
2096
2104
2091
2076
2065
2055
2058
2063
2063
2062
2056
2050
2052
2054
2056
2057
2050
2042
2038
2035
2044
2056
2070
2084
2089
2093
2093
2093
2093
2094
2091
2088
2080
2071
2066
2063
2064
2066
2067
2067
2071
2074
2077
2079
2071
2062
2052
2042
2046
2053
2063
2073
2076
2078
2080
2082
2085
2087
2085
2083
2078
2073
2060
2046
2026
2004
1996
1990
1999
2010
2021
2031
2039
2047
2050
2053
2041
2027
2013
1998
2002
2008
2013
2019
2011
2001
2000
2000
2007
2016
2014
2009
2006
2004
2015
2029
2041
2054
2060
2066
2072
2079
2078
2076
2068
2060
2059
2059
2063
2069
2072
2075
2079
2084
2087
2089
2089
2089
2092
2095
2094
2093
2082
2069
2061
2053
2055
2058
2064
2071
2078
2085
2086
2086
2079
2072
2075
2078
2079
2079
2053
2024
2001
1978
1991
2009
2037
2066
2084
2100
2118
2135
2140
2143
2126
2106
2096
2088
2096
2108
2111
2112
2105
2096
2094
2094
2094
2094
2085
2075
2068
2062
2068
2075
2083
2092
2094
2095
2093
2090
2087
2085
2078
2071
2062
2052
2048
2045
2048
2051
2055
2058
2064
2071
2077
2083
2077
2070
2063
2055
2059
2065
2067
2068
2062
2054
2053
2052
2052
2052
2047
2041
2037
2032
2022
2010
1986
1960
1949
1940
1955
1975
1990
2004
2009
2012
2019
2027
2027
2026
2014
2001
1999
1999
2005
2012
2008
2002
1998
1995
1997
1999
1996
1992
1987
1982
1987
1994
2002
2011
2019
2027
2034
2042
2042
2042
2036
2030
2029
2028
2028
2028
2029
2029
2036
2043
2051
2059
2061
2062
2063
2063
2064
2064
2059
2052
2047
2042
2045
2050
2057
2065
2071
2077
2081
2085
2089
2092
2095
2098
2097
2096
2083
2069
2052
2034
2028
2024
2030
2038
2049
2061
2075
2090
2097
2104
2093
2080
2069
2057
2059
2063
2065
2067
2060
2052
2048
2046
2046
2046
2039
2031
2024
2018
2021
2024
2029
2034
2039
2045
2052
2060
2061
2060
2053
2045
2044
2043
2043
2044
2044
2044
2048
2054
2061
2068
2069
2070
2072
2073
2074
2074
2067
2058
2048
2039
2038
2038
2043
2049
2055
2062
2068
2075
2074
2072
2067
2062
2061
2060
2052
2043
2025
2006
1995
1986
1988
1991
1997
2004
2017
2032
2047
2062
2057
2048
2024
1998
1990
1984
1994
2006
2008
2008
2002
1994
1994
1995
1998
2000
1994
1986
1984
1983
1996
2011
2024
2038
2043
2048
2049
2049
2044
2039
2034
2028
2031
2036
2042
2049
2051
2053
2060
2067
2074
2082
2081
2079
2076
2074
2074
2074
2067
2060
2058
2056
2070
2087
2105
2122
2129
2134
2135
2135
2131
2126
2121
2116
2115
2115
2101
2086
2061
2033
2027
2024
2045
2070
2092
2114
2124
2133
2131
2128
2111
2093
2079
2065
2067
2070
2070
2070
2065
2060
2062
2065
2060
2054
2040
2025
2029
2036
2055
2076
2083
2088
2086
2083
2080
2077
2064
2050
2035
2020
2019
2020
2022
2023
2011
1997
1984
1970
1971
1974
1985
1997
2002
2007
2000
1992
1984
1976
1982
1990
2004
2019
2031
2043
2048
2053
2051
2049
2048
2047
2046
2046
2031
2015
1991
1966
1963
1964
1985
2008
2024
2039
2047
2054
2062
2071
2068
2063
2050
2035
2031
2029
2030
2032
2027
2020
2018
2016
2017
2019
2011
2002
1994
1986
1993
2002
2016
2031
2042
2054
2063
2072
2076
2078
2077
2076
2076
2076
2079
2082
2089
2096
2103
2111
2106
2099
2086
2071
2067
2064
2065
2067
2063
2057
2056
2056
2063
2072
2077
2082
2080
2077
2070
2062
2055
2047
2042
2039
2032
2024
2000
1975
1958
1942
1956
1976
2002
2030
2042
2052
2057
2060
2057
2052
2038
2023
2026
2031
2059
2090
2104
2114
2093
2067
2039
2010
1994
1980
1975
1970
1979
1989
2008
2029
2041
2051
2050
2048
2042
2036
2029
2022
2020
2018
2025
2034
2050
2066
2083
2100
2112
2124
2124
2122
2112
2100
2090
2081
2069
2057
2037
2015
1999
1984
1987
1992
2002
2014
2021
2027
2030
2033
2034
2034
2030
2024
2013
2000
1982
1963
1951
1941
1950
1962
1983
2006
2025
2043
2056
2068
2068
2066
2051
2034
2027
2022
2034
2049
2057
2064
2061
2057
2058
2059
2059
2059
2051
2043
2041
2040
2047
2055
2060
2063
2063
2062
2059
2056
2049
2042
2039
2037
2043
2051
2059
2066
2067
2067
2070
2072
2075
2078
2074
2069
2063
2056
2057
2059
2063
2066
2069
2072
2078
2084
2085
2085
2081
2076
2078
2080
2074
2066
2035
2002
1982
1965
1986
2013
2047
2083
2103
2121
2133
2145
2143
2139
2120
2098
2088
2080
2083
2089
2089
2089
2087
2086
2085
2085
2075
2065
2058
2051
2057
2065
2073
2080
2081
2081
2082
2082
2075
2067
2059
2050
2049
2050
2050
2049
2043
2037
2040
2043
2048
2053
2046
2038
2030
2022
2021
2021
2021
2020
2018
2016
2016
2016
2014
2012
2012
2012
2014
2016
2003
1988
1966
1942
1940
1941
1961
1983
1998
2013
2026
2038
2050
2063
2061
2056
2044
2030
2027
2025
2027
2029
2026
2023
2023
2023
2024
2025
2020
2014
2009
2004
2005
2007
2014
2021
2031
2043
2049
2055
2051
2046
2043
2040
2041
2042
2040
2038
2037
2037
2042
2048
2052
2055
2056
2057
2057
2057
2048
2039
2033
2028
2036
2046
2054
2061
2064
2065
2073
2082
2089
2095
2091
2085
2081
2078
2073
2067
2050
2032
2020
2010
2018
2029
2043
2058
2071
2083
2093
2103
2099
2093
2080
2065
2062
2062
2066
2071
2067
2062
2057
2052
2052
2052
2046
2040
2033
2025
2025
2026
2032
2038
2043
2048
2053
2058
2059
2059
2053
2047
2043
2038
2036
2035
2034
2034
2037
2041
2048
2056
2060
2063
2065
2066
2070
2074
2071
2067
2056
2044
2040
2037
2046
2057
2066
2075
2078
2080
2081
2081
2080
2080
2081
2083
2084
2085
2075
2063
2046
2028
2022
2018
2025
2033
2044
2054
2066
2078
2080
2080
2063
2043
2028
2013
2015
2018
2018
2017
2009
2001
2001
2003
2004
2004
1991
1977
1969
1962
1969
1979
1988
1997
2002
2007
2013
2019
2019
2019
2013
2007
2004
2001
2000
2000
2004
2010
2021
2034
2041
2048
2048
2048
2050
2053
2056
2059
2056
2051
2047
2042
2040
2039
2039
2039
2045
2052
2057
2063
2064
2064
2067
2072
2077
2082
2082
2081
2080
2080
2069
2057
2030
2000
1987
1975
1994
2017
2040
2062
2072
2081
2092
2102
2103
2102
2088
2072
2068
2066
2075
2085
2085
2084
2077
2069
2064
2059
2051
2043
2035
2028
2031
2035
2043
2051
2058
2064
2066
2068
2065
2061
2056
2051
2052
2053
2060
2067
2075
2082
2084
2086
2087
2087
2092
2098
2101
2104
2102
2099
2096
2094
2091
2088
2083
2078
2079
2081
2087
2094
2096
2098
2098
2097
2091
2085
2075
2064
2059
2055
2050
2045
2023
1998
1982
1967
1985
2008
2035
2062
2072
2079
2083
2085
2078
2069
2047
2024
2012
2003
2005
2008
2003
1996
1991
1986
1990
1996
1993
1990
1983
1975
1975
1976
1981
1986
1991
1997
2003
2010
2010
2010
2006
2002
2002
2002
2003
2003
2004
2004
2012
2021
2029
2036
2038
2038
2038
2039
2040
2041
2037
2032
2026
2020
2018
2017
2020
2024
2031
2038
2044
2050
2053
2056
2060
2065
2068
2071
2074
2076
2078
2080
2069
2056
2035
2013
2006
2002
2015
2030
2043
2056
2066
2076
2085
2094
2090
2084
2072
2059
2058
2059
2064
2069
2065
2059
2057
2055
2058
2061
2055
2047
2035
2023
2024
2026
2035
2045
2051
2056
2058
2059
2059
2058
2054
2049
2046
2044
2046
2049
2052
2054
2055
2055
2057
2059
2062
2065
2065
2064
2060
2055
2053
2051
2047
2042
2034
2026
2026
2027
2039
2052
2060
2067
2070
2071
2074
2077
2078
2078
2074
2069
2065
2062
2051
2039
2020
2000
1991
1984
1991
2000
2010
2020
2029
2037
2040
2042
2030
2016
2005
1993
1995
1998
1999
2000
1994
1987
1988
1989
1993
1996
1990
1983
1979
1977
1988
2001
2014
2027
2033
2038
2041
2043
2044
2044
2042
2040
2040
2041
2046
2052
2060
2068
2075
2082
2082
2081
2080
2079
2082
2085
2083
2080
2073
2066
2067
2068
2069
2069
2063
2056
2056
2057
2068
2080
2087
2093
2093
2092
2087
2081
2074
2067
2069
2072
2069
2066
2039
2008
1986
1966
1986
2012
2047
2084
2103
2120
2131
2141
2141
2140
2127
2112
2109
2109
2120
2133
2133
2131
2121
2110
2105
2100
2093
2086
2078
2070
2068
2067
2070
2074
2076
2077
2079
2080
2078
2075
2067
2059
2051
2044
2040
2037
2036
2035
2036
2038
2041
2044
2042
2039
2032
2024
2019
2015
2013
2011
2003
1994
1989
1986
1994
2004
2011
2018
2018
2018
2021
2026
2024
2022
2012
2001
2001
2003
2004
2004
1987
1966
1955
1945
1960
1980
2000
2021
2035
2049
2061
2074
2068
2060
2040
2019
2017
2018
2028
2039
2038
2036
2033
2031
2035
2040
2038
2036
2032
2027
2028
2029
2030
2030
2034
2038
2047
2056
2058
2059
2054
2047
2043
2040
2039
2038
2038
2038
2043
2048
2053
2058
2058
2058
2057
2056
2055
2054
2053
2052
2053
2054
2052
2049
2040
2031
2027
2025
2031
2039
2046
2053
2058
2063
2068
2073
2072
2071
2069
2067
2070
2075
2071
2066
2051
2034
2027
2021
2027
2035
2043
2051
2062
2073
2084
2094
2089
2081
2065
2049
2047
2047
2052
2058
2054
2048
2044
2039
2040
2042
2037
2031
2019
2006
2000
1995
1998
2001
2002
2003
2003
2002
2002
2003
2004
2004
2000
1996
1993
1990
1993
1996
2003
2010
2017
2024
2028
2031
2029
2027
2024
2022
2022
2023
2022
2020
2016
2013
2018
2025
2032
2040
2038
2035
2034
2034
2044
2057
2066
2075
2078
2079
2082
2085
2087
2088
2085
2081
2074
2067
2051
2035
2017
1999
2000
2003
2022
2044
2061
2078
2088
2096
2098
2099
2091
2081
2074
2068
2076
2086
2091
2096
2088
2079
2072
2066
2062
2059
2049
2037
2028
2019
2020
2023
2028
2034
2038
2043
2047
2051
2051
2050
2046
2042
2045
2050
2059
2068
2074
2079
2084
2090
2095
2100
2100
2099
2099
2099
2102
2107
2108
2108
2103
2098
2094
2089
2085
2082
2084
2086
2092
2099
2098
2097
2090
2083
2079
2077
2076
2076
2073
2071
2067
2062
2045
2026
2006
1986
1994
2007
2035
2065
2081
2094
2099
2103
2104
2105
2088
2068
2049
2029
2031
2036
2039
2041
2030
2016
2010
2005
2008
2012
2006
1999
1993
1987
1989
1992
1995
1998
2001
2004
2007
2009
2006
2001
1999
1997
2000
2003
2004
2004
2004
2004
2010
2017
2024
2031
2032
2032
2032
2031
2027
2024
2021
2018
2020
2022
2023
2024
2023
2021
2023
2026
2031
2037
2041
2044
2050
2057
2061
2064
2060
2054
2054
2054
2057
2062
2051
2037
2018
1998
1996
1996
2007
2019
2030
2040
2054
2069
2077
2084
2072
2057
2046
2035
2041
2049
2054
2059
2055
2049
2049
2050
2053
2055
2050
2043
2037
2031
2032
2033
2036
2039
2044
2049
2056
2063
2063
2062
2055
2047
2042
2037
2038
2039
2042
2044
2045
2045
2047
2049
2053
2056
2054
2051
2044
2037
2032
2027
2023
2019
2009
1999
1990
1981
1981
1982
1988
1994
2001
2008
2016
2023
2025
2026
2027
2027
2034
2042
2043
2042
2027
2010
2000
1991
1997
2005
2018
2032
2048
2065
2080
2094
2091
2085
2072
2057
2055
2055
2062
2071
2075
2077
2077
2077
2076
2075
2069
2063
2056
2049
2048
2048
2053
2059
2066
2073
2076
2078
2073
2067
2060
2053
2050
2049
2053
2059
2064
2069
2070
2070
2069
2069
2071
2074
2075
2075
2072
2069
2064
2058
2050
2041
2035
2029
2037
2046
2057
2068
2069
2069
2067
2066
2064
2062
2055
2048
2048
2048
2048
2048
2027
2004
1988
1973
1995
2024
2060
2097
2114
2129
2140
2151
2154
2155
2138
2117
2108
2100
2107
2116
2110
2101
2085
2068
2067
2068
2068
2067
2056
2044
2040
2038
2040
2043
2041
2038
2037
2037
2033
2029
2016
2001
1991
1982
1981
1981
1975
1968
1956
1944
1940
1937
1936
1936
1938
1940
1950
1960
1967
1973
1970
1967
1970
1975
1985
1996
2002
2007
2014
2021
2028
2036
2035
2033
2033
2033
2042
2052
2049
2044
2029
2012
2015
2021
2043
2067
2087
2105
2117
2128
2130
2130
2112
2092
2075
2058
2058
2061
2065
2070
2067
2064
2066
2068
2072
2075
2072
2068
2062
2056
2056
2056
2060
2066
2076
2088
2093
2098
2090
2081
2067
2053
2043
2033
2023
2013
2004
1996
1994
1993
1997
2003
2006
2009
2011
2013
2017
2022
2023
2024
2016
2007
1999
1991
1998
2007
2023
2040
2050
2058
2063
2068
2073
2079
2078
2076
2069
2062
2055
2048
2034
2020
2002
1984
1975
1967
1970
1976
1990
2006
2027
2048
2054
2057
2036
2012
1991
1970
1971
1974
1978
1981
1978
1973
1978
1985
1993
2002
1997
1990
1985
1980
1990
2003
2018
2034
2045
2055
2064
2073
2078
2083
2079
2074
2072
2071
2079
2088
2096
2103
2103
2102
2102
2102
2107
2113
2117
2121
2120
2118
2111
2104
2093
2082
2077
2074
2080
2087
2092
2096
2095
2093
2092
2091
2086
2081
2072
2063
2056
2049
2033
2015
1984
1952
1945
1943
1975
2012
2045
2078
2096
2111
2126
2140
2141
2140
2130
2118
2125
2134
2147
2160
2155
2148
2146
2145
2151
2159
2148
2133
2117
2100
2104
2112
2123
2133
2140
2147
2159
2172
2171
2169
2154
2137
2135
2135
2136
2136
2114
2090
2078
2068
2080
2096
2095
2090
2058
2022
1983
1944
1916
1890
1889
1891
1915
1942
1961
1978
1985
1991
2006
2022
2038
2054
2057
2057
2050
2043
2030
2016
2005
1993
2001
2013
2036
2060
2074
2086
2090
2093
2087
2080
2058
2034
2015
1997
1996
1998
1993
1986
1968
1947
1936
1927
1931
1937
1940
1943
1937
1930
1921
1912
1911
1911
1925
1940
1951
1961
1954
1945
1936
1928
1930
1934
1935
1936
1932
1927
1929
1931
1937
1944
1948
1951
1953
1954
1956
1958
1959
1960
1965
1971
1984
1999
2021
2044
2077
2111
2147
2183
2215
2246
2280
2314
2349
2384
2410
2435
2457
2478
2503
2530
2551
2571
2569
2564
2528
2488
2414
2334
2241
2146
2069
1994
1941
1892
1860
1830
1823
1821
1848
1880
1919
1958
1980
1999
1998
1994
1976
1956
1925
1893
1863
1833
1824
1817
1829
1843
1863
1885
1908
1931
1954
1976
1988
1999
1997
1992
1977
1960
1942
1924
1915
1908
1908
1910
1915
1920
1931
1944
1971
2001
2036
2072
2099
2125
2140
2153
2152
2150
2132
2111
2091
2071
2058
2045
2018
1988
1945
1900
1884
1871
1906
1949
2015
2085
2151
2217
2254
2287
2284
2275
2250
2222
2200
2178
2157
2136
2115
2094
2082
2072
2066
2060
2054
2048
2051
2054
2064
2074
2073
2070
2059
2046
2041
2037
2039
2041
2041
2041
2043
2046
2053
2060
2064
2067
2064
2061
2053
2044
2031
2017
2006
1994
1989
1985
1980
1974
1972
1970
1980
1992
2006
2021
2030
2037
2042
2047
2046
2045
2035
2025
2021
2019
2018
2018
2001
1982
1970
1960
1985
2016
2055
2095
2118
2138
2150
2160
2158
2155
2136
2114
2104
2096
2101
2109
2107
2102
2091
2078
2073
2069
2065
2060
2053
2046
2042
2040
2038
2037
2034
2031
2031
2031
2027
2023
2012
2000
1991
1982
1979
1978
1980
1982
1994
2007
2032
2059
2083
2107
2115
2120
2115
2108
2104
2100
2096
2092
2084
2076
2068
2060
2051
2043
2036
2029
2029
2030
2025
2018
1996
1972
1953
1936
1940
1947
1961
1975
1988
2002
2017
2033
2035
2035
2022
2008
2009
2012
2022
2033
2029
2022
2013
2004
2006
2010
2011
2011
2006
2000
2002
2004
2011
2018
2027
2036
2047
2058
2062
2065
2057
2047
2039
2032
2031
2031
2030
2030
2034
2039
2047
2055
2055
2054
2050
2045
2045
2046
2045
2043
2037
2031
2033
2036
2042
2048
2051
2053
2059
2066
2073
2080
2081
2080
2079
2079
2079
2079
2068
2054
2038
2022
2020
2020
2027
2035
2046
2057
2073
2089
2096
2102
2089
2073
2063
2054
2059
2066
2067
2067
2060
2051
2047
2044
2043
2042
2037
2031
2029
2028
2029
2030
2029
2028
2030
2032
2039
2046
2043
2040
2029
2017
2011
2005
2007
2009
2012
2014
2016
2017
2018
2018
2018
2017
2016
2016
2012
2007
2000
1992
1992
1993
2003
2015
2022
2029
2032
2035
2041
2047
2050
2053
2053
2052
2051
2051
2044
2036
2021
2006
2001
1999
2011
2026
2043
2060
2079
2097
2108
2118
2107
2093
2076
2059
2062
2068
2077
2086
2083
2077
2075
2073
2075
2077
2066
2052
2038
2024
2031
2040
2054
2068
2068
2067
2066
2065
2067
2070
2064
2057
2046
2035
2034
2035
2042
2049
2052
2054
2055
2055
2055
2054
2052
2050
2052
2055
2056
2056
2053
2048
2051
2054
2064
2074
2081
2088
2091
2093
2093
2092
2088
2085
2085
2086
2081
2075
2051
2023
2006
1990
2008
2031
2064
2097
2119
2139
2154
2168
2166
2162
2141
2117
2106
2097
2102
2109
2102
2093
2079
2064
2063
2063
2060
2056
2045
2033
2031
2031
2034
2037
2038
2038
2039
2040
2037
2032
2020
2006
1998
1991
1986
1983
1978
1972
1975
1980
1992
2005
2010
2013
2011
2009
2007
2006
1997
1988
1981
1974
1980
1987
1996
2005
2011
2016
2025
2034
2039
2042
2039
2034
2034
2035
2031
2025
2005
1983
1972
1964
1976
1991
2006
2021
2032
2042
2057
2073
2076
2077
2064
2049
2043
2040
2047
2056
2055
2052
2045
2037
2037
2039
2041
2043
2039
2033
2031
2029
2033
2039
2046
2054
2060
2065
2065
2064
2060
2056
2055
2055
2055
2055
2054
2052
2053
2055
2062
2069
2071
2072
2070
2067
2066
2066
2063
2061
2057
2052
2051
2051
2049
2047
2041
2035
2037
2039
2048
2057
2064
2071
2073
2075
2076
2076
2077
2077
2078
2079
2077
2075
2062
2048
2038
2028
2030
2035
2041
2048
2056
2064
2077
2091
2089
2085
2067
2046
2040
2036
2047
2060
2062
2063
2059
2054
2055
2057
2052
2046
2030
2013
2007
2003
2011
2021
2029
2036
2040
2042
2043
2043
2037
2030
2024
2017
2017
2017
2020
2023
2023
2023
2024
2025
2029
2034
2037
2039
2037
2034
2030
2025
2021
2017
2016
2016
2019
2022
2023
2023
2018
2012
2010
2009
2013
2019
2024
2030
2034
2037
2042
2048
2052
2056
2055
2054
2048
2041
2028
2014
2002
1989
1993
1999
2016
2035
2050
2065
2074
2083
2087
2089
2080
2069
2060
2051
2056
2064
2072
2079
2077
2075
2074
2074
2069
2064
2048
2031
2024
2018
2030
2045
2055
2065
2066
2066
2066
2066
2064
2063
2062
2061
2063
2066
2068
2069
2070
2071
2078
2085
2094
2103
2107
2110
2108
2106
2102
2097
2097
2098
2101
2104
2098
2090
2082
2075
2081
2089
2098
2107
2105
2102
2098
2095
2094
2094
2090
2086
2078
2069
2049
2028
2004
1980
1976
1975
1991
2009
2025
2041
2056
2070
2075
2078
2059
2036
2013
1990
1989
1992
1996
1999
1993
1986
1985
1985
1988
1991
1988
1985
1987
1990
1997
2004
2004
2003
2008
2014
2027
2042
2046
2048
2044
2038
2039
2040
2045
2051
2056
2061
2069
2078
2088
2097
2100
2101
2096
2090
2086
2081
2083
2085
2082
2079
2065
2049
2037
2025
2026
2028
2030
2031
2026
2020
2015
2009
2008
2008
2013
2019
2022
2025
2013
1998
1981
1964
1967
1973
1990
2009
2024
2039
2054
2068
2075
2081
2069
2054
2038
2022
2016
2013
2005
1997
1985
1973
1974
1977
1986
1996
2001
2004
2008
2013
2020
2027
2032
2038
2045
2052
2058
2063
2060
2056
2050
2044
2043
2043
2045
2047
2054
2062
2074
2087
2092
2096
2094
2091
2090
2090
2092
2095
2098
2101
2098
2094
2084
2073
2069
2067
2075
2085
2090
2093
2087
2080
2080
2080
2082
2084
2083
2081
2080
2080
2070
2058
2030
2000
1979
1959
1962
1968
1977
1987
1995
2002
2008
2014
2005
1993
1977
1960
1960
1963
1972
1982
1983
1982
1985
1989
1999
2011
2016
2019
2017
2014
2015
2016
2020
2025
2029
2033
2033
2033
2026
2019
2015
2012
2018
2025
2035
2045
2055
2065
2075
2085
2088
2089
2084
2078
2074
2071
2071
2072
2076
2079
2082
2084
2081
2078
2075
2072
2078
2086
2100
2114
2127
2140
2149
2157
2158
2157
2156
2155
2160
2167
2160
2151
2116
2078
2047
2018
2025
2037
2063
2091
2109
2125
2130
2133
2123
2111
2091
2070
2056
2043
2039
2036
2033
2031
2032
2033
2038
2044
2048
2051
2053
2055
2056
2057
2055
2053
2048
2043
2035
2027
2015
2003
1994
1985
1983
1982
1985
1988
1995
2002
2010
2019
2027
2034
2035
2036
2033
2030
2026
2021
2016
2011
2007
2002
2002
2003
2012
2021
2030
2038
2042
2045
2048
2050
2051
2051
2050
2049
2055
2062
2067
2073
2061
2047
2033
2019
2024
2031
2043
2056
2064
2071
2076
2081
2072
2062
2036
2008
1991
1975
1976
1979
1980
1980
1978
1976
1981
1988
1992
1995
1992
1987
1986
1986
1992
2000
2012
2024
2037
2051
2057
2062
2057
2050
2046
2041
2041
2041
2035
2029
2027
2025
2034
2045
2055
2064
2066
2066
2066
2066
2068
2070
2069
2067
2064
2062
2056
2050
2041
2032
2031
2032
2040
2049
2054
2057
2061
2065
2070
2076
2075
2073
2071
2070
2075
2082
2079
2075
2061
2045
2039
2035
2043
2052
2061
2070
2081
2093
2101
2108
2100
2088
2073
2057
2055
2055
2061
2068
2069
2069
2069
2070
2070
2069
2060
2050
2037
2024
2015
2006
1998
1991
1990
1991
2001
2011
2014
2015
2005
1993
1987
1981
1987
1994
2000
2005
2006
2007
2010
2013
2015
2017
2017
2016
2016
2016
2014
2012
2002
1991
1981
1972
1969
1967
1965
1964
1961
1958
1961
1966
1977
1989
2007
2027
2052
2079
2102
2125
2142
2158
2176
2194
2203
2210
2191
2167
2139
2110
2110
2113
2128
2144
2150
2155
2155
2155
2146
2136
2107
2076
2047
2019
2013
2011
2012
2014
2010
2004
2006
2008
2017
2027
2032
2035
2036
2036
2040
2045
2052
2059
2064
2070
2070
2070
2063
2055
2047
2040
2041
2044
2052
2060
2063
2065
2066
2066
2073
2081
2089
2096
2099
2101
2104
2107
2106
2104
2092
2079
2071
2064
2068
2075
2077
2079
2075
2069
2063
2056
2048
2039
2034
2029
2029
2030
2016
2000
1972
1943
1941
1942
1970
2001
2024
2046
2053
2058
2058
2058
2046
2032
2016
2000
1998
1999
2006
2013
2011
2009
2006
2004
2005
2007
2007
2006
2002
1999
1999
1999
2002
2005
2009
2014
2018
2023
2025
2026
2027
2027
2029
2031
2032
2032
2032
2032
2037
2044
2052
2060
2060
2059
2051
2043
2040
2039
2046
2054
2060
2066
2060
2053
2044
2035
2035
2036
2045
2055
2063
2071
2075
2077
2076
2074
2072
2071
2073
2076
2074
2072
2056
2039
2024
2010
2014
2020
2033
2048
2060
2072
2080
2088
2086
2081
2068
2053
2047
2044
2051
2059
2061
2061
2058
2054
2055
2057
2058
2058
2051
2043
2036
2029
2028
2028
2030
2032
2036
2041
2043
2044
2039
2033
2027
2021
2020
2020
2022
2025
2029
2034
2038
2041
2042
2042
2041
2041
2041
2041
2039
2037
2031
2025
2021
2017
2012
2007
2001
1995
1993
1992
1995
1998
2005
2012
2019
2026
2030
2032
2031
2030
2032
2034
2035
2035
2022
2007
1996
1984
1988
1995
2005
2017
2029
2041
2058
2076
2084
2091
2077
2060
2048
2037
2045
2057
2066
2074
2071
2066
2066
2066
2068
2070
2062
2053
2046
2040
2049
2059
2070
2080
2082
2082
2080
2078
2073
2068
2062
2055
2056
2057
2063
2070
2071
2072
2069
2066
2062
2059
2056
2053
2050
2048
2046
2044
2042
2041
2039
2038
2035
2032
2030
2029
2032
2035
2041
2047
2051
2054
2054
2054
2050
2047
2048
2049
2052
2055
2040
2023
1998
1971
1973
1980
2014
2052
2084
2114
2133
2149
2160
2170
2165
2157
2143
2128
2126
2126
2127
2128
2120
2110
2105
2101
2101
2101
2096
2090
2087
2084
2084
2084
2080
2074
2071
2069
2069
2069
2059
2048
2038
2028
2027
2027
2024
2020
2015
2009
2014
2020
2024
2029
2025
2019
2014
2008
2003
1998
1992
1986
1988
1990
1998
2007
2013
2018
2018
2017
2015
2013
2015
2017
2019
2021
2009
1995
1974
1952
1951
1953
1972
1994
2008
2022
2031
2040
2050
2059
2054
2047
2032
2016
2013
2012
2016
2021
2018
2015
2012
2009
2009
2009
2005
2000
1996
1993
1995
1998
2002
2006
2009
2011
2014
2017
2017
2017
2012
2007
2004
2001
2004
2008
2019
2031
2048
2065
2079
2092
2094
2095
2092
2088
2089
2091
2094
2096
2092
2087
2080
2073
2071
2070
2070
2071
2072
2072
2071
2070
2067
2064
2061
2059
2057
2055
2047
2039
2028
2017
2015
2014
2023
2035
2052
2070
2089
2109
2119
2128
2122
2113
2105
2098
2104
2112
2120
2127
2123
2118
2112
2106
2102
2098
2089
2080
2071
2063
2063
2064
2068
2073
2070
2065
2056
2046
2034
2021
2006
1990
1974
1959
1952
1947
1949
1951
1952
1952
1951
1949
1947
1946
1941
1936
1929
1922
1913
1904
1887
1870
1852
1835
1827
1820
1815
1810
1803
1796
1794
1793
1793
1794
1795
1796
1808
1821
1834
1848
1849
1849
1852
1855
1866
1878
1875
1870
1852
1831
1810
1789
1761
1732
1701
1669
1650
1633
1621
1611
1622
1636
1707
1788
1896
2009
2078
2139
2144
2140
2112
2080
2041
2001
1973
1947
1944
1944
1939
1934
1902
1866
1821
1775
1736
1699
1666
1634
1608
1584
1587
1594
1628
1666
1695
1722
1707
1686
1645
1600
1565
1530
1487
1442
1379
1312
1253
1196
1162
1132
1112
1095
1087
1080
1080
1081
1102
1126
1212
1307
1450
1600
1724
1843
1907
1962
1978
1988
1974
1956
1992
2036
2207
2398
2628
2865
3019
3160
3247
3327
3405
3484
3523
3556
3554
3547
3550
3554
3512
3463
3290
3098
2826
2542
2262
1982
1732
1487
1275
1068
908
755
654
560
532
515
570
636
746
863
1002
1144
1315
1489
1664
1838
1955
2063
2129
2189
2292
2402
2574
2755
2916
3074
3139
3190
3157
3112
3032
2948
2853
2756
2648
2539
2426
2313
2198
2084
1962
1838
1717
1597
1500
1406
1352
1304
1314
1333
1418
1514
1650
1793
1951
2110
2284
2461
2641
2821
2977
3128
3241
3347
3411
3468
3485
3495
3479
3458
3419
3377
3324
3269
3231
3195
3187
3183
3175
3166
3123
3076
2989
2897
2751
2596
2386
2168
1934
1697
1499
1306
1174
1052
972
899
833
768
706
644
616
593
592
595
580
562
551
541
566
596
594
587
508
418
331
244
184
129
69
8
0
0
10
22
95
178
215
245
296
350
462
583
730
880
1038
1196
1352
1507
1675
1845
2090
2348
2672
3006
3311
3612
3844
4065
4095
4095
4095
4095
4095
4095
4095
4095
4095
4095
4095
4095
4095
4095
4095
4095
4095
4095
4095
4095
4095
4095
3758
3369
2910
2441
1880
1305
696
82
0
0
0
0
0
0
0
0
0
0
0
0
67
144
225
307
381
454
599
755
903
1050
1092
1117
1102
1081
1120
1167
1264
1369
1483
1597
1708
1818
1888
1952
1964
1967
1985
2006
2070
2141
2189
2234
2247
2254
2316
2385
2550
2729
2964
3207
3456
3707
3894
4071
4095
4095
4095
4095
4095
4095
4095
4095
4095
4095
4095
4095
4095
4095
4095
4095
4095
4095
4095
4095
4095
4095
4006
3904
3689
3456
3244
3036
2816
2594
2351
2105
1863
1622
1473
1338
1344
1372
1443
1522
1537
1543
1495
1440
1380
1320
1304
1295
1375
1469
1588
1710
1730
1735
1645
1541
1418
1292
1144
992
836
680
597
524
525
538
582
631
727
831
988
1154
1320
1485
1604
1715
1776
1828
1849
1865
1865
1863
1844
1823
1804
1786
1800
1819
1851
1885
1892
1894
1881
1866
1864
1864
1867
1872
1859
1844
1810
1774
1738
1701
1693
1689
1732
1782
1877
1980
2124
2275
2470
2672
2900
3132
3338
3539
3680
3812
3887
3954
3957
3949
3850
3737
3555
3363
3161
2956
2774
2595
2449
2308
2195
2085
1976
1867
1777
1690
1679
1679
1748
1828
1925
2025
2127
2229
2307
2381
2378
2362
2277
2182
2074
1964
1865
1767
1689
1614
1573
1537
1529
1525
1541
1559
1607
1659
1731
1805
1875
1945
2004
2061
2086
2107
2071
2026
1946
1860
1791
1724
1698
1680
1699
1724
1770
1820
1881
1944
2020
2097
2176
2256
2313
2367
2391
2411
2415
2416
2410
2403
2377
2349
2307
2262
2229
2198
2190
2186
2188
2191
2188
2185
2188
2191
2201
2213
2213
2212
2200
2186
2185
2186
2209
2234
2272
2311
2362
2415
2484
2556
2628
2701
2752
2801
2825
2846
2846
2844
2828
2810
2795
2781
2785
2791
2788
2784
2725
2657
2535
2406
2282
2159
2086
2020
1988
1960
1920
1878
1797
1710
1584
1451
1307
1160
1039
922
849
783
756
734
744
758
796
839
898
959
1033
1108
1195
1283
1375
1468
1557
1645
1724
1802
1872
1940
2005
2070
2133
2197
2252
2306
2352
2396
2441
2487
2528
2568
2581
2590
2573
2552
2517
2479
2425
2370
2303
2234
2173
2114
2067
2022
1979
1936
1906
1877
1872
1871
1877
1885
1888
1890
1894
1897
1904
1912
1917
1922
1925
1927
1934
1941
1953
1966
1987
2009
2033
2057
2072
2085
2095
2104
2122
2140
2155
2169
2169
2168
2164
2161
2159
2157
2144
2130
2110
2088
2068
2048
2024
1999
1973
1946
1933
1923
1926
1931
1935
1939
1940
1941
1945
1948
1952
1955
1959
1963
1968
1973
1973
1973
1970
1968
1976
1985
2003
2022
2039
2056
2069
2081
2087
2093
2090
2087
2079
2070
2056
2041
2022
2004
1993
1983
1985
1989
1995
2002
2006
2011
2018
2025
2035
2044
2055
2065
2075
2085
2090
2093
2091
2089
2087
2085
2079
2072
2066
2059
2059
2059
2054
2047
2032
2016
2009
2003
2001
2000
1983
1963
1944
1925
1920
1918
1917
1917
1916
1916
1923
1932
1940
1947
1955
1962
1982
2005
2033
2062
2077
2090
2092
2093
2093
2092
2087
2082
2073
2064
2051
2038
2030
2022
2023
2026
2031
2037
2037
2036
2036
2036
2040
2045
2050
2056
2061
2066
2067
2068
2067
2065
2070
2077
2087
2098
2103
2106
2106
2105
2098
2091
2065
2037
2005
1971
1951
1933
1921
1909
1897
1885
1882
1880
1885
1891
1897
1904
1917
1932
1948
1964
1971
1977
1981
1986
1998
2012
2024
2037
2044
2051
2056
2061
2066
2072
2075
2078
2075
2072
2062
2052
2043
2034
2030
2028
2028
2028
2028
2028
2029
2030
2029
2027
2024
2021
2023
2026
2029
2032
2029
2026
2025
2025
2027
2030
2029
2027
2023
2020
2021
2022
2021
2019
2010
2000
1993
1986
1989
1993
1996
1998
1995
1991
1987
1984
1982
1980
1977
1975
1977
1980
1986
1992
1993
1993
1993
1994
2008
2023
2045
2067
2082
2097
2105
2112
2112
2112
2105
2098
2087
2076
2064
2052
2041
2029
2026
2024
2029
2036
2041
2046
2047
2047
2049
2051
2053
2055
2053
2051
2047
2044
2043
2042
2042
2042
2046
2049
2056
2063
2068
2071
2067
2061
2055
2049
2046
2043
2031
2018
2000
1980
1971
1963
1963
1965
1964
1962
1958
1953
1950
1947
1943
1938
1938
1938
1944
1950
1951
1951
1951
1951
1969
1990
2018
2048
2066
2081
2087
2090
2092
2094
2091
2086
2076
2064
2054
2045
2038
2032
2030
2028
2030
2033
2039
2046
2055
2065
2076
2088
2093
2096
2092
2086
2081
2076
2072
2069
2068
2068
2070
2072
2073
2073
2074
2075
2084
2094
2097
2098
2084
2068
2054
2041
2034
2027
2012
1996
1982
1968
1970
1974
1972
1969
1956
1941
1935
1932
1937
1944
1947
1950
1959
1968
1982
1996
2000
2003
2007
2012
2027
2044
2057
2070
2073
2075
2079
2082
2086
2089
2085
2079
2069
2059
2051
2044
2042
2040
2042
2044
2048
2053
2057
2060
2063
2066
2068
2069
2068
2067
2064
2061
2058
2055
2056
2057
2062
2067
2067
2067
2064
2062
2065
2070
2072
2074
2064
2052
2039
2026
2020
2014
2005
1995
1980
1964
1956
1949
1950
1952
1951
1949
1945
1940
1939
1938
1941
1944
1953
1962
1973
1985
1993
2000
2006
2012
2025
2039
2057
2076
2087
2097
2097
2096
2092
2089
2086
2084
2078
2072
2062
2050
2040
2031
2026
2023
2025
2027
2031
2035
2038
2041
2044
2046
2051
2056
2060
2064
2065
2066
2066
2065
2064
2064
2062
2061
2060
2060
2062
2064
2069
2074
2078
2081
2080
2078
2068
2058
2047
2035
2027
2020
2011
2003
1992
1981
1978
1976
1980
1985
1981
1975
1967
1958
1958
1960
1966
1972
1976
1981
1991
2003
2011
2018
2019
2019
2026
2035
2053
2071
2081
2090
2092
2093
2098
2103
2104
2104
2094
2084
2073
2063
2056
2049
2044
2038
2032
2025
2020
2014
2011
2008
2009
2010
2017
2024
2037
2051
2065
2079
2090
2100
2108
2115
2120
2125
2123
2120
2110
2098
2085
2071
2060
2050
2042
2035
2026
2017
2009
2002
1998
1995
1990
1985
1975
1963
1956
1949
1953
1959
1963
1968
1966
1964
1964
1964
1969
1975
1982
1990
1997
2003
2004
2005
2007
2008
2021
2036
2055
2075
2086
2095
2097
2097
2093
2088
2078
2068
2056
2043
2034
2026
2018
2011
2006
2002
2007
2014
2028
2043
2058
2072
2080
2087
2091
2093
2097
2100
2105
2110
2110
2109
2102
2094
2088
2082
2079
2077
2076
2075
2076
2077
2078
2079
2080
2080
2087
2094
2095
2096
2084
2069
2054
2040
2036
2033
2026
2019
2010
2000
2002
2005
2008
2011
2002
1992
1982
1973
1969
1967
1964
1961
1966
1972
1985
2000
2006
2010
2008
2005
2014
2024
2041
2058
2067
2075
2079
2082
2086
2089
2085
2080
2067
2053
2041
2029
2023
2017
2016
2015
2017
2020
2024
2027
2030
2032
2036
2041
2048
2055
2059
2062
2062
2062
2061
2060
2061
2062
2064
2066
2066
2065
2064
2063
2068
2074
2079
2085
2080
2074
2064
2054
2048
2042
2033
2024
2009
1994
1987
1982
1984
1987
1984
1981
1975
1969
1969
1969
1969
1969
1970
1972
1980
1989
1998
2007
2014
2021
2032
2044
2061
2079
2091
2102
2102
2101
2097
2094
2094
2094
2089
2083
2070
2055
2041
2028
2023
2018
2018
2018
2018
2019
2023
2026
2030
2035
2039
2042
2047
2052
2056
2061
2063
2064
2065
2065
2068
2071
2074
2076
2075
2073
2068
2063
2061
2059
2059
2060
2060
2060
2058
2056
2054
2053
2050
2047
2043
2040
2036
2033
2023
2012
2000
1988
1985
1984
1987
1990
1989
1987
1986
1985
1991
1998
2006
2013
2018
2022
2027
2032
2033
2034
2031
2026
2030
2036
2053
2073
2090
2107
2115
2122
2124
2126
2127
2127
2123
2119
2115
2111
2110
2110
2115
2122
2135
2149
2170
2192
2220
2249
2277
2305
2327
2348
2363
2378
2387
2394
2389
2382
2371
2358
2356
2355
2360
2366
2369
2371
2380
2389
2407
2426
2441
2455
2463
2470
2475
2480
2469
2456
2426
2392
2352
2312
2268
2223
2167
2109
2054
1999
1956
1916
1876
1837
1799
1761
1743
1728
1723
1721
1703
1682
1645
1606
1561
1516
1473
1431
1409
1390
1397
1408
1422
1437
1449
1459
1481
1504
1535
1566
1592
1616
1646
1676
1720
1766
1816
1867
1915
1963
2004
2043
2066
2087
2099
2109
2123
2137
2147
2157
2158
2157
2151
2145
2135
2124
2111
2098
2089
2081
2069
2057
2035
2012
1995
1979
1974
1971
1965
1958
1959
1961
1994
2031
2083
2137
2182
2225
2272
2319
2376
2434
2470
2503
2508
2508
2505
2503
2500
2497
2477
2455
2427
2398
2377
2357
2338
2320
2300
2279
2263
2247
2235
2225
2213
2200
2182
2162
2134
2104
2065
2025
1975
1924
1864
1802
1743
1685
1641
1598
1555
1511
1457
1401
1351
1301
1265
1231
1202
1173
1149
1125
1109
1094
1090
1087
1108
1132
1193
1259
1360
1466
1617
1774
1970
2171
2358
2543
2679
2807
2914
3017
3115
3212
3285
3353
3391
3424
3432
3437
3416
3391
3346
3299
3237
3173
3092
3008
2917
2825
2732
2639
2530
2418
2297
2175
2074
1976
1891
1808
1716
1623
1543
1465
1423
1387
1371
1358
1351
1345
1351
1358
1373
1390
1408
1426
1436
1445
1442
1436
1427
1418
1408
1398
1366
1330
1264
1192
1120
1047
1016
991
1035
1089
1205
1330
1470
1612
1740
1866
1975
2083
2162
2236
2258
2272
2232
2185
2101
2012
1912
1810
1734
1662
1622
1586
1560
1536
1530
1528
1572
1624
1710
1800
1874
1945
1973
1995
1996
1995
2009
2026
2074
2127
2203
2283
2368
2455
2524
2590
2618
2640
2627
2610
2566
2519
2441
2359
2246
2129
2007
1883
1803
1730
1738
1759
1837
1925
2027
2131
2247
2365
2497
2632
2745
2855
2910
2957
2956
2948
2900
2846
2738
2622
2454
2277
2087
1894
1731
1572
1467
1371
1343
1327
1379
1443
1537
1636
1731
1826
1910
1992
2045
2092
2093
2086
2049
2006
1941
1873
1783
1689
1614
1542
1526
1518
1553
1596
1669
1748
1848
1952
2038
2121
2176
2226
2272
2317
2351
2382
2373
2357
2302
2242
2160
2074
1981
1887
1799
1711
1632
1555
1496
1440
1419
1404
1415
1431
1456
1483
1516
1551
1589
1627
1666
1704
1751
1800
1844
1887
1909
1927
1951
1976
2029
2086
2143
2201
2239
2274
2297
2319
2332
2344
2353
2362
2372
2382
2380
2377
2371
2364
2382
2404
2441
2480
2514
2547
2581
2616
2635
2651
2608
2556
2448
2332
2210
2086
1990
1898
1850
1810
1816
1830
1866
1905
1941
1977
1985
1989
1950
1905
1842
1776
1727
1681
1634
1588
1525
1459
1408
1359
1347
1341
1368
1399
1477
1561
1691
1827
1964
2101
2212
2318
2410
2500
2580
2658
2729
2798
2864
2930
2963
2991
2961
2922
2857
2789
2727
2666
2601
2536
2475
2414
2372
2334
2300
2268
2244
2222
2231
2245
2265
2286
2283
2277
2272
2266
2266
2266
2233
2196
2131
2063
2003
1944
1901
1859
1829
1800
1787
1776
1766
1756
1735
1712
1683
1653
1621
1589
1557
1525
1498
1473
1450
1428
1405
1382
1346
1308
1254
1199
1165
1135
1153
1178
1220
1264
1308
1351
1429
1513
1626
1744
1828
1908
1948
1982
2023
2066
2116
2168
2195
2217
2224
2229
2252
2277
2314
2353
2387
2420
2471
2524
2634
2753
2917
3087
3223
3352
3360
3348
3207
3045
2835
2616
2419
2226
2078
1937
1874
1823
1878
1949
2079
2219
2343
2465
2548
2624
2663
2696
2688
2674
2634
2590
2543
2496
2458
2422
2405
2390
2402
2418
2456
2498
2549
2602
2644
2683
2684
2679
2621
2554
2435
2309
2141
1966
1780
1593
1446
1305
1244
1195
1233
1284
1403
1534
1694
1859
2010
2159
2262
2358
2372
2374
2266
2141
1942
1730
1533
1339
1215
1103
1069
1048
1111
1187
1335
1494
1678
1865
2041
2216
2370
2520
2636
2746
2803
2852
2847
2834
2776
2710
2613
2511
2398
2283
2179
2076
1996
1919
1869
1823
1808
1799
1819
1844
1885
1929
1975
2021
2066
2111
2151
2190
2215
2237
2241
2242
2232
2220
2201
2181
2156
2129
2105
2082
2064
2048
2030
2013
1991
1969
1957
1946
1947
1950
1953
1955
1956
1956
1961
1967
1974
1981
1987
1994
2006
2019
2031
2043
2049
2055
2068
2082
2104
2127
2143
2158
2164
2170
2176
2182
2183
2183
2176
2169
2163
2156
2147
2137
2122
2106
2095
2085
2079
2074
2068
2062
2056
2050
2045
2039
2034
2029
2030
2032
2037
2043
2044
2044
2045
2046
2051
2056
2059
2062
2062
2062
2056
2049
2034
2017
2001
1985
1981
1980
1981
1982
1979
1974
1975
1977
1988
2000
2014
2028
2039
2049
2056
2062
2059
2056
2050
2044
2047
2052
2062
2073
2077
2079
2076
2073
2073
2073
2074
2075
2070
2064
2055
2046
2041
2038
2038
2038
2040
2041
2046
2052
2059
2067
2073
2078
2081
2084
2087
2089
2088
2086
2079
2071
2066
2062
2065
2070
2073
2076
2073
2068
2063
2057
2053
2049
2040
2030
2019
2009
2005
2002
1998
1994
1984
1974
1968
1963
1964
1966
1967
1967
1971
1975
1983
1992
1995
1996
1998
2000
2017
2036
2059
2082
2090
2096
2093
2090
2088
2087
2081
2074
2062
2048
2038
2029
2026
2025
2029
2034
2042
2051
2060
2068
2075
2081
2085
2088
2088
2088
2081
2074
2066
2057
2049
2041
2036
2032
2035
2039
2045
2052
2052
2052
2049
2047
2050
2053
2051
2048
2032
2015
1999
1983
1977
1972
1969
1967
1963
1958
1958
1959
1966
1973
1982
1992
2007
2023
2037
2051
2053
2053
2052
2050
2057
2066
2077
2088
2091
2092
2089
2085
2081
2077
2071
2064
2058
2052
2048
2043
2038
2032
2028
2025
2027
2030
2037
2044
2049
2055
2059
2062
2064
2065
2065
2065
2064
2064
2062
2060
2053
2046
2040
2034
2033
2032
2033
2034
2040
2046
2057
2070
2081
2092
2099
2105
2109
2113
2108
2101
2083
2063
2044
2025
2010
1996
1979
1961
1946
1931
1931
1932
1936
1941
1943
1945
1952
1959
1966
1974
1979
1982
1993
2006
2024
2044
2057
2069
2076
2082
2088
2094
2094
2093
2088
2083
2078
2073
2064
2054
2046
2038
2040
2045
2051
2058
2059
2060
2066
2072
2080
2088
2090
2091
2088
2083
2078
2072
2065
2058
2054
2049
2048
2047
2045
2044
2042
2040
2041
2043
2048
2054
2061
2068
2073
2078
2075
2072
2065
2058
2051
2044
2032
2018
2001
1984
1976
1969
1974
1980
1982
1984
1981
1977
1975
1973
1974
1975
1981
1987
1994
2001
2001
2000
1994
1988
1996
2005
2026
2049
2064
2077
2081
2084
2089
2095
2094
2093
2077
2060
2043
2027
2020
2014
2012
2010
2008
2007
2010
2014
2023
2033
2046
2059
2070
2080
2084
2087
2086
2085
2085
2085
2084
2084
2082
2081
2081
2081
2082
2082
2080
2079
2081
2084
2088
2093
2092
2091
2091
2091
2092
2093
2087
2079
2066
2052
2044
2037
2028
2018
2003
1987
1981
1976
1978
1981
1975
1967
1958
1950
1952
1957
1961
1964
1967
1970
1982
1996
2006
2016
2018
2018
2028
2040
2060
2081
2092
2101
2103
2103
2103
2103
2097
2090
2079
2067
2061
2056
2054
2052
2048
2044
2044
2044
2048
2053
2056
2059
2060
2061
2058
2055
2050
2044
2044
2045
2049
2052
2050
2047
2044
2042
2042
2043
2043
2042
2040
2039
2040
2041
2043
2044
2046
2048
2054
2061
2062
2062
2057
2051
2051
2051
2050
2049
2033
2015
1997
1979
1978
1979
1984
1989
1982
1974
1966
1959
1962
1967
1977
1987
2001
2016
2030
2044
2047
2049
2048
2047
2054
2063
2074
2084
2085
2085
2081
2077
2076
2076
2074
2073
2066
2059
2051
2042
2036
2031
2030
2029
2029
2030
2031
2032
2034
2036
2038
2040
2041
2041
2040
2040
2041
2042
2043
2043
2042
2040
2043
2046
2054
2063
2070
2076
2077
2077
2077
2078
2081
2083
2085
2087
2091
2095
2097
2099
2093
2086
2073
2060
2050
2041
2030
2018
2004
1989
1982
1976
1979
1982
1982
1982
1978
1973
1973
1973
1974
1975
1980
1985
1996
2008
2017
2025
2025
2024
2030
2037
2058
2082
2102
2121
2125
2127
2123
2118
2111
2104
2092
2079
2065
2051
2040
2029
2023
2018
2019
2021
2026
2031
2035
2039
2043
2046
2048
2050
2051
2051
2052
2052
2051
2050
2048
2047
2047
2047
2048
2049
2050
2050
2049
2048
2045
2043
2042
2041
2041
2042
2045
2048
2053
2059
2064
2069
2068
2067
2061
2055
2048
2041
2030
2018
2005
1991
1987
1985
1987
1990
1987
1983
1978
1972
1972
1972
1973
1975
1981
1987
1996
2006
2010
2013
2010
2006
2014
2023
2045
2069
2088
2106
2113
2118
2119
2119
2116
2111
2099
2085
2071
2057
2049
2042
2039
2036
2038
2041
2048
2055
2060
2064
2066
2068
2074
2081
2087
2093
2090
2087
2080
2073
2070
2068
2070
2072
2074
2075
2072
2069
2066
2064
2065
2067
2070
2072
2073
2074
2078
2081
2082
2082
2076
2069
2064
2059
2054
2049
2033
2015
1998
1981
1980
1981
1985
1988
1980
1971
1964
1957
1959
1962
1967
1972
1980
1989
2001
2014
2021
2027
2029
2031
2041
2051
2068
2085
2099
2112
2115
2117
2114
2109
2105
2100
2096
2091
2083
2075
2066
2058
2056
2056
2059
2063
2066
2068
2069
2069
2068
2066
2061
2055
2052
2049
2049
2049
2048
2047
2043
2038
2036
2034
2035
2037
2041
2046
2049
2052
2055
2058
2062
2065
2065
2065
2060
2055
2049
2043
2034
2025
2007
1988
1975
1962
1964
1969
1975
1982
1980
1978
1977
1976
1979
1983
1986
1989
1994
1999
2003
2008
2006
2004
2005
2006
2022
2041
2061
2082
2089
2094
2092
2089
2089
2090
2091
2092
2086
2078
2064
2050
2042
2034
2036
2041
2049
2058
2066
2073
2074
2074
2070
2064
2061
2058
2061
2066
2066
2066
2058
2049
2043
2038
2040
2043
2045
2046
2047
2047
2051
2055
2059
2062
2069
2076
2086
2098
2100
2101
2095
2087
2083
2081
2073
2065
2046
2025
2014
2005
2007
2011
2010
2009
2008
2007
2014
2023
2031
2038
2042
2046
2053
2061
2069
2077
2087
2096
2113
2130
2145
2160
2171
2180
2183
2185
2169
2150
2132
2115
2129
2149
2174
2201
2196
2186
2151
2113
2061
2008
1949
1890
1857
1829
1828
1831
1819
1804
1771
1736
1715
1695
1690
1687
1687
1687
1694
1701
1716
1732
1766
1802
1862
1926
1999
2073
2146
2218
2300
2383
2480
2579
2682
2785
2884
2981
3054
3123
3144
3158
3129
3094
3037
2976
2897
2816
2724
2630
2548
2468
2404
2342
2278
2213
2144
2075
2011
1949
1890
1832
1767
1701
1627
1552
1486
1422
1390
1362
1371
1386
1421
1460
1503
1547
1589
1631
1674
1718
1771
1826
1883
1941
1975
2005
2000
1989
1955
1917
1854
1788
1682
1571
1436
1297
1174
1054
956
861
778
696
640
589
581
580
609
644
712
786
904
1029
1153
1278
1360
1435
1509
1582
1713
1853
2050
2257
2463
2670
2799
2916
2944
2959
2981
3005
3080
3163
3213
3257
3244
3222
3213
3206
3223
3243
3266
3289
3351
3419
3513
3610
3656
3694
3660
3615
3525
3428
3306
3181
3067
2955
2878
2806
2745
2686
2620
2554
2480
2405
2305
2201
2069
1934
1788
1641
1478
1311
1141
970
859
758
745
746
789
838
895
954
1035
1119
1230
1346
1449
1550
1584
1608
1560
1500
1421
1340
1276
1215
1156
1097
1047
997
990
989
1030
1078
1169
1267
1462
1671
1978
2301
2611
2919
3109
3281
3340
3380
3350
3308
3196
3072
2880
2678
2478
2279
2159
2050
2013
1988
2000
2018
2075
2137
2204
2271
2285
2291
2282
2271
2319
2376
2464
2558
2618
2674
2689
2698
2696
2692
2707
2726
2739
2752
2682
2600
2456
2303
2224
2156
2178
2214
2228
2238
2217
2191
2203
2222
2260
2302
2303
2298
2251
2198
2119
2037
1941
1844
1755
1668
1593
1519
1455
1393
1370
1353
1389
1433
1483
1534
1547
1554
1544
1530
1535
1542
1555
1569
1561
1550
1523
1493
1453
1410
1347
1281
1219
1158
1139
1127
1139
1155
1175
1195
1245
1299
1391
1489
1595
1703
1819
1937
2070
2207
2331
2454
2550
2643
2720
2795
2841
2883
2884
2879
2866
2851
2847
2846
2835
2823
2784
2741
2682
2621
2564
2508
2469
2433
2419
2409
2425
2445
2478
2514
2519
2520
2449
2367
2217
2057
1876
1692
1539
1392
1310
1238
1232
1236
1287
1345
1433
1527
1645
1766
1911
2060
2232
2407
2576
2745
2854
2955
2952
2933
2816
2683
2512
2335
2173
2013
1880
1752
1662
1578
1563
1559
1622
1695
1814
1940
2103
2271
2434
2597
2697
2786
2791
2782
2683
2570
2385
2189
1994
1799
1655
1518
1426
1342
1331
1331
1425
1535
1679
1828
1978
2127
2291
2457
2581
2698
2710
2707
2635
2552
2434
2310
2150
1985
1831
1679
1588
1507
1475
1451
1483
1523
1631
1750
1892
2037
2167
2295
2416
2535
2621
2701
2694
2673
2560
2432
2250
2060
1877
1695
1566
1445
1377
1317
1315
1323
1443
1580
1831
2100
2382
2665
2846
3011
3019
3003
2847
2670
2441
2204
2008
1819
1682
1552
1461
1377
1376
1389
1513
1654
1836
2024
2160
2287
2330
2359
2305
2238
2111
1976
1840
1703
1610
1523
1477
1437
1445
1461
1551
1653
1792
1937
2043
2144
2191
2230
2242
2249
2233
2213
2182
2150
2142
2138
2171
2209
2265
2324
2382
2440
2483
2523
2552
2579
2606
2633
2660
2688
2717
2747
2782
2818
2829
2836
2788
2731
2639
2542
2443
2344
2249
2155
2062
1969
1888
1808
1754
1704
1682
1665
1656
1648
1630
1610
1593
1576
1567
1559
1539
1518
1488
1457
1440
1426
1430
1436
1453
1472
1509
1549
1602
1658
1712
1766
1819
1872
1924
1975
2009
2041
2057
2070
2079
2088
2097
2105
2107
2108
2105
2102
2100
2098
2100
2102
2108
2115
2123
2131
2138
2145
2148
2150
2154
2157
2164
2171
2180
2189
2194
2199
2196
2193
2191
2189
2192
2196
2199
2202
2203
2204
2205
2206
2202
2197
2187
2176
2172
2170
2169
2168
2152
2135
2114
2092
2086
2083
2087
2092
2090
2087
2080
2073
2063
2053
2040
2026
2018
2011
2011
2011
2007
2004
2000
1997
2004
2012
2022
2032
2033
2033
2026
2019
2011
2004
2000
1995
1994
1994
1995
1997
1996
1995
1997
1999
2009
2020
2031
2042
2048
2053
2055
2056
2056
2056
2053
2051
2051
2051
2053
2056
2060
2064
2065
2066
2063
2059
2055
2051
2051
2051
2046
2040
2027
2012
2004
1997
2000
2004
2006
2007
2003
1997
1993
1990
1989
1989
1989
1989
1994
2000
2006
2012
2015
2018
2025
2032
2044
2057
2062
2065
2061
2055
2054
2054
2058
2064
2065
2066
2065
2063
2060
2057
2051
2044
2039
2034
2035
2037
2041
2046
2047
2047
2049
2051
2056
2062
2064
2065
2062
2058
2054
2050
2047
2044
2042
2041
2045
2050
2057
2064
2063
2060
2053
2046
2047
2050
2054
2057
2046
2032
2017
2002
1999
1998
2000
2002
2000
1997
1995
1993
1992
1991
1988
1986
1990
1995
2003
2012
2014
2015
2014
2013
2019
2026
2034
2042
2045
2047
2046
2045
2044
2044
2045
2046
2049
2052
2052
2051
2045
2038
2031
2024
2019
2015
2017
2019
2025
2031
2034
2037
2038
2038
2040
2041
2042
2042
2039
2034
2026
2018
2011
2005
2006
2007
2010
2012
2013
2013
2018
2024
2032
2040
2041
2041
2035
2029
2029
2029
2026
2023
2008
1992
1978
1965
1964
1964
1968
1973
1977
1980
1981
1982
1979
1975
1975
1975
1986
1998
2011
2024
2029
2032
2035
2037
2044
2052
2060
2067
2070
2071
2068
2063
2060
2057
2058
2060
2063
2066
2066
2066
2061
2056
2050
2044
2042
2040
2044
2049
2053
2057
2058
2058
2060
2063
2067
2070
2071
2071
2070
2070
2070
2070
2068
2065
2064
2063
2065
2067
2067
2066
2064
2063
2063
2063
2064
2064
2067
2070
2077
2084
2083
2082
2076
2070
2070
2070
2065
2058
2041
2021
2009
1998
1999
2001
2000
1998
1991
1983
1974
1966
1957
1948
1947
1947
1958
1971
1982
1994
1997
1998
2002
2005
2012
2020
2025
2030
2029
2028
2024
2020
2017
2014
2017
2020
2023
2025
2019
2012
2003
1994
1992
1991
1992
1994
1998
2002
2011
2020
2028
2035
2039
2042
2045
2048
2049
2049
2045
2040
2039
2038
2040
2043
2042
2040
2040
2040
2043
2045
2042
2039
2033
2027
2027
2027
2029
2031
2035
2039
2043
2048
2042
2034
2019
2003
1995
1988
1982
1975
1955
1933
1909
1885
1873
1863
1856
1849
1839
1827
1815
1802
1795
1788
1789
1791
1807
1826
1862
1901
1949
1999
2043
2087
2119
2150
2158
2162
2138
2110
2084
2058
2061
2068
2092
2119
2162
2208
2275
2344
2399
2452
2477
2497
2529
2563
2614
2667
2695
2719
2700
2675
2608
2535
2433
2325
2232
2142
2074
2009
1936
1862
1805
1752
1747
1749
1747
1744
1713
1678
1669
1664
1687
1715
1729
1741
1745
1747
1754
1762
1770
1778
1803
1831
1877
1926
1961
1993
2001
2005
2000
1993
1982
1970
1960
1951
1944
1937
1924
1909
1906
1904
1934
1970
2010
2051
2068
2081
2084
2086
2087
2088
2079
2068
2051
2034
2020
2007
1990
1972
1947
1922
1904
1887
1883
1882
1887
1894
1909
1925
1953
1982
2018
2055
2099
2144
2194
2244
2275
2304
2298
2286
2259
2229
2205
2182
2167
2154
2149
2146
2145
2145
2138
2130
2121
2112
2109
2108
2104
2099
2092
2085
2087
2089
2089
2089
2073
2054
2031
2007
1991
1976
1967
1960
1958
1958
1959
1961
1960
1959
1955
1952
1948
1944
1935
1926
1913
1899
1882
1865
1850
1835
1836
1839
1857
1877
1896
1915
1931
1947
1969
1991
2017
2043
2071
2099
2135
2173
2208
2242
2254
2262
2257
2250
2244
2239
2229
2218
2198
2176
2161
2147
2146
2146
2149
2151
2151
2150
2144
2137
2125
2112
2103
2094
2091
2090
2077
2062
2028
1991
1958
1925
1903
1882
1861
1839
1823
1807
1805
1806
1810
1814
1813
1812
1816
1821
1828
1835
1835
1833
1831
1829
1839
1851
1878
1907
1953
2003
2058
2115
2155
2193
2224
2253
2288
2325
2345
2362
2340
2312
2270
2225
2187
2150
2119
2089
2069
2051
2049
2050
2060
2072
2086
2101
2117
2133
2141
2148
2136
2121
2095
2067
2045
2023
2003
1983
1953
1921
1891
1862
1856
1855
1868
1884
1897
1909
1921
1934
1947
1961
1966
1969
1970
1970
1975
1981
1984
1986
1985
1983
1982
1982
1978
1974
1972
1970
1982
1997
2021
2045
2065
2085
2097
2107
2109
2109
2112
2114
2135
2158
2187
2217
2228
2235
2222
2207
2181
2154
2119
2082
2048
2016
1998
1982
1971
1961
1957
1954
1970
1990
2017
2045
2055
2062
2054
2043
2033
2023
2014
2006
1997
1988
1979
1970
1955
1939
1916
1892
1880
1870
1882
1898
1916
1934
1941
1947
1956
1966
1983
2000
2008
2015
2012
2008
2010
2013
2023
2033
2044
2054
2067
2081
2095
2110
2118
2125
2129
2132
2142
2153
2163
2172
2168
2162
2152
2140
2132
2125
2115
2103
2094
2085
2096
2110
2141
2175
2208
2241
2261
2280
2275
2267
2237
2204
2167
2129
2090
2051
2006
1961
1924
1889
1880
1874
1880
1887
1892
1896
1906
1918
1937
1958
1972
1986
1990
1992
1997
2002
2015
2029
2039
2049
2048
2045
2037
2028
2013
1998
1980
1961
1954
1949
1959
1971
1982
1994
2002
2009
2016
2023
2026
2029
2036
2043
2054
2065
2060
2052
2046
2041
2066
2095
2125
2155
2156
2152
2145
2137
2148
2163
2182
2202
2214
2224
2235
2245
2274
2305
2344
2385
2392
2393
2367
2337
2315
2295
2242
2183
2060
1927
1835
1750
1790
1850
1967
2092
2195
2295
2348
2394
2356
2305
2182
2049
1928
1810
1732
1661
1603
1547
1525
1509
1555
1611
1695
1783
1858
1931
1985
2036
2058
2075
2041
1998
1919
1833
1772
1714
1714
1723
1760
1802
1843
1884
1929
1975
2028
2081
2124
2166
2187
2206
2206
2203
2190
2175
2161
2146
2130
2114
2093
2072
2059
2047
2051
2058
2064
2070
2066
2061
2060
2060
2071
2084
2097
2110
2115
2118
2114
2108
2098
2086
2073
2060
2056
2054
2066
2080
2097
2114
2120
2125
2121
2116
2115
2114
2114
2115
2105
2093
2075
2055
2046
2038
2040
2044
2043
2041
2036
2031
2037
2045
2057
2070
2071
2071
2063
2055
2053
2053
2056
2060
2065
2071
2082
2095
2104
2112
2105
2095
2086
2077
2079
2082
2077
2070
2055
2038
2036
2037
2049
2063
2065
2065
2059
2052
2052
2053
2054
2055
2056
2056
2063
2071
2079
2087
2087
2086
2083
2081
2086
2092
2099
2107
2110
2111
2112
2113
2119
2125
2126
2126
2117
2105
2099
2094
2102
2111
2118
2124
2122
2120
2116
2112
2103
2094
2083
2073
2075
2079
2086
2093
2090
2085
2082
2080
2088
2098
2103
2108
2099
2089
2078
2066
2057
2048
2035
2021
2005
1988
1969
1950
1929
1907
1890
1873
1868
1865
1873
1882
1896
1911
1928
1946
1963
1980
1991
2000
2003
2005
2005
2005
2004
2004
2008
2014
2024
2036
2041
2045
2040
2034
2035
2037
2044
2051
2045
2038
2021
2003
1997
1993
1999
2007
2014
2021
2024
2027
2029
2030
2029
2027
2026
2026
2032
2039
2048
2057
2060
2062
2066
2070
2077
2084
2084
2083
2078
2072
2073
2075
2079
2082
2081
2080
2079
2079
2077
2075
2069
2062
2062
2062
2069
2076
2079
2082
2083
2083
2087
2092
2094
2095
2093
2090
2085
2080
2075
2070
2070
2070
2073
2075
2072
2069
2070
2072
2082
2092
2093
2092
2083
2074
2076
2079
2080
2080
2061
2038
2017
1996
1992
1991
1987
1984
1974
1962
1955
1949
1943
1937
1932
1927
1934
1943
1956
1970
1974
1977
1981
1986
1995
2005
2010
2013
2019
2026
2049
2074
2110
2148
2179
2208
2220
2229
2220
2208
2193
2178
2175
2174
2185
2198
2215
2233
2255
2278
2301
2323
2331
2337
2322
2303
2273
2242
2208
2173
2140
2106
2075
2045
2018
1991
1968
1946
1927
1908
1895
1883
1879
1877
1880
1885
1895
1906
1922
1938
1951
1964
1966
1967
1961
1954
1945
1936
1928
1921
1922
1924
1934
1944
1950
1956
1958
1959
1964
1969
1972
1974
1972
1969
1968
1967
1966
1966
1961
1955
1956
1958
1969
1981
1983
1984
1977
1969
1973
1979
2000
2023
2044
2065
2077
2088
2095
2102
2108
2114
2123
2133
2145
2157
2165
2172
2177
2182
2189
2196
2203
2210
2211
2211
2205
2199
2190
2181
2171
2162
2154
2146
2134
2122
2105
2087
2072
2057
2051
2045
2046
2048
2052
2056
2057
2057
2053
2049
2049
2050
2054
2057
2049
2040
2023
2006
1999
1994
1999
2006
2006
2005
1997
1988
1980
1973
1966
1959
1953
1946
1941
1936
1929
1922
1912
1900
1895
1892
1896
1901
1903
1905
1906
1907
1920
1935
1950
1966
1969
1970
1968
1966
1977
1990
2011
2033
2061
2089
2127
2166
2208
2251
2281
2309
2320
2328
2318
2304
2276
2245
2218
2193
2179
2166
2152
2138
2124
2109
2096
2083
2062
2040
2010
1978
1951
1924
1905
1886
1873
1861
1860
1861
1870
1880
1894
1909
1930
1952
1976
2000
2023
2045
2066
2086
2089
2089
2065
2036
2012
1989
1996
2009
2036
2065
2089
2112
2134
2155
2180
2206
2235
2265
2291
2316
2323
2328
2309
2287
2246
2201
2144
2085
2039
1995
1986
1983
2000
2021
2045
2069
2106
2144
2174
2203
2178
2145
2080
2009
1955
1904
1868
1836
1814
1793
1801
1813
1841
1871
1894
1915
1928
1940
1933
1923
1897
1868
1868
1871
1902
1937
1952
1964
1966
1966
1993
2024
2052
2080
2074
2064
2047
2029
2019
2010
1998
1986
1975
1963
1960
1959
1968
1978
1997
2017
2029
2041
2037
2030
2024
2017
2023
2030
2043
2058
2069
2079
2080
2079
2074
2069
2072
2077
2084
2091
2092
2091
2090
2090
2093
2098
2100
2102
2101
2099
2095
2090
2083
2076
2072
2069
2070
2072
2074
2075
2077
2078
2080
2081
2079
2076
2076
2076
2083
2090
2093
2095
2094
2093
2093
2093
2093
2094
2095
2095
2095
2094
2084
2073
2059
2044
2040
2038
2043
2050
2051
2051
2046
2041
2038
2035
2033
2032
2036
2041
2050
2059
2064
2068
2071
2074
2082
2091
2099
2106
2108
2109
2108
2107
2106
2106
2106
2106
2107
2108
2108
2107
2099
2091
2078
2065
2058
2051
2053
2055
2059
2062
2059
2055
2050
2044
2043
2043
2041
2040
2033
2026
2018
2010
2004
1999
1998
1997
2000
2004
2009
2014
2013
2011
2009
2007
2008
2009
2005
1999
1987
1974
1969
1966
1971
1978
1979
1980
1978
1975
1974
1973
1970
1968
1969
1970
1980
1992
2005
2018
2024
2029
2034
2040
2048
2056
2059
2061
2059
2056
2056
2056
2059
2061
2062
2062
2063
2063
2064
2064
2061
2058
2054
2049
2050
2051
2056
2062
2066
2069
2070
2070
2071
2072
2073
2073
2072
2070
2066
2063
2059
2056
2053
2050
2048
2047
2051
2056
2066
2077
2082
2086
2082
2076
2076
2076
2082
2089
2081
2071
2049
2026
2016
2008
2013
2021
2023
2023
2018
2012
2010
2008
2006
2005
2005
2006
2014
2023
2031
2038
2038
2037
2038
2040
2046
2052
2055
2058
2060
2062
2064
2065
2064
2062
2062
2062
2065
2070
2071
2071
2066
2060
2055
2049
2048
2048
2050
2053
2057
2060
2061
2062
2061
2059
2058
2057
2055
2053
2049
2044
2041
2039
2040
2042
2043
2044
2041
2036
2032
2027
2026
2025
2025
2025
2028
2030
2036
2043
2045
2046
2042
2037
2035
2034
2033
2032
2022
2010
1995
1980
1974
1969
1972
1976
1980
1983
1983
1982
1978
1974
1972
1970
1975
1981
1990
2000
2007
2014
2021
2028
2039
2049
2056
2063
2061
2058
2054
2051
2055
2061
2070
2079
2084
2088
2088
2087
2085
2083
2079
2074
2071
2068
2069
2071
2072
2073
2072
2070
2069
2068
2067
2067
2065
2063
2060
2058
2059
2060
2068
2076
2084
2091
2087
2081
2073
2064
2060
2057
2056
2055
2055
2056
2062
2068
2069
2069
2067
2065
2069
2075
2078
2080
2073
2064
2061
2059
2064
2071
2069
2066
2060
2053
2052
2052
2048
2043
2037
2030
2028
2027
2021
2015
2006
1997
1997
1998
2003
2009
2010
2010
2019
2028
2046
2065
2073
2079
2070
2060
2051
2042
2040
2039
2040
2042
2046
2049
2050
2050
2041
2032
2019
2005
1997
1990
1992
1995
2007
2021
2037
2054
2062
2068
2061
2052
2041
2029
2023
2018
2014
2011
2009
2007
2010
2014
2020
2026
2029
2031
2030
2029
2025
2021
2021
2021
2030
2041
2052
2063
2065
2065
2061
2057
2053
2050
2044
2037
2033
2029
2032
2035
2033
2030
2020
2010
2007
2006
2011
2018
2018
2018
2011
2004
2000
1996
1996
1997
2001
2005
2012
2020
2028
2035
2037
2038
2038
2038
2041
2046
2050
2055
2054
2053
2053
2053
2057
2062
2064
2065
2064
2062
2061
2061
2057
2052
2046
2039
2041
2044
2051
2058
2060
2061
2061
2060
2062
2064
2065
2065
2061
2058
2057
2056
2055
2054
2052
2050
2051
2053
2055
2056
2053
2049
2049
2049
2056
2063
2066
2068
2066
2063
2063
2064
2064
2063
2059
2054
2057
2062
2070
2079
2077
2073
2064
2055
2057
2060
2063
2066
2054
2039
2024
2009
2010
2013
2019
2025
2017
2008
1997
1985
1983
1982
1985
1989
1994
2000
2009
2018
2024
2029
2026
2023
2020
2017
2017
2018
2018
2017
2017
2017
2022
2027
2029
2031
2028
2025
2025
2025
2023
2022
2014
2006
2001
1998
2003
2010
2018
2027
2037
2046
2057
2068
2071
2072
2068
2063
2063
2064
2066
2068
2065
2061
2060
2059
2063
2068
2070
2071
2071
2071
2071
2071
2069
2066
2063
2060
2063
2067
2070
2073
2073
2073
2073
2073
2069
2066
2058
2050
2047
2045
2048
2052
2048
2043
2035
2027
2027
2028
2033
2039
2037
2034
2027
2020
2018
2016
2019
2023
2033
2044
2056
2068
2071
2073
2070
2067
2069
2072
2078
2085
2086
2087
2087
2087
2088
2090
2091
2092
2093
2093
2090
2088
2083
2078
2072
2065
2061
2056
2056
2056
2063
2070
2075
2078
2073
2066
2062
2057
2058
2059
2056
2051
2045
2039
2038
2037
2034
2032
2029
2026
2025
2025
2021
2017
2011
2004
2004
2004
2007
2009
2011
2012
2016
2021
2025
2028
2026
2023
2019
2016
2011
2005
1996
1986
1981
1978
1982
1988
1992
1995
1993
1990
1986
1981
1978
1976
1980
1986
1998
2011
2021
2030
2033
2034
2035
2035
2039
2044
2048
2051
2050
2049
2049
2049
2055
2062
2067
2073
2073
2073
2071
2069
2062
2055
2043
2031
2028
2026
2035
2047
2056
2064
2066
2067
2068
2068
2069
2069
2066
2063
2060
2058
2057
2056
2054
2052
2049
2047
2047
2047
2051
2054
2056
2057
2057
2057
2057
2058
2060
2061
2060
2059
2057
2055
2054
2054
2057
2060
2066
2072
2072
2072
2064
2055
2053
2053
2056
2060
2052
2043
2030
2016
2016
2017
2021
2025
2019
2012
2006
2000
1999
1999
1996
1994
1997
2002
2015
2030
2036
2041
2036
2029
2028
2028
2033
2039
2041
2043
2046
2049
2055
2061
2063
2065
2062
2059
2055
2052
2045
2038
2028
2018
2011
2005
2006
2008
2014
2021
2028
2035
2040
2045
2045
2044
2040
2037
2036
2035
2034
2034
2032
2030
2027
2024
2022
2020
2023
2027
2034
2041
2047
2052
2053
2054
2058
2062
2066
2070
2068
2065
2060
2054
2052
2051
2053
2055
2060
2065
2072
2079
2081
2081
2076
2070
2065
2060
2057
2054
2047
2040
2032
2025
2026
2027
2033
2040
2041
2041
2036
2029
2025
2022
2025
2029
2037
2046
2055
2064
2069
2073
2071
2069
2069
2069
2075
2082
2086
2090
2089
2087
2088
2089
2093
2098
2097
2096
2091
2085
2081
2078
2072
2066
2061
2055
2055
2055
2059
2062
2065
2068
2071
2073
2071
2068
2060
2051
2046
2042
2042
2042
2040
2038
2035
2032
2032
2033
2034
2035
2036
2037
2037
2036
2032
2027
2024
2022
2023
2025
2027
2029
2033
2036
2040
2044
2040
2034
2027
2020
2022
2027
2028
2028
2015
2000
1989
1980
1983
1988
1995
2002
2003
2004
2000
1995
1989
1983
1986
1990
2000
2011
2019
2027
2032
2036
2038
2039
2038
2037
2040
2045
2052
2059
2060
2060
2057
2055
2058
2063
2065
2067
2065
2062
2058
2055
2051
2046
2041
2036
2039
2042
2048
2055
2056
2056
2057
2057
2059
2060
2059
2057
2053
2048
2047
2047
2047
2047
2048
2049
2053
2057
2059
2061
2060
2058
2059
2060
2066
2072
2076
2079
2081
2083
2083
2082
2075
2067
2063
2060
2069
2081
2087
2093
2083
2071
2063
2056
2057
2059
2055
2050
2039
2026
2022
2019
2022
2025
2024
2022
2014
2006
1999
1993
1992
1992
1992
1993
1999
2006
2016
2027
2033
2038
2035
2032
2034
2036
2043
2050
2052
2052
2051
2050
2053
2058
2062
2065
2063
2061
2058
2056
2052
2047
2039
2030
2025
2021
2024
2028
2032
2037
2039
2041
2042
2043
2041
2038
2032
2025
2023
2021
2021
2021
2020
2019
2019
2020
2027
2035
2040
2045
2043
2041
2041
2041
2042
2043
2042
2040
2041
2042
2048
2055
2060
2066
2069
2071
2072
2072
2070
2068
2068
2068
2065
2060
2047
2032
2021
2011
2011
2013
2014
2014
2009
2003
2002
2002
2004
2007
2011
2015
2023
2032
2044
2056
2064
2071
2072
2073
2072
2071
2069
2067
2063
2058
2056
2055
2060
2067
2073
2079
2076
2073
2069
2066
2066
2066
2061
2055
2051
2048
2054
2061
2069
2077
2081
2083
2086
2089
2090
2090
2085
2079
2077
2075
2076
2078
2079
2079
2081
2084
2088
2092
2090
2088
2083
2078
2075
2073
2072
2071
2072
2074
2079
2085
2084
2083
2076
2068
2063
2058
2057
2056
2048
2040
2027
2014
2009
2006
2010
2015
2013
2010
2000
1988
1982
1976
1978
1981
1987
1993
2001
2009
2017
2025
2026
2025
2024
2024
2030
2037
2040
2042
2039
2034
2033
2033
2033
2034
2034
2033
2034
2035
2034
2033
2025
2016
2010
2005
2008
2013
2019
2026
2032
2038
2043
2049
2049
2049
2045
2041
2040
2039
2038
2038
2037
2037
2039
2041
2044
2046
2048
2049
2052
2055
2056
2057
2056
2055
2055
2055
2055
2056
2060
2063
2067
2070
2069
2068
2065
2063
2065
2067
2067
2066
2055
2043
2035
2027
2027
2029
2030
2031
2027
2022
2016
2009
2004
1999
1999
2000
2008
2017
2026
2035
2040
2043
2044
2044
2045
2046
2049
2052
2054
2055
2054
2053
2054
2055
2061
2067
2071
2075
2072
2069
2063
2057
2053
2050
2049
2049
2047
2046
2046
2046
2050
2055
2060
2065
2065
2064
2061
2059
2058
2058
2056
2055
2055
2055
2058
2060
2061
2061
2061
2061
2060
2060
2057
2054
2054
2055
2060
2066
2066
2065
2063
2062
2068
2076
2080
2082
2075
2066
2061
2057
2055
2053
2041
2027
2017
2007
2009
2013
2014
2014
2006
1997
1991
1985
1981
1976
1971
1966
1971
1978
1990
2004
2010
2016
2016
2016
2016
2017
2019
2021
2022
2022
2025
2027
2030
2032
2034
2035
2037
2039
2043
2046
2047
2047
2042
2037
2033
2028
2030
2033
2040
2047
2053
2059
2062
2064
2068
2071
2075
2078
2077
2076
2070
2064
2063
2062
2065
2068
2069
2069
2066
2063
2063
2064
2067
2069
2070
2070
2069
2069
2068
2068
2066
2064
2065
2066
2069
2072
2069
2066
2062
2057
2057
2058
2057
2056
2048
2039
2034
2030
2035
2042
2047
2053
2051
2048
2043
2038
2038
2038
2043
2049
2057
2066
2075
2084
2089
2093
2092
2091
2090
2089
2092
2096
2100
2104
2103
2102
2099
2097
2097
2097
2096
2096
2089
2082
2072
2062
2056
2050
2048
2047
2046
2046
2047
2049
2053
2057
2056
2054
2046
2038
2032
2026
2025
2025
2022
2019
2016
2013
2013
2013
2011
2009
2004
1999
1998
1998
2002
2007
2011
2016
2018
2020
2023
2025
2029
2032
2029
2025
2012
1998
1987
1975
1974
1975
1981
1987
1989
1991
1990
1989
1989
1989
1991
1994
2000
2007
2015
2023
2028
2033
2034
2035
2039
2042
2050
2058
2063
2066
2063
2059
2059
2059
2069
2079
2086
2092
2087
2080
2070
2060
2053
2046
2041
2036
2037
2038
2045
2053
2059
2065
2066
2066
2069
2072
2073
2074
2071
2067
2064
2061
2060
2060
2057
2055
2051
2047
2043
2039
2037
2035
2039
2044
2050
2057
2063
2069
2082
2097
2109
2119
2105
2087
2067
2046
2044
2044
2037
2030
2014
1995
1997
2003
2022
2044
2049
2051
2040
2026
2012
1997
1982
1967
1965
1966
1983
2003
2014
2023
2023
2021
2029
2038
2049
2060
2054
2045
2029
2013
2007
2003
2009
2016
2024
2032
2038
2044
2047
2050
2051
2051
2048
2044
2037
2030
2028
2027
2032
2039
2049
2061
2072
2084
2089
2094
2087
2079
2070
2062
2060
2059
2057
2055
2053
2051
2056
2063
2070
2077
2076
2074
2074
2074
2077
2080
2079
2077
2078
2079
2084
2089
2083
2076
2067
2058
2062
2068
2071
2074
2065
2053
2049
2046
2052
2060
2062
2062
2055
2048
2041
2035
2032
2030
2034
2040
2051
2063
2071
2078
2082
2085
2086
2087
2086
2084
2082
2081
2081
2081
2079
2078
2078
2078
2080
2082
2079
2074
2064
2052
2044
2037
2032
2029
2026
2024
2027
2032
2040
2048
2053
2056
2054
2052
2048
2043
2036
2029
2024
2019
2018
2018
2020
2022
2026
2029
2031
2032
2031
2030
2029
2029
2030
2031
2033
2034
2042
2050
2060
2069
2063
2055
2040
2024
2022
2023
2027
2031
2023
2014
2008
2003
2007
2013
2011
2009
2001
1993
1987
1982
1980
1979
1986
1994
2009
2025
2035
2044
2042
2039
2034
2029
2029
2029
2034
2040
2045
2051
2050
2048
2051
2054
2064
2076
2076
2075
2061
2046
2036
2028
2025
2024
2026
2028
2041
2056
2067
2079
2074
2067
2061
2055
2059
2065
2066
2066
2059
2052
2049
2046
2043
2041
2040
2040
2044
2050
2054
2057
2055
2052
2047
2041
2036
2031
2033
2035
2043
2051
2052
2051
2044
2037
2036
2036
2032
2029
2013
1996
1981
1967
1969
1974
1984
1995
2000
2004
1999
1993
1985
1977
1977
1978
1992
2007
2022
2037
2044
2050
2050
2049
2048
2048
2050
2053
2059
2065
2069
2074
2076
2077
2079
2081
2085
2089
2089
2089
2080
2070
2061
2052
2054
2057
2064
2071
2072
2072
2070
2067
2066
2066
2066
2066
2067
2067
2069
2070
2072
2074
2074
2073
2069
2065
2062
2060
2062
2065
2069
2073
2074
2074
2076
2078
2084
2091
2095
2100
2097
2094
2088
2081
2080
2080
2083
2086
2084
2081
2071
2061
2055
2050
2049
2049
2042
2035
2027
2020
2021
2023
2026
2028
2029
2029
2035
2042
2044
2046
2042
2036
2039
2042
2051
2060
2058
2054
2047
2040
2042
2047
2048
2048
2038
2026
2018
2011
2010
2009
2006
2004
2006
2009
2017
2025
2030
2033
2034
2034
2036
2039
2039
2039
2034
2029
2027
2026
2029
2032
2037
2043
2046
2049
2046
2043
2039
2035
2032
2030
2025
2019
2019
2019
2033
2048
2060
2070
2067
2061
2057
2054
2057
2062
2059
2055
2044
2032
2027
2023
2024
2026
2024
2021
2014
2006
2001
1997
2000
2004
2011
2018
2022
2027
2030
2033
2036
2038
2039
2039
2041
2042
2046
2049
2055
2062
2069
2077
2079
2080
2073
2064
2056
2049
2048
2049
2049
2048
2043
2038
2037
2037
2040
2045
2049
2054
2057
2060
2061
2061
2062
2062
2065
2069
2072
2074
2069
2062
2055
2048
2046
2046
2047
2048
2050
2052
2055
2058
2057
2056
2052
2049
2046
2044
2040
2036
2030
2024
2025
2026
2032
2038
2037
2036
2030
2024
2016
2008
1995
1981
1970
1959
1960
1963
1973
1984
1987
1988
1982
1974
1969
1965
1968
1973
1980
1988
1999
2010
2023
2036
2042
2048
2047
2045
2048
2053
2062
2071
2074
2076
2077
2077
2083
2090
2095
2100
2098
2095
2091
2087
2080
2073
2063
2053
2049
2047
2056
2067
2078
2089
2093
2095
2092
2089
2084
2079
2072
2065
2058
2052
2048
2045
2044
2043
2046
2050
2058
2066
2071
2076
2079
2081
2088
2095
2100
2103
2095
2085
2077
2069
2071
2075
2077
2079
2077
2074
2077
2081
2084
2087
2079
2069
2058
2048
2049
2051
2057
2063
2061
2059
2055
2050
2046
2043
2039
2034
2035
2036
2043
2051
2053
2053
2045
2036
2033
2031
2036
2043
2044
2045
2044
2043
2049
2056
2065
2074
2074
2072
2060
2046
2031
2015
2005
1997
1999
2003
2012
2021
2027
2033
2035
2036
2037
2037
2035
2034
2030
2025
2024
2024
2029
2036
2040
2044
2038
2031
2024
2018
2020
2023
2027
2031
2034
2037
2044
2051
2052
2053
2051
2048
2051
2055
2057
2058
2048
2035
2025
2016
2016
2017
2015
2012
2005
1997
1994
1993
1994
1996
1996
1996
1998
2000
2007
2014
2022
2030
2035
2040
2044
2048
2055
2063
2071
2078
2075
2070
2063
2055
2057
2060
2067
2074
2074
2074
2069
2064
2057
2049
2041
2034
2037
2040
2047
2055
2060
2064
2069
2075
2082
2089
2085
2080
2070
2059
2055
2052
2055
2059
2063
2066
2067
2067
2063
2060
2060
2060
2060
2060
2056
2052
2055
2059
2073
2089
2094
2096
2084
2069
2059
2051
2050
2050
2042
2033
2023
2014
2012
2011
2011
2011
2007
2002
1994
1985
1977
1970
1972
1977
1988
2001
2007
2013
2011
2008
2004
2001
2001
2002
2008
2015
2019
2024
2021
2018
2014
2011
2013
2015
2018
2020
2024
2029
2038
2047
2052
2057
2054
2050
2047
2045
2047
2049
2055
2062
2070
2078
2081
2082
2077
2070
2067
2065
2065
2066
2067
2067
2073
2080
2089
2098
2097
2094
2085
2076
2071
2067
2067
2067
2071
2075
2081
2088
2087
2085
2075
2063
2057
2051
2051
2051
2047
2041
2036
2031
2034
2039
2043
2047
2041
2034
2024
2015
2012
2010
2013
2018
2027
2037
2049
2062
2067
2072
2069
2065
2067
2069
2078
2088
2096
2103
2107
2112
2115
2117
2113
2107
2101
2095
2095
2095
2090
2084
2076
2068
2067
2068
2073
2078
2077
2076
2075
2075
2074
2074
2067
2060
2056
2053
2058
2064
2066
2068
2062
2055
2046
2038
2031
2024
2020
2015
2014
2013
2016
2021
2028
2035
2037
2038
2032
2025
2021
2017
2015
2013
2005
1996
1989
1982
1986
1992
1995
1998
1992
1984
1978
1972
1971
1970
1968
1966
1971
1978
1993
2009
2019
2028
2029
2028
2030
2032
2036
2041
2040
2039
2039
2039
2046
2054
2064
2073
2075
2076
2073
2069
2064
2058
2051
2044
2039
2033
2035
2038
2047
2056
2064
2071
2076
2080
2083
2086
2085
2084
2077
2070
2064
2058
2057
2056
2057
2058
2059
2059
2061
2062
2065
2067
2069
2071
2068
2064
2057
2050
2048
2047
2050
2054
2055
2055
2055
2054
2055
2057
2056
2054
2045
2036
2027
2018
2016
2016
2019
2023
2021
2018
2010
2001
1999
1999
2005
2012
2019
2026
2035
2045
2059
2074
2082
2090
2097
2103
2114
2127
2138
2148
2156
2163
2175
2189
2202
2215
2223
2231
2235
2238
2221
2200
2157
2111
2076
2042
2035
2033
2034
2035
2034
2032
2039
2047
2058
2068
2067
2065
2053
2039
2024
2008
2001
1996
2003
2012
2013
2012
2004
1995
2012
2034
2075
2120
2137
2150
2145
2137
2169
2208
2280
2357
2403
2445
2455
2460
2469
2478
2466
2450
2373
2287
2184
2079
2024
1977
1974
1979
1985
1992
1987
1980
1969
1957
1949
1942
1940
1940
1917
1892
1834
1770
1713
1656
1630
1608
1590
1573
1556
1539
1535
1533
1525
1516
1494
1471
1457
1444
1435
1426
1418
1411
1444
1485
1577
1677
1784
1892
1972
2047
2086
2119
2130
2137
2158
2181
2215
2251
2257
2258
2244
2228
2238
2253
2284
2318
2340
2360
2372
2383
2384
2384
2373
2360
2353
2347
2338
2329
2309
2287
2280
2277
2293
2313
2323
2331
2341
2350
2379
2410
2430
2447
2443
2436
2439
2443
2451
2459
2444
2425
2391
2355
2325
2295
2271
2249
2225
2201
2166
2130
2089
2046
2017
1989
1972
1957
1930
1902
1862
1819
1785
1751
1734
1720
1715
1711
1708
1706
1710
1716
1731
1748
1763
1777
1783
1789
1795
1802
1804
1805
1796
1786
1783
1781
1792
1805
1817
1830
1852
1875
1914
1956
1985
2013
2021
2027
2046
2068
2102
2138
2156
2170
2166
2160
2158
2157
2154
2151
2140
2127
2121
2115
2122
2131
2139
2146
2145
2143
2142
2142
2143
2145
2146
2146
2147
2149
2149
2149
2140
2131
2118
2105
2096
2087
2074
2061
2045
2029
2020
2012
2008
2006
2003
2000
1999
1998
1996
1995
1989
1982
1978
1973
1973
1974
1976
1978
1982
1986
1990
1995
1994
1992
1991
1991
1996
2002
1997
1990
1971
1949
1937
1927
1931
1938
1942
1947
1948
1948
1952
1958
1965
1973
1983
1992
2005
2019
2027
2034
2030
2024
2020
2016
2019
2022
2026
2029
2034
2040
2048
2056
2058
2059
2061
2062
2072
2083
2088
2093
2085
2076
2072
2070
2077
2085
2090
2095
2096
2096
2097
2097
2095
2092
2089
2086
2086
2086
2084
2082
2080
2079
2076
2073
2063
2051
2046
2042
2053
2066
2069
2071
2059
2044
2042
2042
2051
2061
2059
2054
2045
2035
2034
2034
2035
2036
2040
2044
2054
2064
2069
2073
2069
2064
2066
2069
2076
2083
2081
2079
2074
2068
2068
2068
2068
2067
2062
2057
2056
2055
2052
2050
2043
2036
2031
2028
2032
2037
2041
2044
2041
2038
2035
2033
2033
2033
2033
2033
2030
2028
2027
2026
2026
2027
2026
2024
2020
2017
2016
2015
2015
2016
2013
2009
2003
1997
1996
1996
1996
1996
1992
1988
1982
1976
1972
1968
1969
1971
1979
1988
1998
2008
2015
2021
2027
2033
2039
2046
2050
2054
2055
2055
2054
2053
2052
2051
2051
2052
2055
2057
2058
2058
2056
2054
2052
2051
2051
2051
2052
2053
2055
2057
2061
2064
2066
2067
2068
2068
2069
2069
2066
2064
2061
2059
2058
2058
2054
2051
2050
2050
2059
2069
2074
2079
2070
2058
2056
2055
2065
2077
2072
2065
2045
2022
2012
2005
2008
2012
2006
1998
1986
1973
1968
1965
1967
1969
1976
1983
1994
2005
2010
2014
2011
2006
2006
2007
2017
2028
2036
2043
2041
2038
2035
2033
2036
2041
2044
2047
2046
2044
2043
2043
2044
2045
2044
2042
2041
2041
2048
2056
2068
2081
2087
2093
2094
2094
2094
2095
2095
2094
2090
2085
2084
2083
2083
2083
2079
2075
2072
2069
2070
2072
2076
2080
2088
2096
2107
2117
2116
2114
2106
2098
2099
2101
2103
2105
2095
2083
2074
2065
2067
2070
2070
2069
2060
2051
2044
2037
2035
2033
2034
2036
2041
2047
2054
2061
2064
2067
2067
2067
2068
2069
2071
2073
2070
2066
2060
2053
2053
2054
2057
2059
2054
2048
2041
2034
2031
2029
2023
2016
2010
2004
2007
2012
2019
2026
2029
2030
2032
2034
2037
2039
2037
2034
2030
2027
2027
2027
2025
2023
2018
2013
2012
2011
2012
2013
2015
2017
2021
2024
2027
2030
2034
2039
2046
2053
2056
2059
2056
2052
2050
2048
2047
2047
2040
2032
2024
2017
2021
2026
2028
2029
2020
2009
2001
1993
1993
1995
2001
2008
2017
2027
2035
2043
2043
2041
2041
2041
2049
2059
2065
2070
2067
2063
2063
2063
2066
2069
2069
2068
2066
2064
2060
2056
2048
2040
2036
2033
2038
2044
2048
2052
2054
2056
2060
2065
2067
2068
2066
2064
2062
2061
2059
2057
2053
2049
2048
2047
2049
2051
2052
2052
2051
2050
2049
2048
2049
2050
2051
2051
2046
2041
2038
2036
2041
2048
2051
2054
2048
2040
2034
2028
2027
2027
2019
2010
1997
1983
1980
1979
1982
1986
1981
1975
1966
1957
1955
1955
1961
1968
1978
1988
1999
2011
2022
2032
2040
2047
2053
2060
2066
2073
2075
2076
2075
2073
2073
2073
2075
2077
2079
2081
2082
2082
2079
2076
2070
2064
2063
2062
2064
2067
2069
2070
2069
2068
2069
2071
2075
2078
2078
2078
2074
2071
2070
2069
2068
2068
2067
2066
2066
2067
2068
2069
2070
2070
2072
2075
2079
2082
2083
2084
2090
2096
2104
2113
2112
2110
2103
2096
2096
2097
2096
2094
2083
2071
2068
2067
2073
2080
2076
2070
2060
2048
2042
2037
2034
2031
2032
2033
2042
2052
2056
2058
2052
2044
2043
2043
2049
2057
2060
2062
2058
2053
2048
2042
2038
2033
2031
2030
2026
2023
2010
1996
1982
1968
1967
1967
1975
1984
1990
1996
1998
2000
2004
2007
2011
2014
2018
2021
2023
2024
2022
2019
2018
2017
2023
2030
2034
2037
2034
2029
2027
2026
2029
2034
2038
2043
2048
2053
2057
2060
2057
2054
2053
2052
2057
2063
2060
2057
2044
2029
2024
2021
2028
2036
2037
2036
2026
2016
2010
2005
2003
2002
2004
2006
2017
2029
2040
2051
2053
2053
2051
2050
2053
2057
2061
2066
2066
2066
2062
2058
2054
2051
2053
2056
2060
2065
2062
2058
2049
2040
2036
2033
2036
2040
2046
2053
2059
2065
2068
2071
2071
2071
2069
2068
2067
2066
2064
2063
2063
2063
2063
2064
2064
2063
2060
2057
2055
2054
2051
2049
2045
2041
2042
2044
2054
2064
2066
2067
2056
2043
2038
2033
2036
2041
2033
2024
2008
1991
1990
1991
1997
2003
1995
1986
1974
1961
1959
1959
1963
1968
1973
1979
1989
2001
2013
2025
2032
2039
2042
2045
2048
2051
2055
2058
2062
2067
2073
2079
2080
2080
2076
2070
2067
2065
2068
2072
2072
2071
2064
2056
2053
2052
2058
2066
2073
2080
2082
2083
2084
2084
2084
2084
2081
2078
2075
2073
2072
2071
2070
2069
2068
2067
2067
2067
2068
2068
2069
2069
2071
2073
2075
2076
2079
2082
2091
2100
2107
2114
2106
2097
2086
2076
2078
2083
2086
2088
2078
2066
2057
2048
2047
2048
2048
2047
2040
2033
2026
2019
2016
2013
2016
2020
2027
2035
2038
2040
2037
2033
2033
2033
2040
2047
2052
2057
2058
2058
2056
2054
2053
2052
2050
2048
2043
2038
2031
2024
2016
2009
2007
2005
2009
2014
2019
2024
2027
2029
2032
2034
2035
2036
2034
2032
2031
2030
2031
2032
2033
2033
2028
2023
2019
2016
2019
2023
2029
2035
2035
2034
2030
2027
2030
2035
2042
2049
2053
2056
2060
2063
2062
2061
2053
2045
2045
2046
2053
2060
2054
2047
2034
2021
2023
2027
2032
2038
2029
2019
2008
1996
1995
1995
2001
2007
2014
2021
2029
2038
2044
2049
2050
2051
2052
2052
2052
2052
2053
2053
2055
2056
2059
2061
2062
2063
2065
2066
2067
2067
2060
2052
2041
2029
2026
2025
2034
2044
2054
2063
2068
2071
2070
2069
2066
2063
2061
2059
2057
2055
2051
2047
2046
2045
2048
2051
2053
2055
2056
2056
2054
2052
2047
2042
2039
2037
2040
2044
2045
2045
2044
2042
2042
2042
2039
2036
2031
2026
2028
2030
2027
2023
2009
1993
1986
1980
1987
1995
1995
1993
1982
1970
1966
1963
1968
1975
1984
1994
2009
2025
2037
2049
2050
2049
2049
2049
2057
2065
2072
2079
2080
2080
2078
2077
2077
2077
2079
2081
2083
2085
2080
2073
2062
2050
2045
2041
2044
2049
2053
2057
2061
2065
2069
2074
2077
2080
2080
2079
2077
2075
2073
2072
2072
2072
2072
2072
2072
2072
2074
2077
2081
2086
2087
2087
2087
2087
2091
2096
2100
2105
2109
2113
2118
2124
2122
2120
2109
2097
2090
2084
2084
2085
2081
2076
2069
2062
2064
2067
2070
2073
2065
2056
2042
2027
2019
2011
2008
2007
2010
2014
2020
2026
2027
2027
2025
2023
2025
2028
2033
2038
2037
2036
2031
2025
2022
2019
2017
2015
2012
2010
2006
2002
1993
1984
1977
1970
1976
1984
1997
2011
2015
2018
2018
2017
2022
2028
2033
2039
2039
2038
2037
2036
2036
2036
2036
2037
2041
2044
2047
2049
2046
2041
2037
2033
2036
2039
2044
2050
2055
2060
2065
2070
2070
2070
2066
2063
2064
2066
2067
2067
2058
2049
2040
2031
2030
2030
2032
2034
2029
2023
2015
2006
2001
1998
2002
2008
2016
2024
2032
2039
2044
2048
2048
2047
2046
2045
2048
2051
2053
2055
2054
2053
2054
2056
2059
2061
2060
2058
2054
2050
2044
2038
2027
2014
2006
1999
2003
2009
2016
2023
2024
2024
2027
2029
2033
2036
2036
2035
2033
2032
2030
2028
2025
2023
2023
2023
2024
2025
2021
2016
2009
2002
1998
1993
1993
1993
1999
2006
2015
2025
2029
2031
2026
2020
2014
2008
2006
2004
2004
2005
2001
1995
1974
1951
1921
1890
1866
1843
1817
1790
1751
1710
1678
1647
1649
1657
1696
1740
1793
1848
1899
1950
1992
2031
2062
2091
2120
2148
2173
2199
2221
2243
2268
2293
2321
2349
2367
2384
2383
2380
2360
2338
2307
2275
2248
2221
2198
2176
2143
2109
2079
2049
2040
2035
2035
2035
2025
2014
2019
2026
2059
2095
2127
2159
2173
2185
2187
2187
2184
2181
2182
2184
2186
2188
2179
2169
2162
2156
2168
2183
2197
2210
2208
2204
2200
2197
2195
2194
2187
2179
2177
2177
2188
2202
2209
2216
2207
2196
2182
2168
2158
2148
2133
2118
2088
2057
2014
1970
1932
1896
1881
1869
1872
1878
1879
1879
1871
1862
1855
1848
1849
1850
1857
1864
1870
1875
1871
1866
1858
1850
1847
1845
1846
1847
1848
1848
1853
1859
1873
1888
1903
1918
1932
1945
1957
1970
1978
1985
1989
1991
1995
1998
2002
2007
2015
2023
2036
2049
2057
2064
2068
2070
2079
2088
2095
2101
2088
2072
2054
2036
2035
2036
2039
2041
2032
2021
2012
2003
2001
2001
1998
1996
1994
1993
1994
1996
1993
1988
1984
1980
1988
1998
2007
2015
2013
2010
2012
2014
2030
2048
2073
2100
2131
2163
2186
2207
2198
2185
2157
2127
2108
2091
2087
2085
2090
2097
2116
2138
2163
2189
2200
2208
2203
2196
2187
2179
2170
2162
2151
2140
2132
2125
2120
2117
2112
2106
2102
2097
2099
2101
2099
2097
2081
2063
2047
2031
2030
2032
2035
2038
2031
2023
2017
2012
2015
2019
2023
2027
2033
2039
2047
2055
2058
2059
2060
2060
2069
2079
2090
2100
2102
2102
2102
2103
2105
2106
2096
2084
2065
2044
2035
2028
2033
2040
2047
2055
2061
2066
2070
2073
2075
2076
2074
2071
2064
2057
2052
2047
2045
2043
2040
2037
2037
2037
2042
2048
2049
2050
2047
2044
2046
2049
2054
2060
2054
2047
2037
2027
2025
2024
2027
2030
2029
2027
2023
2020
2017
2015
2012
2010
2010
2010
2014
2017
2016
2015
2014
2014
2026
2040
2057
2075
2079
2080
2073
2065
2063
2063
2066
2071
2071
2071
2067
2063
2060
2058
2053
2048
2045
2042
2045
2049
2052
2055
2051
2045
2039
2033
2034
2035
2038
2040
2041
2041
2044
2047
2049
2050
2045
2039
2036
2033
2036
2040
2035
2029
2014
1998
1989
1982
1984
1987
1987
1987
1983
1979
1980
1981
1988
1995
2004
2014
2023
2031
2034
2035
2034
2033
2038
2045
2054
2064
2068
2071
2069
2067
2067
2067
2072
2077
2080
2082
2082
2082
2078
2075
2070
2065
2062
2059
2060
2061
2064
2066
2067
2067
2068
2069
2072
2075
2074
2073
2068
2062
2057
2052
2051
2051
2055
2061
2069
2077
2078
2078
2070
2062
2062
2064
2072
2080
2074
2066
2049
2032
2029
2029
2035
2043
2041
2038
2032
2025
2024
2024
2024
2024
2028
2033
2043
2054
2059
2062
2061
2059
2063
2068
2075
2082
2084
2084
2085
2085
2084
2084
2079
2074
2071
2069
2069
2069
2065
2062
2058
2053
2052
2051
2050
2049
2049
2049
2052
2057
2059
2061
2059
2056
2051
2046
2042
2038
2034
2031
2028
2026
2024
2023
2023
2024
2028
2031
2031
2031
2030
2030
2036
2043
2043
2043
2027
2010
1995
1981
1980
1981
1983
1984
1984
1983
1986
1991
1994
1996
1996
1995
1998
2001
2006
2011
2013
2015
2022
2029
2039
2050
2053
2055
2051
2045
2043
2042
2043
2045
2046
2046
2045
2045
2044
2043
2040
2037
2035
2034
2035
2037
2040
2043
2046
2048
2051
2053
2054
2055
2055
2054
2051
2049
2046
2043
2041
2039
2041
2043
2047
2050
2051
2051
2051
2052
2055
2057
2057
2056
2058
2060
2070
2081
2084
2086
2078
2068
2068
2069
2076
2083
2071
2056
2037
2016
2016
2019
2025
2032
2022
2009
1997
1984
1986
1989
1995
2002
2005
2008
2012
2016
2018
2019
2017
2015
2016
2018
2022
2027
2026
2024
2021
2018
2021
2025
2031
2038
2038
2038
2034
2030
2027
2024
2022
2021
2022
2023
2026
2029
2034
2039
2047
2055
2064
2072
2078
2084
2087
2089
2087
2085
2078
2071
2068
2067
2073
2080
2082
2083
2080
2075
2074
2074
2077
2081
2085
2088
2091
2093
2093
2093
2094
2096
2103
2111
2113
2113
2107
2099
2098
2099
2100
2101
2089
2075
2066
2057
2062
2069
2069
2068
2056
2042
2037
2033
2033
2033
2032
2030
2034
2040
2047
2055
2054
2052
2049
2047
2053
2060
2064
2067
2061
2054
2053
2052
2055
2060
2057
2053
2043
2032
2024
2017
2014
2011
2008
2005
2005
2006
2012
2018
2021
2024
2024
2023
2024
2025
2028
2031
2030
2029
2025
2022
2021
2020
2019
2019
2019
2020
2024
2029
2031
2032
2030
2027
2027
2027
2030
2034
2035
2036
2039
2041
2048
2056
2061
2066
2063
2058
2057
2056
2058
2061
2056
2050
2037
2022
2014
2008
2010
2013
2013
2012
2006
1999
1996
1993
1995
1997
2003
2010
2021
2033
2043
2053
2054
2053
2050
2047
2052
2059
2066
2074
2076
2076
2074
2072
2070
2068
2066
2064
2063
2062
2061
2061
2056
2050
2045
2040
2041
2042
2044
2046
2047
2048
2051
2054
2055
2055
2049
2042
2037
2032
2031
2031
2029
2028
2024
2020
2020
2020
2023
2026
2027
2027
2023
2018
2017
2017
2021
2026
2027
2028
2025
2022
2022
2022
2025
2028
2030
2031
2037
2044
2051
2059
2057
2054
2049
2044
2049
2055
2054
2053
2039
2024
2018
2013
2020
2029
2029
2028
2019
2009
2007
2006
2009
2013
2014
2015
2023
2032
2045
2058
2061
2062
2059
2055
2060
2066
2073
2080
2078
2076
2072
2068
2067
2067
2066
2065
2063
2062
2061
2061
2058
2055
2052
2050
2052
2055
2059
2062
2064
2065
2068
2070
2072
2074
2074
2073
2072
2072
2071
2071
2067
2064
2064
2064
2070
2076
2078
2079
2078
2077
2080
2083
2087
2090
2090
2089
2089
2090
2092
2094
2095
2095
2099
2104
2106
2108
2100
2090
2084
2078
2083
2090
2087
2084
2071
2056
2050
2045
2044
2043
2033
2021
2010
1998
1993
1988
1985
1983
1986
1991
2001
2012
2018
2023
2023
2023
2023
2023
2019
2014
2005
1996
1993
1992
1997
2004
2008
2011
2012
2012
2012
2012
2008
2004
2000
1996
1997
1998
2003
2008
2012
2017
2022
2027
2030
2032
2033
2034
2037
2039
2042
2044
2045
2045
2046
2047
2049
2050
2050
2050
2050
2050
2051
2053
2052
2051
2050
2049
2052
2056
2062
2068
2072
2076
2078
2080
2078
2076
2073
2070
2072
2074
2075
2076
2069
2061
2050
2039
2035
2033
2031
2030
2022
2013
2004
1995
1994
1994
2000
2007
2017
2026
2035
2043
2048
2051
2051
2050
2051
2053
2057
2061
2061
2060
2055
2050
2049
2049
2051
2053
2054
2054
2052
2050
2047
2045
2043
2041
2043
2045
2052
2059
2066
2073
2072
2070
2065
2060
2059
2058
2057
2056
2052
2048
2046
2045
2046
2047
2045
2043
2039
2036
2035
2034
2033
2033
2032
2032
2033
2035
2036
2036
2033
2030
2026
2023
2024
2025
2029
2034
2037
2039
2036
2032
2030
2029
2032
2036
2033
2030
2019
2007
2002
1997
2002
2009
2011
2012
2006
1999
1994
1989
1992
1995
2002
2010
2021
2031
2041
2050
2056
2062
2065
2067
2073
2080
2087
2094
2095
2095
2091
2087
2087
2088
2088
2088
2083
2078
2075
2072
2069
2066
2061
2056
2055
2055
2058
2061
2062
2062
2063
2063
2064
2065
2063
2061
2058
2055
2055
2055
2055
2056
2057
2058
2061
2064
2066
2068
2069
2070
2071
2071
2069
2068
2068
2069
2073
2076
2077
2078
2083
2089
2098
2107
2105
2102
2092
2080
2080
2082
2088
2094
2087
2078
2070
2062
2064
2069
2070
2070
2060
2050
2043
2036
2032
2029
2025
2020
2021
2023
2030
2037
2039
2039
2036
2033
2033
2034
2035
2036
2034
2031
2029
2028
2025
2023
2016
2008
2000
1993
1990
1988
1987
1986
1985
1985
1986
1988
1992
1997
2004
2011
2018
2025
2026
2027
2026
2024
2024
2024
2026
2028
2031
2033
2035
2036
2036
2036
2036
2037
2040
2042
2043
2043
2045
2047
2052
2058
2061
2063
2066
2069
2073
2077
2074
2071
2068
2065
2068
2072
2068
2063
2050
2036
2031
2028
2031
2036
2033
2029
2022
2014
2010
2007
2004
2002
2002
2003
2010
2018
2026
2034
2038
2040
2040
2040
2040
2040
2042
2044
2044
2044
2040
2035
2030
2025
2023
2022
2022
2023
2024
2025
2022
2018
2011
2004
2003
2003
2009
2016
2019
2021
2021
2021
2025
2031
2036
2041
2041
2041
2043
2045
2051
2057
2059
2060
2061
2061
2061
2061
2057
2054
2050
2046
2050
2055
2060
2066
2068
2069
2076
2083
2089
2095
2090
2084
2080
2075
2079
2085
2082
2078
2062
2044
2035
2028
2031
2037
2036
2035
2027
2019
2014
2011
2013
2015
2019
2024
2031
2038
2045
2052
2055
2057
2056
2054
2054
2055
2058
2060
2059
2058
2056
2055
2057
2059
2060
2060
2056
2051
2049
2047
2046
2046
2044
2042
2043
2044
2049
2054
2058
2063
2066
2069
2070
2070
2070
2070
2072
2074
2077
2079
2080
2081
2083
2085
2085
2084
2079
2073
2074
2076
2084
2092
2095
2096
2096
2096
2100
2106
2103
2100
2091
2081
2080
2081
2082
2082
2071
2057
2049
2042
2047
2054
2051
2048
2035
2021
2012
2005
2004
2003
2004
2006
2015
2024
2032
2039
2034
2028
2025
2022
2028
2035
2038
2040
2034
2027
2023
2020
2019
2018
2014
2010
2007
2005
2003
2002
1996
1990
1987
1985
1992
2001
2011
2020
2023
2025
2027
2028
2032
2036
2037
2037
2035
2034
2034
2034
2035
2036
2040
2043
2047
2052
2050
2048
2042
2035
2035
2035
2041
2048
2055
2062
2066
2071
2072
2072
2072
2072
2075
2078
2079
2079
2069
2056
2043
2030
2028
2027
2027
2027
2019
2011
2005
2000
2003
2007
2009
2010
2012
2014
2025
2037
2047
2056
2055
2052
2052
2052
2059
2068
2073
2076
2072
2067
2066
2065
2067
2069
2068
2067
2065
2064
2062
2061
2054
2047
2041
2035
2037
2040
2042
2044
2041
2038
2037
2036
2039
2044
2046
2048
2045
2041
2037
2033
2032
2032
2031
2030
2026
2023
2020
2017
2016
2016
2016
2017
2019
2021
2022
2023
2021
2019
2018
2017
2019
2021
2022
2023
2026
2029
2039
2049
2057
2064
2061
2057
2057
2057
2060
2065
2060
2053
2043
2033
2034
2037
2043
2050
2046
2041
2033
2025
2023
2022
2027
2033
2040
2048
2054
2060
2063
2065
2068
2071
2073
2075
2077
2079
2084
2090
2091
2092
2088
2082
2080
2079
2081
2083
2080
2075
2069
2062
2059
2056
2053
2051
2051
2051
2055
2061
2065
2069
2071
2073
2076
2078
2080
2082
2083
2083
2083
2083
2079
2076
2073
2071
2075
2080
2085
2090
2091
2092
2095
2098
2102
2106
2106
2106
2104
2103
2102
2101
2097
2092
2089
2086
2087
2089
2087
2084
2078
2071
2071
2071
2067
2062
2047
2030
2015
2001
1997
1995
1991
1987
1976
1964
1955
1947
1946
1947
1953
1959
1966
1974
1984
1993
1999
2004
2005
2006
2010
2014
2017
2020
2018
2016
2013
2011
2013
2015
2019
2023
2026
2028
2029
2029
2024
2019
2016
2013
2018
2025
2034
2043
2046
2048
2047
2046
2046
2047
2049
2050
2051
2051
2050
2049
2046
2044
2046
2049
2054
2059
2060
2061
2061
2060
2060
2060
2061
2061
2062
2062
2062
2061
2058
2056
2059
2062
2068
2075
2074
2072
2070
2068
2071
2075
2072
2068
2056
2043
2038
2035
2039
2045
2043
2041
2032
2023
2017
2012
2012
2013
2016
2018
2021
2023
2027
2032
2039
2047
2053
2059
2061
2062
2065
2068
2071
2074
2071
2068
2064
2059
2057
2056
2052
2048
2044
2041
2038
2035
2030
2024
2023
2022
2026
2031
2034
2037
2038
2039
2042
2045
2043
2040
2036
2031
2030
2030
2028
2026
2020
2014
2013
2013
2015
2017
2019
2021
2024
2027
2028
2029
2031
2032
2036
2040
2041
2042
2045
2047
2055
2064
2067
2069
2062
2054
2052
2051
2052
2053
2045
2035
2029
2024
2028
2034
2034
2033
2027
2020
2019
2018
2017
2017
2017
2018
2027
2036
2045
2054
2057
2058
2059
2059
2062
2065
2070
2075
2076
2077
2074
2069
2066
2064
2064
2065
2063
2060
2057
2054
2055
2056
2053
2050
2045
2039
2043
2049
2056
2064
2066
2066
2068
2070
2073
2076
2073
2068
2065
2062
2066
2072
2074
2076
2074
2072
2072
2072
2073
2073
2071
2068
2068
2068
2072
2075
2079
2082
2087
2093
2096
2099
2094
2088
2082
2075
2074
2074
2069
2063
2054
2045
2042
2041
2042
2044
2038
2031
2019
2006
2001
1998
2001
2005
2010
2016
2022
2029
2034
2039
2038
2037
2035
2034
2037
2040
2041
2041
2039
2037
2038
2039
2040
2041
2036
2029
2023
2017
2015
2013
2009
2006
2005
2005
2011
2018
2022
2025
2022
2019
2021
2023
2030
2037
2036
2035
2031
2026
2027
2028
2032
2036
2038
2040
2041
2042
2042
2042
2042
2043
2047
2051
2052
2053
2055
2057
2063
2070
2071
2071
2065
2059
2063
2068
2072
2076
2063
2048
2033
2019
2021
2027
2031
2034
2023
2009
1999
1989
1991
1994
2001
2008
2014
2021
2028
2035
2039
2043
2046
2049
2054
2060
2064
2069
2070
2070
2065
2060
2056
2051
2052
2053
2058
2063
2063
2062
2056
2050
2046
2042
2041
2041
2042
2044
2048
2053
2057
2061
2062
2062
2063
2063
2064
2065
2063
2061
2057
2053
2053
2053
2057
2061
2062
2062
2059
2056
2056
2056
2059
2064
2065
2066
2064
2061
2059
2058
2058
2059
2062
2064
2069
2075
2078
2080
2077
2073
2070
2068
2069
2071
2068
2063
2051
2038
2029
2021
2021
2023
2025
2027
2023
2018
2011
2003
2000
1999
2005
2012
2019
2026
2032
2039
2045
2051
2051
2050
2045
2039
2042
2046
2053
2061
2062
2061
2055
2049
2047
2045
2043
2041
2037
2032
2028
2024
2018
2011
2004
1997
1997
1999
2007
2015
2018
2020
2016
2011
2008
2005
2002
2000
1996
1992
1990
1989
1993
1999
2006
2013
2018
2022
2024
2026
2031
2037
2044
2052
2057
2060
2063
2065
2069
2072
2072
2071
2068
2065
2067
2069
2072
2075
2079
2084
2093
2103
2105
2106
2100
2092
2094
2099
2106
2114
2100
2082
2052
2020
2004
1991
1992
1995
1996
1996
1993
1989
1983
1977
1973
1969
1969
1969
1970
1972
1976
1981
1990
1999
2011
2023
2035
2047
2058
2069
2076
2083
2087
2091
2094
2097
2095
2092
2083
2074
2067
2061
2059
2058
2058
2058
2062
2067
2074
2081
2084
2086
2088
2089
2093
2098
2101
2103
2100
2097
2093
2090
2089
2089
2086
2084
2079
2073
2068
2063
2060
2057
2057
2057
2059
2062
2064
2065
2066
2066
2070
2076
2082
2089
2087
2084
2081
2079
2085
2093
2093
2092
2076
2058
2047
2037
2040
2045
2045
2044
2032
2019
2008
1997
1992
1987
1987
1987
1992
1998
2002
2005
2000
1994
1987
1980
1981
1983
1987
1992
1993
1994
1998
2002
2006
2011
2012
2012
2010
2008
2006
2005
2000
1995
1991
1987
1992
1998
2009
2022
2030
2037
2042
2045
2049
2054
2058
2061
2063
2064
2066
2068
2067
2065
2058
2051
2048
2046
2049
2053
2052
2051
2049
2047
2053
2060
2067
2075
2078
2079
2081
2083
2082
2080
2065
2049
2035
2021
2021
2022
2025
2027
2021
2013
2006
1999
2002
2005
2010
2016
2018
2020
2025
2030
2036
2043
2045
2046
2049
2051
2060
2070
2075
2079
2074
2067
2065
2064
2069
2075
2078
2081
2078
2075
2071
2067
2063
2060
2058
2056
2056
2057
2059
2061
2064
2067
2068
2068
2067
2066
2064
2063
2060
2057
2055
2053
2054
2055
2057
2058
2057
2056
2056
2057
2059
2060
2057
2054
2051
2048
2051
2055
2062
2069
2075
2081
2082
2083
2083
2082
2084
2087
2086
2084
2071
2057
2046
2036
2040
2046
2047
2047
2034
2019
2008
1999
2000
2002
2006
2011
2020
2029
2043
2057
2062
2067
2064
2061
2064
2068
2076
2084
2086
2086
2080
2073
2070
2067
2066
2065
2060
2055
2048
2041
2033
2026
2023
2021
2021
2022
2023
2023
2024
2024
2026
2028
2030
2032
2031
2030
2028
2026
2023
2021
2015
2009
2005
2000
2001
2003
2007
2011
2012
2012
2011
2011
2016
2023
2031
2039
2041
2041
2038
2036
2039
2044
2047
2049
2048
2046
2051
2057
2063
2070
2066
2060
2059
2059
2065
2073
2068
2060
2045
2029
2027
2028
2033
2038
2031
2023
2015
2008
2011
2014
2018
2021
2027
2034
2044
2054
2057
2059
2053
2046
2044
2042
2048
2055
2064
2074
2078
2080
2076
2071
2071
2071
2074
2078
2075
2072
2065
2057
2053
2050
2048
2047
2044
2042
2045
2048
2053
2058
2059
2059
2060
2062
2066
2070
2069
2068
2064
2061
2061
2061
2059
2057
2054
2051
2053
2056
2060
2064
2062
2059
2056
2054
2056
2059
2063
2068
2072
2076
2080
2084
2084
2083
2080
2077
2077
2077
2073
2070
2061
2052
2048
2045
2051
2058
2058
2058
2048
2038
2029
2021
2020
2020
2026
2032
2039
2046
2050
2052
2051
2049
2049
2050
2055
2060
2063
2065
2064
2063
2062
2061
2059
2057
2054
2051
2047
2044
2037
2030
2019
2007
1996
1986
1986
1988
1998
2009
2016
2022
2023
2023
2025
2027
2030
2032
2030
2027
2024
2021
2021
2022
2023
2023
2024
2024
2027
2030
2031
2031
2030
2028
2029
2030
2037
2044
2051
2059
2061
2061
2060
2058
2062
2067
2071
2074
2063
2050
2035
2019
2016
2016
2020
2025
2022
2018
2013
2007
2007
2007
2008
2009
2012
2014
2022
2030
2039
2048
2051
2052
2051
2049
2053
2058
2066
2074
2075
2074
2069
2064
2065
2067
2068
2069
2065
2060
2057
2055
2054
2053
2048
2042
2041
2041
2044
2049
2050
2050
2050
2051
2058
2066
2070
2073
2068
2061
2058
2055
2057
2059
2058
2057
2053
2050
2052
2054
2059
2065
2066
2067
2064
2059
2056
2054
2055
2056
2059
2061
2064
2067
2072
2078
2079
2079
2075
2072
2073
2075
2075
2074
2061
2046
2034
2022
2025
2031
2034
2036
2027
2015
2006
1998
1999
2002
2007
2013
2018
2023
2031
2040
2045
2048
2045
2040
2041
2042
2051
2061
2065
2067
2063
2057
2057
2058
2063
2068
2066
2063
2057
2051
2048
2045
2044
2043
2046
2050
2056
2062
2063
2064
2065
2065
2068
2071
2071
2071
2068
2066
2066
2066
2062
2058
2052
2046
2046
2046
2047
2048
2046
2043
2045
2048
2054
2061
2062
2062
2063
2063
2063
2064
2062
2059
2054
2048
2047
2046
2049
2052
2056
2059
2058
2056
2050
2043
2040
2038
2038
2038
2028
2018
2006
1993
1992
1992
1994
1997
1991
1984
1975
1966
1962
1959
1959
1959
1963
1969
1980
1993
2002
2011
2012
2011
2011
2011
2020
2030
2041
2052
2054
2055
2054
2053
2053
2053
2050
2047
2043
2040
2037
2034
2029
2023
2018
2012
2015
2019
2024
2030
2028
2025
2021
2016
2012
2009
2001
1992
1980
1968
1960
1953
1945
1938
1930
1923
1922
1922
1924
1926
1929
1931
1932
1932
1934
1935
1951
1969
2007
2049
2088
2126
2142
2155
2153
2150
2143
2136
2123
2110
2105
2101
2112
2126
2137
2147
2142
2135
2124
2112
2101
2089
2073
2056
2038
2020
2011
2004
2002
2000
1994
1988
1981
1974
1968
1962
1952
1941
1927
1912
1906
1901
1908
1917
1930
1943
1959
1975
1992
2008
2014
2018
2017
2015
2017
2019
2017
2015
2002
1987
1973
1959
1951
1944
1932
1919
1901
1881
1863
1845
1830
1816
1798
1781
1760
1738
1723
1708
1702
1697
1697
1698
1708
1720
1738
1757
1776
1795
1838
1886
1988
2098
2228
2362
2462
2556
2610
2656
2672
2682
2669
2653
2641
2630
2644
2661
2689
2719
2740
2759
2756
2749
2727
2703
2693
2685
2692
2702
2685
2663
2607
2544
2481
2417
2347
2276
2167
2052
1919
1783
1666
1551
1445
1341
1235
1129
1070
1018
1046
1087
1157
1231
1272
1307
1333
1358
1423
1495
1583
1675
1740
1801
1846
1888
1944
2002
2064
2126
2155
2178
2167
2151
2133
2115
2106
2098
2074
2047
1999
1947
1902
1858
1840
1827
1827
1829
1836
1843
1872
1905
1976
2053
2149
2249
2332
2412
2467
2518
2554
2587
2607
2624
2625
2623
2606
2587
2547
2504
2434
2360
2279
2198
2139
2083
2043
2006
1953
1897
1826
1753
1694
1637
1612
1591
1590
1592
1603
1616
1639
1665
1704
1745
1797
1852
1913
1976
2038
2100
2149
2197
2222
2244
2244
2241
2227
2211
2190
2169
2152
2135
2130
2127
2132
2139
2143
2148
2150
2152
2157
2163
2164
2164
2149
2130
2103
2074
2057
2042
2040
2040
2037
2032
2019
2005
1995
1986
1984
1983
1982
1982
1984
1987
1991
1996
1996
1996
2002
2009
2028
2048
2061
2074
2075
2074
2078
2084
2095
2108
2113
2118
2115
2111
2105
2098
2091
2083
2080
2079
2083
2089
2089
2089
2083
2077
2077
2077
2081
2084
2085
2086
2086
2085
2083
2081
2080
2079
2083
2088
2092
2095
2095
2094
2100
2107
2118
2131
2128
2122
2100
2074
2054
2034
2027
2022
2021
2020
2016
2013
2009
2005
2005
2005
2014
2023
2040
2058
2078
2098
2112
2126
2133
2139
2144
2150
2155
2161
2161
2161
2156
2151
2144
2137
2127
2117
2104
2091
2081
2071
2060
2049
2040
2031
2033
2036
2043
2050
2049
2046
2042
2039
2045
2052
2057
2062
2059
2055
2054
2053
2055
2057
2058
2059
2057
2055
2046
2037
2026
2014
2008
2003
2000
1998
1997
1996
2002
2010
2015
2020
2015
2009
2010
2012
2019
2027
2023
2016
2006
1995
1997
2002
2008
2014
2011
2006
2001
1996
1993
1991
1991
1991
2000
2009
2020
2031
2034
2036
2038
2040
2052
2066
2083
2101
2113
2125
2128
2129
2131
2133
2138
2143
2142
2140
2131
2122
2116
2110
2106
2103
2096
2089
2087
2086
2091
2098
2099
2099
2098
2098
2102
2107
2108
2109
2105
2099
2097
2096
2097
2098
2098
2097
2097
2097
2098
2098
2093
2088
2082
2076
2074
2073
2076
2079
2084
2089
2089
2088
2083
2077
2077
2078
2082
2086
2081
2074
2062
2049
2041
2033
2027
2021
2011
2000
1990
1980
1975
1971
1970
1970
1973
1977
1988
2000
2008
2016
2012
2006
2003
2000
2012
2026
2037
2048
2043
2036
2031
2025
2031
2038
2042
2046
2042
2036
2031
2026
2024
2022
2021
2021
2025
2031
2038
2045
2049
2053
2055
2057
2058
2059
2060
2060
2059
2058
2054
2051
2048
2046
2049
2052
2056
2059
2059
2058
2058
2058
2059
2060
2059
2058
2056
2054
2054
2054
2055
2057
2061
2066
2067
2067
2064
2061
2064
2068
2074
2080
2074
2067
2054
2040
2037
2036
2039
2044
2042
2039
2032
2024
2019
2014
2014
2015
2020
2025
2031
2037
2042
2048
2049
2050
2050
2050
2054
2060
2066
2072
2066
2059
2052
2045
2048
2054
2058
2062
2056
2049
2042
2036
2035
2035
2031
2028
2027
2027
2033
2040
2048
2056
2060
2063
2064
2065
2064
2063
2060
2058
2057
2057
2056
2055
2052
2049
2050
2051
2056
2061
2061
2061
2060
2059
2064
2071
2075
2080
2078
2075
2071
2067
2066
2066
2066
2066
2067
2068
2067
2066
2062
2057
2060
2063
2070
2077
2069
2059
2039
2017
2009
2003
2009
2016
2018
2018
2012
2005
1999
1992
1989
1986
1989
1992
2002
2013
2021
2028
2028
2026
2023
2020
2024
2030
2036
2043
2042
2041
2037
2033
2033
2033
2034
2036
2035
2033
2026
2019
2012
2004
2000
1997
2002
2008
2014
2021
2023
2024
2025
2026
2030
2033
2037
2040
2042
2043
2045
2046
2048
2049
2051
2052
2053
2054
2054
2053
2054
2055
2059
2064
2068
2071
2074
2077
2082
2088
2091
2093
2089
2084
2081
2079
2083
2088
2088
2088
2082
2076
2078
2081
2088
2096
2093
2087
2076
2063
2058
2054
2055
2056
2053
2050
2046
2041
2040
2040
2040
2040
2040
2041
2048
2055
2062
2069
2069
2068
2067
2066
2069
2074
2075
2076
2073
2069
2070
2072
2076
2080
2076
2070
2063
2056
2053
2051
2045
2038
2030
2021
2023
2026
2033
2040
2039
2037
2035
2034
2039
2045
2045
2045
2038
2031
2029
2027
2027
2027
2026
2024
2024
2024
2027
2030
2031
2031
2032
2032
2033
2034
2034
2034
2031
2029
2028
2028
2032
2038
2044
2050
2047
2044
2036
2028
2032
2038
2047
2056
2045
2031
2010
1987
1984
1984
1992
2002
1999
1993
1983
1973
1971
1971
1974
1977
1984
1991
2006
2021
2032
2041
2040
2038
2038
2038
2045
2054
2062
2069
2071
2072
2073
2073
2072
2071
2068
2066
2063
2061
2057
2052
2047
2042
2042
2042
2047
2053
2058
2064
2067
2070
2071
2071
2069
2066
2062
2059
2059
2059
2060
2062
2062
2061
2059
2058
2058
2058
2057
2056
2054
2053
2053
2053
2053
2053
2051
2050
2050
2050
2051
2053
2058
2064
2071
2078
2078
2078
2073
2068
2070
2072
2073
2073
2060
2045
2030
2016
2017
2021
2025
2029
2022
2013
2006
1999
1999
1999
1996
1993
1995
1998
2012
2027
2039
2049
2049
2048
2047
2047
2051
2056
2058
2059
2057
2054
2055
2056
2058
2060
2057
2053
2046
2039
2035
2031
2030
2029
2029
2029
2035
2042
2049
2056
2059
2061
2062
2062
2064
2065
2065
2064
2060
2055
2052
2049
2049
2050
2052
2053
2054
2054
2054
2053
2052
2051
2051
2051
2054
2056
2057
2058
2057
2056
2056
2056
2056
2056
2056
2056
2060
2066
2071
2076
2070
2063
2056
2049
2052
2055
2054
2053
2041
2028
2022
2016
2020
2026
2027
2028
2022
2014
2006
1999
1996
1994
1996
1999
2008
2018
2029
2041
2046
2051
2049
2046
2046
2046
2053
2060
2063
2066
2065
2064
2064
2064
2063
2061
2056
2050
2047
2044
2041
2038
2034
2029
2032
2036
2045
2055
2059
2061
2059
2057
2057
2058
2058
2057
2051
2045
2043
2041
2042
2044
2045
2045
2045
2045
2046
2047
2048
2048
2049
2049
2051
2052
2053
2054
2055
2055
2056
2057
2058
2058
2056
2053
2052
2052
2057
2063
2064
2065
2060
2053
2053
2053
2053
2054
2043
2030
2017
2004
2006
2010
2013
2016
2009
2000
1992
1985
1983
1981
1977
1974
1976
1978
1988
2000
2009
2017
2016
2013
2008
2002
2003
2004
2009
2014
2016
2018
2019
2019
2019
2020
2018
2016
2010
2004
2001
1999
1999
2000
2001
2001
2005
2010
2021
2033
2043
2053
2057
2060
2063
2065
2066
2066
2066
2065
2066
2068
2072
2075
2075
2075
2073
2072
2075
2079
2085
2091
2090
2088
2083
2078
2079
2080
2082
2083
2084
2084
2089
2094
2097
2100
2095
2088
2086
2084
2091
2100
2100
2099
2086
2071
2063
2057
2060
2065
2063
2060
2051
2042
2039
2037
2040
2044
2048
2053
2060
2068
2075
2082
2081
2079
2073
2067
2067
2067
2069
2072
2071
2069
2064
2058
2054
2050
2049
2048
2046
2045
2038
2031
2020
2009
2003
1997
2000
2004
2010
2017
2020
2023
2022
2021
2017
2014
2014
2014
2016
2018
2019
2019
2019
2019
2021
2023
2025
2026
2027
2027
2027
2027
2023
2020
2023
2027
2037
2049
2051
2051
2044
2036
2037
2040
2047
2054
2048
2041
2031
2021
2020
2020
2022
2025
2022
2019
2012
2005
1999
1994
1997
2000
2007
2014
2021
2027
2032
2038
2042
2047
2048
2048
2049
2049
2050
2051
2049
2047
2050
2053
2060
2068
2067
2065
2054
2041
2034
2028
2028
2028
2028
2028
2032
2036
2043
2050
2055
2061
2064
2067
2068
2068
2067
2065
2062
2059
2056
2054
2055
2056
2061
2066
2068
2070
2068
2065
2062
2059
2058
2057
2056
2055
2056
2057
2062
2068
2073
2078
2079
2080
2078
2075
2074
2073
2071
2070
2061
2052
2041
2030
2027
2025
2026
2027
2024
2019
2015
2010
2010
2010
2011
2011
2011
2011
2017
2024
2035
2045
2048
2049
2047
2044
2050
2057
2066
2076
2076
2075
2072
2069
2071
2074
2071
2066
2055
2043
2038
2033
2032
2032
2028
2023
2026
2030
2040
2051
2053
2053
2054
2054
2064
2074
2076
2076
2063
2048
2038
2029
2030
2033
2037
2040
2043
2046
2049
2052
2052
2052
2049
2047
2044
2041
2038
2036
2035
2035
2036
2038
2045
2052
2062
2071
2068
2063
2047
2029
2021
2014
2020
2027
2024
2020
2006
1991
1985
1981
1986
1992
1989
1984
1972
1958
1954
1951
1962
1975
1990
2005
2014
2022
2025
2026
2028
2029
2036
2043
2052
2062
2067
2070
2066
2060
2056
2052
2054
2057
2061
2065
2069
2073
2076
2079
2077
2074
2067
2060
2055
2052
2053
2055
2060
2065
2071
2077
2080
2082
2082
2082
2081
2080
2077
2075
2073
2072
2073
2075
2078
2080
2084
2089
2094
2099
2098
2097
2092
2087
2086
2085
2085
2085
2087
2089
2096
2104
2107
2108
2101
2092
2090
2090
2094
2099
2092
2083
2069
2055
2052
2050
2047
2045
2036
2027
2021
2015
2014
2014
2013
2012
2016
2021
2028
2035
2037
2038
2036
2034
2033
2033
2033
2033
2033
2032
2028
2024
2020
2015
2015
2015
2016
2016
2010
2003
1997
1991
1992
1993
1997
2000
2004
2009
2016
2024
2028
2031
2030
2028
2029
2031
2035
2039
2039
2038
2035
2033
2033
2033
2033
2033
2035
2036
2039
2042
2041
2040
2038
2036
2040
2045
2049
2052
2051
2050
2053
2057
2063
2070
2068
2065
2063
2061
2064
2069
2062
2054
2036
2017
2014
2013
2022
2032
2031
2029
2019
2007
2000
1994
1995
1997
2004
2012
2023
2035
2042
2049
2050
2050
2052
2053
2058
2063
2067
2070
2071
2071
2068
2065
2063
2061
2059
2057
2053
2050
2045
2040
2036
2031
2030
2030
2036
2043
2050
2058
2061
2062
2060
2058
2059
2061
2064
2066
2063
2060
2054
2048
2047
2046
2048
2051
2052
2052
2048
2045
2041
2038
2037
2036
2039
2043
2045
2046
2041
2034
2030
2027
2034
2042
2049
2055
2051
2045
2043
2042
2044
2047
2041
2033
2019
2005
2001
1999
2004
2010
2009
2008
2000
1991
1986
1981
1986
1993
2003
2014
2025
2035
2041
2047
2046
2045
2045
2046
2056
2068
2077
2086
2084
2080
2076
2073
2077
2082
2084
2086
2083
2078
2074
2069
2064
2059
2057
2056
2061
2067
2073
2079
2082
2084
2087
2089
2091
2093
2093
2093
2092
2092
2088
2084
2080
2076
2077
2078
2080
2081
2080
2078
2078
2079
2080
2081
2079
2077
2078
2079
2083
2087
2087
2086
2086
2086
2086
2086
2082
2077
2073
2068
2065
2063
2052
2040
2028
2016
2015
2016
2016
2015
2005
1994
1988
1982
1985
1988
1991
1993
1997
2002
2010
2018
2024
2029
2033
2037
2041
2045
2043
2041
2036
2031
2030
2030
2033
2037
2040
2042
2041
2040
2032
2023
2010
1997
1992
1988
1997
2009
2021
2034
2038
2040
2043
2045
2051
2057
2056
2055
2046
2037
2032
2028
2030
2033
2035
2037
2039
2041
2043
2045
2046
2047
2050
2052
2054
2056
2055
2054
2051
2049
2050
2051
2055
2060
2064
2069
2069
2069
2067
2065
2067
2069
2069
2069
2056
2042
2030
2020
2021
2024
2025
2025
2017
2008
2003
1998
1998
1998
1998
1997
2000
2005
2016
2028
2034
2039
2036
2033
2034
2035
2042
2049
2054
2057
2055
2053
2051
2049
2049
2049
2052
2054
2056
2057
2054
2050
2042
2033
2027
2022
2025
2029
2038
2048
2057
2065
2068
2070
2071
2071
2073
2075
2073
2071
2063
2055
2053
2052
2055
2059
2056
2053
2048
2042
2042
2043
2046
2048
2048
2048
2047
2047
2047
2048
2051
2053
2053
2053
2046
2038
2033
2030
2033
2037
2033
2028
2016
2002
1997
1992
1994
1997
1995
1993
1989
1985
1983
1982
1981
1980
1984
1989
2002
2016
2028
2040
2043
2044
2045
2045
2052
2059
2066
2074
2077
2078
2076
2074
2072
2071
2069
2068
2066
2064
2061
2059
2055
2050
2046
2041
2039
2038
2040
2043
2048
2053
2057
2060
2061
2061
2062
2062
2065
2068
2071
2074
2074
2073
2067
2061
2056
2051
2054
2058
2065
2072
2073
2073
2068
2063
2063
2063
2066
2069
2071
2073
2077
2081
2082
2083
2079
2074
2072
2070
2073
2078
2077
2075
2066
2057
2052
2048
2050
2053
2053
2053
2047
2040
2034
2028
2028
2028
2033
2039
2046
2054
2059
2063
2061
2059
2057
2056
2059
2064
2066
2068
2063
2057
2053
2049
2051
2053
2053
2052
2045
2038
2031
2024
2016
2009
2004
1999
2003
2008
2014
2021
2023
2024
2028
2032
2037
2042
2039
2036
2031
2025
2025
2025
2026
2026
2022
2019
2018
2018
2019
2021
2022
2022
2022
2022
2027
2033
2040
2047
2050
2051
2051
2051
2054
2059
2060
2060
2051
2039
2031
2023
2025
2028
2029
2030
2024
2016
2011
2006
2008
2011
2012
2012
2015
2017
2027
2037
2045
2052
2049
2044
2041
2039
2045
2053
2058
2063
2059
2054
2054
2055
2061
2068
2066
2063
2055
2047
2042
2039
2038
2037
2037
2038
2045
2052
2056
2059
2057
2054
2056
2058
2063
2069
2067
2064
2059
2054
2054
2054
2056
2057
2058
2058
2056
2054
2051
2049
2052
2056
2062
2069
2067
2064
2056
2048
2047
2047
2056
2066
2076
2086
2087
2087
2079
2071
2070
2070
2076
2083
2076
2067
2047
2025
2018
2013
2022
2032
2033
2032
2022
2011
2004
1997
1997
1998
2006
2015
2029
2043
2048
2053
2049
2043
2041
2039
2045
2052
2056
2060
2057
2054
2052
2051
2053
2055
2053
2050
2044
2038
2035
2032
2028
2024
2018
2012
2013
2014
2019
2025
2027
2028
2029
2030
2032
2034
2031
2027
2025
2023
2027
2032
2033
2033
2029
2024
2025
2026
2032
2038
2042
2045
2048
2050
2052
2053
2056
2059
2064
2069
2071
2073
2074
2075
2077
2079
2076
2072
2065
2058
2061
2066
2071
2077
2068
2056
2043
2029
2028
2029
2030
2031
2026
2019
2017
2015
2017
2019
2023
2026
2034
2043
2054
2065
2068
2069
2070
2070
2076
2083
2090
2097
2099
2101
2102
2103
2104
2104
2101
2099
2097
2095
2093
2091
2084
2077
2069
2061
2058
2056
2059
2063
2068
2073
2077
2082
2085
2088
2088
2088
2084
2081
2074
2067
2059
2051
2047
2044
2044
2044
2042
2041
2041
2041
2042
2043
2041
2039
2035
2032
2032
2032
2036
2040
2042
2044
2042
2039
2033
2027
2027
2027
2034
2041
2040
2037
2021
2003
1992
1982
1985
1990
1992
1993
1986
1978
1975
1974
1979
1985
1990
1995
2002
2009
2017
2026
2029
2031
2029
2027
2030
2033
2038
2043
2045
2046
2047
2047
2048
2048
2048
2048
2048
2049
2047
2045
2038
2031
2029
2029
2034
2040
2043
2046
2047
2047
2051
2056
2063
2070
2071
2072
2069
2064
2060
2057
2056
2055
2055
2056
2057
2057
2055
2054
2053
2053
2056
2060
2063
2066
2063
2059
2056
2053
2056
2060
2061
2062
2061
2060
2064
2069
2071
2072
2065
2056
2054
2054
2057
2062
2053
2041
2027
2013
2014
2018
2023
2028
2021
2012
2001
1990
1984
1979
1980
1981
1990
1999
2009
2019
2024
2027
2027
2026
2026
2026
2027
2028
2032
2035
2037
2039
2040
2040
2040
2039
2037
2035
2033
2031
2028
2026
2022
2018
2016
2015
2021
2028
2038
2048
2054
2059
2063
2066
2070
2074
2074
2073
2068
2062
2060
2059
2059
2059
2058
2057
2058
2059
2064
2070
2071
2071
2068
2063
2064
2066
2072
2079
2081
2083
2082
2081
2079
2077
2074
2072
2071
2071
2072
2073
2072
2070
2068
2066
2067
2068
2067
2065
2057
2049
2044
2040
2042
2045
2047
2049
2047
2044
2040
2036
2035
2035
2041
2048
2058
2067
2069
2070
2067
2063
2064
2065
2070
2076
2078
2080
2081
2081
2082
2083
2084
2085
2082
2079
2074
2068
2062
2055
2048
2041
2039
2038
2042
2047
2050
2052
2051
2049
2047
2045
2044
2044
2043
2042
2039
2037
2033
2030
2030
2030
2031
2032
2032
2031
2031
2032
2033
2033
2028
2021
2015
2008
2010
2013
2018
2024
2028
2031
2035
2038
2038
2038
2034
2030
2031
2033
2034
2035
2026
2016
2009
2003
2008
2015
2018
2020
2015
2008
2002
1996
1994
1992
1994
1997
2005
2013
2021
2029
2035
2040
2044
2048
2051
2053
2055
2056
2057
2057
2056
2055
2055
2055
2059
2064
2065
2066
2059
2051
2043
2036
2035
2035
2036
2036
2035
2035
2041
2048
2055
2063
2065
2066
2067
2067
2067
2067
2064
2061
2059
2057
2059
2061
2063
2065
2064
2063
2060
2058
2056
2055
2057
2059
2060
2060
2057
2052
2048
2045
2043
2042
2038
2033
2031
2030
2033
2038
2036
2034
2028
2022
2022
2023
2020
2015
2001
1986
1977
1969
1969
1970
1970
1970
1968
1967
1971
1976
1997
2020
2058
2098
2129
2158
2167
2172
2172
2171
2168
2165
2158
2151
2153
2157
2169
2182
2181
2178
2167
2155
2149
2144
2142
2140
2141
2143
2143
2143
2124
2102
2075
2046
2027
2009
1980
1950
1908
1865
1842
1821
1822
1825
1833
1842
1863
1885
1916
1947
1967
1986
1996
2004
2010
2016
2012
2007
2000
1992
1993
1996
2004
2012
2022
2032
2044
2056
2067
2078
2083
2088
2084
2079
2067
2054
2054
2055
2081
2111
2142
2173
2186
2196
2200
2203
2209
2215
2217
2219
2223
2227
2235
2243
2243
2241
2217
2189
2142
2092
2033
1973
1914
1856
1814
1775
1766
1761
1784
1812
1844
1878
1898
1917
1926
1934
1939
1943
1945
1947
1954
1961
1977
1994
2016
2039
2074
2111
2166
2224
2283
2342
2379
2413
2424
2431
2422
2409
2374
2335
2277
2217
2157
2098
2048
2000
1959
1919
1883
1847
1819
1791
1766
1742
1720
1699
1696
1696
1727
1763
1816
1871
1919
1965
1997
2027
2050
2071
2090
2110
2130
2150
2172
2194
2217
2240
2258
2274
2281
2286
2281
2274
2255
2233
2192
2148
2090
2031
1977
1924
1885
1848
1821
1796
1779
1764
1757
1751
1758
1766
1790
1817
1857
1900
1951
2002
2051
2099
2136
2171
2199
2226
2251
2277
2293
2308
2311
2312
2310
2308
2300
2291
2266
2239
2203
2166
2129
2092
2052
2012
1970
1927
1892
1858
1839
1822
1813
1806
1797
1788
1781
1775
1784
1796
1820
1846
1868
1890
1909
1927
1955
1984
2025
2068
2111
2154
2195
2236
2277
2318
2342
2364
2351
2331
2281
2226
2167
2108
2066
2027
2007
1991
1981
1972
1956
1940
1913
1884
1853
1821
1790
1760
1741
1725
1735
1749
1785
1825
1873
1923
1976
2029
2084
2139
2184
2228
2262
2295
2329
2363
2393
2422
2434
2443
2436
2426
2405
2382
2344
2303
2249
2192
2136
2080
2032
1985
1947
1911
1888
1868
1857
1847
1832
1817
1809
1802
1820
1841
1874
1909
1937
1964
1983
2001
2004
2004
1993
1980
1978
1978
1999
2024
2066
2111
2170
2230
2281
2330
2336
2335
2294
2246
2190
2133
2085
2040
2014
1991
1991
1996
2015
2037
2058
2079
2086
2091
2081
2069
2051
2032
2016
2000
1994
1990
2001
2015
2033
2053
2064
2073
2076
2078
2078
2077
2067
2057
2043
2028
2018
2010
2011
2013
2025
2039
2057
2077
2089
2101
2100
2097
2077
2054
2014
1971
1928
1886
1857
1830
1800
1770
1738
1706
1705
1710
1750
1796
1852
1909
1962
2015
2057
2098
2117
2133
2136
2136
2141
2148
2164
2181
2204
2228
2262
2298
2340
2382
2398
2411
2374
2329
2253
2173
2099
2026
1972
1921
1883
1847
1826
1807
1805
1805
1811
1819
1828
1836
1846
1855
1872
1889
1921
1955
2003
2053
2104
2156
2194
2230
2246
2258
2253
2245
2229
2212
2194
2175
2159
2144
2140
2139
2150
2163
2161
2157
2119
2075
2020
1964
1929
1897
1875
1855
1829
1801
1786
1773
1794
1821
1869
1921
1973
2025
2064
2101
2116
2127
2119
2108
2096
2084
2083
2083
2089
2096
2111
2126
2154
2183
2215
2246
2251
2251
2212
2167
2100
2029
1959
1889
1832
1777
1746
1719
1725
1736
1773
1815
1868
1924
1983
2043
2097
2150
2184
2214
2220
2221
2212
2200
2195
2191
2197
2204
2212
2220
2222
2223
2211
2197
2157
2114
2046
1974
1902
1831
1781
1735
1715
1699
1713
1733
1779
1829
1886
1944
2004
2063
2121
2178
2211
2239
2228
2212
2190
2167
2164
2165
2175
2185
2191
2196
2192
2186
2165
2142
2111
2079
2056
2035
2019
2003
1977
1950
1925
1899
1887
1878
1877
1877
1879
1882
1893
1905
1932
1961
2002
2044
2080
2116
2136
2152
2158
2163
2167
2170
2176
2182
2188
2194
2191
2187
2171
2152
2128
2103
2071
2037
1987
1935
1881
1826
1798
1774
1779
1788
1812
1839
1875
1913
1958
2003
2051
2100
2144
2188
2219
2248
2265
2280
2295
2310
2316
2320
2302
2281
2255
2229
2216
2205
2190
2174
2146
2116
2087
2058
2028
1997
1958
1918
1885
1854
1836
1821
1812
1804
1811
1821
1854
1891
1933
1975
2006
2036
2059
2080
2093
2106
2109
2110
2107
2104
2105
2106
2120
2136
2157
2178
2181
2181
2160
2137
2113
2089
2063
2036
1998
1958
1923
1889
1872
1858
1852
1847
1855
1864
1891
1921
1947
1973
1988
2001
2022
2045
2066
2086
2082
2075
2063
2051
2054
2060
2057
2052
2023
1989
1957
1925
1914
1907
1908
1910
1915
1920
1937
1957
1989
2024
2056
2089
2112
2133
2146
2158
2164
2169
2171
2172
2177
2183
2192
2201
2214
2228
2240
2253
2245
2235
2193
2147
2095
2042
2012
1985
1968
1953
1922
1888
1849
1808
1780
1753
1741
1732
1735
1741
1755
1771
1790
1809
1839
1872
1918
1966
2005
2043
2074
2103
2149
2197
2258
2321
2377
2433
2481
2528
2556
2582
2575
2563
2533
2500
2460
2418
2366
2312
2258
2204
2147
2090
2022
1952
1901
1853
1829
1809
1772
1731
1690
1649
1657
1672
1702
1735
1742
1744
1759
1775
1818
1865
1904
1941
1979
2016
2071
2128
2170
2211
2218
2219
2208
2195
2178
2160
2132
2103
2067
2031
2000
1970
1958
1949
1963
1980
2006
2034
2051
2066
2071
2073
2076
2078
2086
2094
2103
2111
2117
2122
2125
2128
2124
2119
2108
2096
2086
2077
2071
2066
2063
2060
2066
2073
2084
2094
2095
2095
2096
2097
2104
2111
2102
2090
2068
2045
2035
2028
2030
2033
2032
2031
2031
2031
2031
2030
2025
2019
2021
2024
2031
2038
2035
2032
2030
2029
2036
2045
2049
2052
2049
2044
2042
2041
2042
2043
2047
2050
2055
2061
2059
2057
2048
2039
2034
2031
2032
2034
2035
2036
2039
2041
2040
2039
2032
2024
2020
2017
2017
2018
2015
2011
2008
2005
2005
2006
2007
2007
2008
2008
2006
2004
2000
1996
1996
1997
2003
2009
2013
2017
2021
2024
2027
2030
2026
2021
2020
2020
2027
2035
2036
2036
2025
2012
2007
2004
2010
2017
2022
2028
2034
2040
2049
2058
2067
2075
2086
2096
2107
2117
2122
2125
2123
2120
2116
2113
2112
2111
2111
2112
2111
2110
2106
2103
2100
2097
2093
2088
2080
2071
2060
2049
2038
2027
2016
2005
1998
1991
1991
1991
1994
1996
1997
1997
1996
1995
1996
1997
2000
2003
2001
1998
1991
1984
1983
1983
1990
1999
2007
2015
2019
2021
2024
2027
2031
2035
2036
2036
2032
2029
2030
2032
2037
2043
2044
2044
2041
2038
2041
2044
2046
2047
2044
2040
2040
2040
2043
2045
2042
2038
2037
2036
2037
2039
2029
2017
1999
1979
1973
1969
1974
1981
1981
1980
1975
1969
1970
1971
1980
1990
2002
2014
2027
2041
2055
2069
2078
2087
2092
2095
2099
2102
2106
2109
2105
2100
2094
2088
2092
2098
2105
2113
2111
2107
2096
2083
2074
2065
2061
2058
2058
2059
2058
2057
2054
2051
2055
2061
2070
2079
2077
2073
2056
2036
2021
2007
2003
2001
2003
2006
2012
2019
2031
2045
2058
2072
2081
2089
2095
2101
2103
2104
2104
2104
2110
2117
2124
2130
2120
2108
2090
2071
2062
2054
2049
2045
2038
2030
2028
2028
2031
2036
2038
2040
2047
2054
2068
2082
2089
2095
2090
2083
2074
2065
2060
2056
2055
2054
2046
2038
2024
2009
2003
2000
2006
2014
2021
2028
2034
2041
2047
2053
2053
2052
2053
2055
2063
2072
2077
2080
2081
2081
2089
2098
2107
2115
2116
2115
2114
2114
2109
2103
2092
2079
2074
2071
2080
2090
2102
2115
2127
2139
2150
2160
2160
2159
2147
2134
2122
2109
2098
2086
2069
2051
2022
1992
1956
1919
1888
1858
1837
1817
1802
1788
1784
1781
1792
1805
1822
1839
1849
1858
1862
1864
1869
1875
1890
1907
1932
1959
1979
1999
2004
2006
2005
2004
2005
2006
2007
2007
2015
2023
2047
2073
2102
2131
2149
2165
2171
2175
2172
2169
2158
2145
2137
2129
2132
2138
2146
2155
2159
2161
2161
2161
2158
2156
2151
2145
2139
2133
2126
2118
2111
2105
2106
2107
2109
2111
2106
2099
2092
2085
2082
2081
2079
2078
2076
2074
2077
2080
2084
2089
2084
2078
2065
2050
2037
2025
2021
2019
2020
2021
2023
2024
2026
2027
2030
2032
2034
2036
2039
2041
2042
2042
2042
2041
2043
2045
2052
2059
2064
2069
2068
2067
2061
2055
2055
2055
2062
2070
2073
2075
2070
2064
2065
2067
2065
2063
2032
1996
1946
1894
1867
1845
1848
1855
1871
1887
1915
1944
1983
2023
2056
2087
2107
2125
2137
2149
2147
2143
2123
2100
2078
2057
2055
2056
2069
2083
2093
2102
2104
2104
2100
2095
2088
2081
2076
2070
2067
2065
2061
2056
2053
2051
2057
2065
2076
2088
2092
2095
2093
2091
2087
2084
2077
2069
2057
2044
2037
2030
2033
2038
2048
2058
2068
2077
2085
2092
2095
2097
2092
2085
2077
2068
2063
2058
2052
2046
2040
2033
2034
2035
2038
2041
2038
2033
2033
2034
2038
2043
2037
2030
2020
2010
2012
2016
2019
2022
2015
2006
2000
1995
1996
1998
1999
1999
1999
1999
2003
2007
2008
2008
2009
2010
2016
2022
2026
2031
2032
2032
2031
2031
2033
2035
2040
2045
2046
2046
2041
2035
2028
2021
2018
2016
2013
2010
2005
1999
1995
1990
1986
1982
1982
1982
1990
1999
2016
2033
2048
2063
2067
2069
2063
2055
2048
2042
2040
2039
2033
2027
2017
2007
2001
1996
1998
2001
2007
2013
2013
2013
2005
1996
1988
1981
1980
1980
1979
1979
1981
1984
1995
2007
2013
2018
2014
2008
2014
2021
2041
2062
2076
2090
2098
2105
2113
2120
2116
2111
2099
2086
2085
2085
2092
2099
2098
2095
2088
2080
2075
2070
2066
2061
2060
2060
2063
2068
2069
2069
2064
2057
2053
2049
2049
2049
2050
2050
2050
2050
2052
2055
2058
2060
2061
2062
2063
2063
2059
2056
2049
2042
2040
2038
2042
2047
2053
2060
2062
2063
2063
2063
2061
2060
2057
2055
2051
2047
2045
2043
2042
2042
2042
2042
2042
2042
2043
2044
2046
2048
2048
2048
2046
2044
2041
2039
2037
2035
2038
2043
2048
2053
2052
2050
2049
2049
2052
2057
2054
2051
2046
2040
2044
2050
2052
2053
2041
2027
2016
2004
2004
2006
2008
2009
2007
2004
2000
1997
1994
1992
1995
2000
2013
2027
2040
2052
2054
2054
2051
2047
2047
2047
2050
2055
2059
2063
2063
2063
2060
2057
2054
2051
2048
2045
2041
2037
2030
2022
2015
2008
2010
2012
2017
2023
2024
2024
2025
2025
2027
2029
2029
2028
2028
2028
2031
2033
2031
2029
2030
2031
2041
2051
2055
2058
2052
2045
2044
2044
2050
2057
2062
2065
2068
2071
2072
2072
2070
2068
2069
2070
2071
2071
2068
2064
2068
2074
2081
2089
2086
2080
2077
2075
2082
2091
2088
2082
2062
2040
2030
2022
2025
2031
2030
2029
2024
2018
2018
2018
2019
2021
2021
2020
2023
2026
2034
2043
2047
2050
2044
2037
2034
2032
2038
2045
2050
2054
2053
2052
2055
2059
2063
2066
2062
2057
2050
2043
2037
2031
2028
2025
2030
2036
2045
2054
2057
2059
2057
2054
2051
2048
2047
2046
2046
2046
2047
2047
2048
2048
2051
2054
2057
2060
2060
2060
2058
2057
2055
2054
2053
2052
2052
2053
2057
2061
2066
2071
2074
2077
2076
2075
2071
2068
2065
2063
2059
2055
2056
2058
2066
2074
2075
2075
2068
2061
2062
2065
2067
2069
2057
2043
2031
2019
2021
2024
2025
2025
2020
2013
2012
2011
2012
2013
2015
2016
2023
2031
2039
2046
2048
2048
2046
2044
2044
2044
2045
2047
2052
2058
2063
2068
2069
2070
2069
2067
2065
2063
2061
2059
2053
2047
2040
2033
2031
2031
2037
2045
2053
2060
2060
2060
2057
2054
2052
2050
2049
2049
2047
2045
2043
2042
2043
2044
2046
2048
2046
2043
2038
2032
2031
2030
2031
2033
2035
2037
2038
2038
2037
2036
2035
2035
2037
2039
2038
2037
2031
2025
2022
2020
2019
2018
2015
2012
2013
2015
2016
2017
2010
2002
1998
1995
2000
2006
2001
1995
1982
1967
1963
1962
1969
1977
1983
1988
1989
1989
1988
1987
1987
1987
1994
2002
2013
2025
2031
2036
2037
2037
2036
2036
2037
2038
2041
2043
2045
2046
2047
2047
2053
2059
2067
2075
2076
2076
2069
2062
2053
2045
2038
2032
2032
2032
2037
2043
2049
2056
2062
2069
2075
2082
2086
2090
2090
2089
2082
2074
2065
2056
2054
2053
2058
2064
2069
2075
2082
2090
2098
2106
2108
2108
2108
2109
2114
2119
2111
2101
2080
2058
2050
2044
2050
2057
2051
2043
2030
2016
2016
2018
2013
2007
1985
1960
1946
1934
1933
1934
1922
1908
1894
1880
1886
1895
1902
1908
1901
1892
1897
1904
1920
1938
1946
1952
1965
1979
2005
2034
2049
2062
2060
2057
2057
2057
2056
2055
2056
2058
2077
2099
2127
2156
2179
2200
2219
2237
2244
2250
2240
2228
2227
2228
2244
2263
2277
2290
2301
2312
2326
2340
2340
2338
2322
2303
2277
2249
2201
2149
2079
2007
1947
1890
1861
1835
1832
1832
1851
1872
1891
1909
1904
1896
1886
1876
1885
1897
1910
1923
1922
1919
1919
1920
1933
1948
1959
1969
1968
1966
1962
1959
1959
1960
1961
1961
1959
1956
1956
1956
1961
1968
1975
1982
1989
1997
2009
2021
2033
2046
2054
2062
2071
2079
2085
2091
2082
2070
2046
2019
1996
1974
1959
1946
1935
1923
1912
1901
1898
1897
1908
1922
1942
1963
1981
1998
2014
2030
2054
2078
2105
2132
2153
2174
2197
2221
2261
2303
2352
2403
2460
2518
2593
2670
2729
2785
2763
2729
2626
2511
2387
2262
2148
2036
1932
1829
1748
1670
1604
1540
1458
1372
1274
1174
1072
971
839
703
527
345
182
22
0
0
0
0
0
0
0
0
0
0
0
0
0
0
0
0
0
0
0
0
0
0
0
0
156
337
1051
1851
2639
3424
3775
4055
4095
4095
4095
4095
4095
4095
4095
4095
4095
4095
4095
4095
4095
4095
4095
4095
4095
4095
4095
4095
4095
4095
4095
4095
4095
4095
4095
4095
4095
4095
4095
4095
4095
4095
2334
287
0
0
0
0
0
0
0
0
0
0
0
0
0
0
0
0
0
0
0
0
0
0
0
0
293
634
2149
3855
4095
4095
4095
4095
4095
4095
4095
4095
4095
4095
4095
4095
4095
4095
4095
4095
4095
4095
4095
4095
4095
4095
4095
4095
4095
4095
4095
4095
3664
3164
1764
217
0
0
0
0
0
0
0
0
0
0
0
0
0
0
0
0
0
0
0
0
0
0
0
0
0
0
0
0
0
0
0
0
0
0
212
459
1011
1613
2253
2899
3337
3742
3926
4074
4095
4095
4095
4095
4095
4095
4095
4095
4095
4095
4095
4095
4095
4095
4095
4095
4095
4095
4095
4095
4095
4095
4095
4095
4095
4095
4095
4095
4095
4095
4095
4095
4095
4095
4058
4016
3925
3826
3712
3596
3500
3408
3435
3481
3637
3811
3885
3942
3792
3608
3466
3330
3430
3568
3738
3914
3878
3807
3551
3265
2919
2563
2213
1863
1510
1157
739
310
142
17
0
0
0
0
0
0
0
0
0
0
61
132
462
835
975
1076
1112
1137
1290
1464
1644
1825
1905
1969
2024
2079
2176
2280
2369
2456
2505
2548
2583
2617
2665
2715
2771
2827
2858
2886
2890
2890
2894
2899
2906
2914
2908
2900
2871
2838
2791
2741
2694
2648
2614
2582
2547
2512
2473
2433
2407
2383
2374
2367
2365
2363
2358
2352
2344
2335
2333
2333
2341
2350
2345
2337
2315
2291
2278
2268
2267
2268
2258
2246
2230
2214
2208
2203
2199
2195
2187
2179
2174
2170
2168
2167
2165
2163
2165
2168
2170
2172
2166
2159
2152
2145
2140
2137
2130
2123
2116
2109
2103
2098
2091
2084
2082
2080
2085
2091
2092
2092
2087
2082
2083
2085
2083
2081
2069
2056
2051
2046
2049
2054
2051
2047
2037
2027
2022
2017
2017
2018
2020
2021
2019
2017
2011
2005
2002
2000
2000
2000
1998
1996
1994
1992
1993
1994
1995
1996
1995
1993
1988
1983
1977
1970
1968
1966
1969
1974
1976
1978
1975
1972
1972
1972
1974
1976
1973
1968
1960
1951
1950
1950
1956
1963
1965
1965
1957
1949
1944
1940
1944
1950
1955
1960
1955
1949
1938
1925
1920
1917
1921
1927
1929
1930
1928
1926
1929
1933
1940
1948
1953
1956
1954
1951
1944
1937
1931
1926
1930
1935
1939
1943
1938
1932
1928
1924
1926
1929
1930
1930
1928
1926
1928
1931
1932
1932
1929
1926
1926
1926
1927
1928
1929
1929
1931
1933
1932
1930
1923
1916
1916
1917
1926
1935
1935
1933
1926
1918
1919
1922
1927
1933
1929
1924
1918
1911
1911
1911
1914
1917
1922
1927
1931
1934
1932
1929
1925
1921
1921
1921
1921
1921
1919
1917
1917
1917
1917
1917
1915
1912
1908
1904
1905
1907
1913
1919
1923
1926
1929
1931
1937
1943
1947
1950
1946
1940
1933
1925
1921
1918
1919
1920
1922
1924
1922
1920
1917
1915
1920
1927
1936
1945
1944
1942
1933
1924
1922
1922
1925
1928
1928
1928
1928
1928
1930
1933
1936
1938
1939
1940
1938
1935
1928
1921
1918
1916
1918
1920
1919
1917
1916
1915
1919
1925
1927
1929
1924
1918
1917
1917
1923
1931
1936
1940
1941
1941
1944
1947
1949
1950
1946
1940
1934
1928
1927
1926
1929
1934
1938
1942
1937
1931
1926
1920
1929
1939
1952
1965
1967
1967
1970
1972
1977
1982
1970
1956
1938
1918
1918
1921
1928
1936
1932
1926
1922
1917
1922
1929
1936
1943
1951
1960
1969
1978
1975
1970
1962
1953
1952
1952
1950
1949
1942
1935
1931
1926
1920
1913
1907
1900
1906
1914
1925
1937
1935
1932
1928
1923
1931
1941
1950
1958
1960
1960
1961
1963
1965
1967
1968
1969
1971
1972
1969
1964
1955
1946
1943
1942
1945
1950
1949
1948
1946
1945
1949
1954
1959
1964
1967
1970
1972
1974
1972
1970
1967
1965
1965
1966
1964
1962
1958
1955
1958
1961
1964
1967
1962
1956
1952
1949
1952
1957
1961
1966
1968
1969
1970
1970
1971
1972
1974
1975
1974
1972
1965
1957
1950
1944
1945
1946
1948
1949
1947
1944
1945
1946
1951
1956
1957
1958
1958
1957
1959
1962
1966
1969
1972
1975
1979
1984
1985
1985
1979
1972
1968
1963
1963
1963
1965
1966
1968
1970
1970
1970
1965
1959
1959
1959
1967
1977
1980
1982
1974
1964
1960
1958
1964
1971
1971
1970
1967
1965
1970
1977
1981
1986
1983
1978
1976
1975
1978
1983
1985
1987
1987
1987
1983
1978
1972
1965
1968
1972
1983
1996
1999
2000
1993
1985
1979
1974
1973
1972
1970
1969
1970
1971
1970
1969
1962
1955
1955
1955
1962
1970
1974
1976
1976
1976
1979
1983
1987
1990
1992
1993
1999
2006
2008
2010
2001
1991
1984
1977
1980
1983
1985
1986
1985
1983
1983
1983
1980
1978
1975
1973
1978
1984
1988
1992
1986
1979
1976
1974
1982
1991
1996
2000
1996
1990
1989
1989
1992
1995
1993
1991
1988
1986
1986
1987
1988
1988
1988
1988
1988
1989
1987
1984
1979
1974
1975
1976
1981
1987
1988
1988
1986
1984
1984
1984
1988
1992
1995
1998
1999
1999
1999
1998
1996
1994
1992
1991
1992
1993
1995
1997
1998
1998
1997
1996
1996
1996
1994
1993
1993
1993
1996
1999
2002
2005
2004
2003
1999
1996
1994
1992
1991
1990
1990
1990
1990
1990
1989
1988
1986
1985
1985
1985
1986
1988
1993
1999
2005
2011
2012
2012
2009
2006
2005
2005
2004
2004
2000
1996
1996
1997
1999
2001
1998
1993
1991
1990
1996
2004
2009
2013
2008
2001
1998
1996
2000
2005
2009
2012
2012
2011
2007
2004
1999
1994
1993
1992
1996
2001
2003
2005
2002
1998
1995
1992
1992
1993
1995
1996
1996
1996
1997
1998
2001
2003
2005
2006
2007
2008
2009
2009
2009
2008
2008
2008
2009
2010
2010
2010
2008
2007
2006
2006
2006
2007
2008
2009
2010
2010
2008
2006
2004
2002
2002
2002
2004
2005
2007
2008
2010
2011
2011
2011
2010
2010
2010
2010
2010
2010
2007
2004
2002
2001
2002
2003
2006
2008
2009
2010
2011
2011
2013
2015
2017
2018
2016
2014
2010
2006
2006
2006
2008
2010
2010
2010
2010
2010
2011
2013
2014
2014
2011
2009
2008
2007
2008
2009
2010
2011
2011
2011
2010
2010
2010
2010
2013
2015
2017
2019
2016
2013
2009
2004
2004
2004
2006
2009
2010
2011
2010
2009
2009
2009
2013
2016
2020
2024
2023
2022
2020
2018
2019
2020
2021
2021
2018
2014
2013
2012
2015
2019
2019
2019
2014
2009
2009
2009
2012
2015
2016
2016
2015
2014
2014
2014
2013
2012
2012
2012
2014
2017
2019
2021
2021
2020
2017
2014
2012
2011
2012
2014
2018
2022
2021
2019
2014
2009
2011
2014
2019
2025
2024
2022
2017
2011
2012
2014
2020
2026
2028
2029
2026
2022
2020
2018
2020
2022
2023
2024
2020
2015
2012
2009
2011
2014
2016
2017
2015
2012
2012
2012
2015
2019
2022
2025
2024
2022
2020
2019
2021
2024
2028
2031
2028
2023
2016
2009
2011
2013
2021
2029
2031
2032
2027
2021
2017
2014
2016
2018
2022
2025
2025
2025
2023
2022
2025
2028
2032
2037
2034
2029
2022
2015
2012
2010
2012
2015
2016
2016
2015
2014
2016
2018
2023
2029
2028
2026
2022
2019
2025
2032
2039
2047
2043
2036
2029
2021
2023
2026
2028
2029
2022
2014
2009
2005
2009
2015
2019
2024
2025
2025
2024
2024
2024
2025
2026
2027
2027
2027
2027
2027
2029
2031
2030
2029
2023
2016
2013
2010
2013
2016
2020
2024
2024
2023
2021
2019
2025
2032
2041
2050
2048
2044
2035
2025
2027
2030
2037
2044
2038
2030
2018
2005
2005
2007
2017
2027
2033
2038
2037
2035
2031
2028
2030
2033
2039
2046
2043
2039
2030
2020
2016
2014
2015
2017
2016
2015
2013
2012
2014
2017
2021
2026
2027
2027
2025
2022
2022
2022
2029
2036
2041
2044
2038
2031
2024
2018
2021
2026
2031
2037
2035
2032
2025
2018
2016
2015
2021
2028
2033
2038
2035
2030
2028
2026
2030
2035
2037
2038
2034
2029
2025
2022
2022
2023
2025
2026
2028
2029
2030
2031
2032
2032
2032
2033
2034
2035
2036
2036
2037
2038
2039
2039
2037
2035
2031
2026
2025
2024
2025
2026
2027
2028
2028
2028
2029
2030
2031
2032
2032
2031
2031
2031
2034
2036
2037
2037
2035
2033
2034
2036
2037
2038
2035
2030
2029
2029
2032
2035
2035
2034
2030
2025
2024
2023
2023
2023
2023
2022
2023
2025
2028
2031
2032
2032
2032
2032
2034
2035
2036
2036
2037
2037
2038
2039
2040
2040
2041
2041
2043
2045
2045
2045
2042
2039
2037
2035
2033
2031
2027
2022
2020
2018
2019
2021
2022
2022
2022
2022
2023
2025
2026
2026
2026
2025
2028
2031
2037
2043
2044
2045
2042
2037
2033
2029
2029
2029
2032
2035
2036
2036
2034
2032
2032
2032
2034
2036
2037
2037
2036
2035
2035
2035
2037
2038
2041
2044
2047
2049
2048
2047
2045
2043
2043
2043
2042
2040
2033
2026
2022
2018
2020
2022
2024
2026
2025
2023
2023
2023
2027
2033
2035
2037
2034
2031
2032
2034
2039
2044
2042
2040
2036
2031
2031
2032
2035
2037
2037
2037
2036
2036
2034
2033
2032
2031
2031
2031
2033
2035
2038
2041
2043
2044
2042
2039
2037
2036
2038
2041
2043
2044
2044
2044
2042
2041
2038
2035
2035
2035
2039
2043
2041
2039
2031
2023
2023
2024
2031
2039
2040
2040
2036
2033
2034
2035
2036
2036
2035
2033
2032
2032
2032
2032
2031
2031
2031
2032
2033
2033
2033
2033
2033
2034
2035
2036
2036
2035
2035
2036
2037
2038
2037
2035
2035
2035
2035
2036
2035
2033
2033
2033
2037
2041
2042
2042
2039
2037
2038
2040
2043
2046
2046
2045
2045
2045
2046
2047
2047
2046
2044
2042
2040
2039
2038
2038
2038
2038
2039
2039
2037
2036
2036
2036
2038
2040
2040
2039
2039
2039
2041
2043
2042
2040
2035
2029
2028
2027
2028
2029
2030
2030
2030
2031
2032
2033
2032
2031
2033
2036
2043
2050
2051
2051
2046
2040
2038
2036
2037
2039
2040
2041
2040
2038
2034
2029
2027
2026
2030
2035
2039
2044
2045
2045
2046
2046
2046
2047
2048
2048
2048
2048
2049
2049
2046
2043
2039
2036
2033
2031
2029
2028
2028
2028
2028
2029
2031
2032
2036
2040
2044
2048
2048
2047
2044
2042
2042
2043
2042
2041
2036
2030
2028
2027
2028
2029
2029
2028
2030
2032
2037
2043
2046
2048
2048
2048
2048
2048
2048
2049
2050
2050
2049
2047
2043
2038
2035
2033
2034
2035
2036
2036
2036
2036
2036
2036
2037
2037
2037
2037
2037
2037
2038
2038
2039
2039
2039
2039
2040
2040
2040
2040
2040
2040
2041
2041
2042
2042
2042
2042
2043
2043
2043
2043
2043
2043
2044
2045
2044
2043
2042
2041
2042
2043
2042
2041
2036
2031
2031
2031
2035
2040
2041
2041
2037
2033
2033
2034
2040
2047
2051
2054
2052
2049
2044
2038
2038
2038
2040
2043
2045
2046
2044
2042
2038
2034
2032
2031
2033
2035
2039
2043
2043
2043
2042
2041
2042
2044
2045
2045
2043
2040
2038
2036
2038
2040
2044
2048
2049
2049
2045
2042
2040
2039
2040
2041
2040
2038
2034
2031
2033
2036
2041
2046
2043
2040
2036
2031
2034
2039
2045
2052
2052
2051
2046
2041
2038
2036
2036
2037
2038
2039
2039
2039
2038
2037
2040
2044
2047
2050
2048
2046
2042
2039
2040
2041
2042
2043
2042
2040
2039
2038
2038
2038
2039
2039
2040
2040
2039
2039
2040
2041
2043
2045
2045
2044
2041
2039
2041
2043
2046
2048
2047
2046
2046
2046
2047
2049
2048
2047
2043
2040
2037
2035
2032
2030
2032
2035
2041
2047
2045
2043
2039
2034
2037
2042
2046
2050
2047
2043
2043
2043
2047
2050
2048
2045
2041
2036
2036
2036
2037
2037
2037
2037
2038
2039
2039
2038
2038
2038
2043
2049
2051
2052
2048
2042
2042
2042
2046
2050
2050
2049
2046
2044
2044
2044
2043
2042
2041
2040
2040
2041
2042
2042
2042
2042
2042
2042
2042
2042
2043
2043
2043
2043
2040
2037
2033
2030
2028
2026
2028
2031
2036
2042
2044
2046
2045
2044
2045
2047
2051
2054
2054
2054
2052
2050
2048
2047
2047
2047
2049
2051
2049
2047
2042
2037
2041
2046
2051
2056
2051
2045
2043
2041
2045
2051
2044
2035
2024
2012
2022
2035
2049
2064
2059
2050
2040
2030
2034
2041
2046
2051
2048
2045
2042
2039
2038
2038
2038
2039
2042
2044
2044
2044
2043
2042
2043
2044
2044
2043
2039
2036
2035
2035
2035
2035
2035
2034
2034
2034
2034
2034
2032
2031
2031
2032
2035
2038
2038
2038
2037
2036
2038
2040
2042
2044
2043
2042
2042
2043
2047
2051
2051
2050
2044
2037
2035
2034
2038
2044
2046
2048
2046
2043
2045
2048
2053
2059
2060
2060
2058
2057
2056
2056
2052
2047
2046
2045
2050
2057
2060
2062
2058
2052
2048
2045
2046
2047
2049
2050
2050
2049
2047
2045
2042
2039
2036
2034
2033
2032
2032
2032
2036
2039
2042
2045
2044
2042
2039
2037
2036
2036
2036
2036
2036
2036
2038
2040
2041
2042
2042
2042
2042
2042
2042
2043
2044
2044
2043
2042
2040
2039
2040
2041
2043
2044
2045
2045
2044
2044
2044
2045
2044
2043
2040
2037
2036
2035
2034
2034
2031
2028
2027
2027
2030
2035
2039
2043
2043
2042
2043
2045
2051
2058
2059
2059
2054
2047
2047
2048
2055
2063
2062
2060
2051
2041
2042
2045
2054
2064
2064
2062
2053
2044
2042
2041
2044
2048
2049
2049
2047
2045
2042
2040
2039
2039
2040
2041
2043
2044
2044
2044
2041
2039
2037
2036
2036
2037
2039
2041
2039
2036
2032
2027
2027
2027
2028
2029
2030
2031
2035
2039
2042
2045
2042
2038
2038
2038
2044
2051
2055
2058
2055
2052
2051
2050
2052
2054
2055
2056
2057
2057
2056
2055
2052
2049
2048
2047
2047
2048
2049
2049
2047
2045
2041
2036
2032
2028
2031
2035
2039
2044
2041
2036
2032
2027
2031
2036
2039
2042
2039
2034
2031
2029
2030
2032
2034
2036
2038
2040
2043
2045
2046
2046
2047
2048
2051
2053
2054
2055
2056
2057
2058
2059
2056
2053
2052
2051
2054
2059
2056
2053
2043
2033
2032
2032
2038
2045
2047
2047
2044
2039
2039
2039
2042
2045
2048
2050
2052
2053
2052
2051
2049
2048
2048
2049
2050
2050
2046
2043
2039
2035
2034
2034
2035
2036
2037
2037
2036
2035
2038
2041
2045
2050
2050
2049
2048
2048
2051
2055
2056
2056
2050
2043
2041
2039
2040
2042
2042
2042
2041
2041
2041
2042
2043
2043
2043
2043
2043
2043
2044
2044
2044
2044
2044
2044
2044
2044
2044
2044
2044
2044
2044
2044
2044
2044
2043
2043
2043
2043
2043
2043
2043
2043
2043
2043
2043
2043
2043
2043
2039
2036
2035
2034
2035
2037
2038
2038
2042
2045
2050
2056
2057
2057
2051
2044
2043
2042
2047
2054
2058
2061
2058
2055
2051
2048
2048
2048
2048
2049
2048
2047
2043
2040
2040
2040
2041
2043
2043
2042
2041
2040
2041
2043
2042
2041
2037
2034
2037
2042
2049
2057
2058
2057
2051
2045
2043
2042
2042
2043
2044
2044
2044
2044
2043
2042
2041
2040
2040
2041
2043
2045
2045
2045
2044
2044
2044
2044
2045
2045
2044
2044
2044
2044
2044
2044
2043
2043
2043
2043
2043
2043
2043
2043
2043
2043
2043
2043
2039
2036
2034
2033
2037
2043
2046
2049
2046
2042
2042
2042
2049
2057
2058
2057
2050
2043
2043
2044
2048
2053
2050
2046
2043
2041
2047
2054
2058
2062
2059
2054
2050
2045
2043
2042
2042
2042
2042
2042
2043
2043
2042
2042
2042
2042
2043
2043
2043
2043
2043
2043
2043
2043
2044
2044
2044
2044
2044
2044
2044
2044
2045
2045
2045
2045
2045
2045
2046
2046
2046
2046
2046
2046
2047
2047
2046
2045
2043
2042
2043
2044
2046
2048
2047
2045
2043
2042
2043
2044
2046
2048
2048
2047
2045
2044
2042
2041
2039
2038
2037
2037
2039
2041
2042
2043
2042
2040
2040
2040
2042
2045
2046
2046
2044
2042
2042
2043
2046
2048
2048
2047
2045
2044
2047
2050
2054
2057
2054
2050
2046
2043
2045
2047
2049
2051
2049
2047
2045
2044
2044
2045
2045
2045
2044
2044
2044
2045
2045
2044
2040
2036
2033
2031
2031
2032
2035
2038
2040
2042
2043
2043
2045
2047
2051
2054
2052
2049
2045
2040
2042
2045
2052
2059
2059
2059
2053
2046
2044
2042
2043
2044
2045
2045
2044
2044
2044
2044
2045
2045
2044
2044
2044
2044
2044
2044
2041
2039
2039
2040
2045
2050
2052
2054
2052
2049
2047
2045
2045
2045
2045
2045
2046
2046
2045
2044
2042
2041
2042
2044
2046
2047
2047
2046
2044
2043
2043
2043
2043
2043
2045
2046
2047
2047
2045
2043
2041
2039
2039
2040
2041
2041
2041
2041
2041
2041
2041
2041
2041
2042
2045
2047
2049
2050
2050
2050
2049
2049
2049
2049
2050
2050
2049
2048
2046
2044
2042
2041
2041
2041
2042
2043
2045
2046
2046
2045
2042
2040
2040
2040
2042
2044
2045
2045
2045
2045
2046
2046
2044
2042
2042
2042
2045
2048
2048
2048
2045
2043
2044
2046
2048
2050
2049
2047
2046
2045
2045
2045
2045
2045
2046
2047
2048
2048
2046
2043
2041
2040
2040
2041
2041
2041
2041
2041
2044
2047
2049
2050
2050
2049
2049
2049
2049
2050
2049
2048
2045
2042
2041
2041
2041
2041
2041
2040
2041
2042
2045
2048
2049
2049
2049
2049
2049
2050
2049
2047
2042
2036
2034
2033
2036
2041
2045
2049
2049
2049
2045
2042
2041
2041
2044
2048
2049
2049
2045
2039
2036
2034
2037
2040
2044
2047
2048
2049
2049
2049
2048
2048
2048
2048
2049
2049
2047
2046
2045
2044
2044
2044
2043
2042
2041
2041
2043
2046
2048
2049
2048
2047
2047
2047
2048
2048
2048
2047
2047
2048
2049
2049
2047
2045
2045
2045
2045
2045
2043
2042
2042
2042
2043
2044
2044
2043
2042
2041
2042
2044
2045
2045
2044
2043
2043
2044
2044
2044
2044
2044
2044
2044
2043
2042
2041
2041
2044
2047
2048
2048
2045
2042
2043
2045
2049
2053
2050
2046
2041
2036
2038
2040
2044
2048
2049
2049
2050
2050
2050
2050
2050
2050
2050
2050
2050
2050
2050
2050
2050
2051
2050
2048
2045
2043
2043
2044
2045
2045
2042
2039
2036
2033
2033
2033
2035
2037
2038
2038
2038
2037
2038
2039
2042
2045
2046
2046
2046
2046
2047
2048
2048
2048
2046
2044
2045
2047
2048
2048
2045
2042
2041
2041
2044
2047
2048
2048
2045
2043
2043
2043
2043
2043
2044
2044
2045
2046
2047
2047
2046
2045
2045
2045
2046
2046
2046
2045
2044
2044
2045
2047
2049
2050
2049
2047
2045
2044
2045
2047
2049
2051
2050
2048
2046
2045
2045
2046
2047
2047
2047
2047
2047
2047
2048
2048
2048
2048
2048
2048
2048
2047
2045
2043
2044
2046
2049
2051
2050
2049
2046
2043
2043
2043
2044
2044
2041
2038
2037
2037
2041
2046
2047
2047
2044
2039
2040
2042
2048
2055
2054
2053
2047
2041
2043
2046
2051
2056
2053
2050
2046
2042
2045
2048
2051
2053
2051
2049
2048
2047
2049
2051
2049
2047
2042
2036
2034
2033
2034
2035
2035
2035
2035
2035
2035
2035
2035
2034
2035
2036
2042
2049
2050
2050
2044
2037
2035
2034
2041
2049
2054
2058
2054
2048
2044
2039
2042
2045
2049
2053
2050
2047
2041
2034
2034
2034
2040
2046
2048
2049
2048
2047
2047
2047
2048
2048
2050
2051
2054
2056
2055
2054
2049
2044
2045
2047
2052
2058
2056
2054
2049
2044
2044
2045
2047
2049
2049
2048
2046
2044
2043
2043
2043
2044
2045
2045
2041
2037
2033
2030
2033
2036
2043
2051
2055
2057
2054
2051
2049
2047
2050
2054
2056
2058
2052
2045
2041
2036
2040
2046
2051
2057
2053
2047
2041
2035
2038
2042
2048
2054
2052
2049
2042
2035
2032
2030
2030
2030
2030
2030
2029
2029
2029
2029
2027
2026
2026
2027
2033
2040
2044
2049
2050
2050
2052
2054
2056
2057
2056
2055
2055
2055
2055
2055
2054
2052
2051
2051
2051
2052
2050
2048
2045
2043
2044
2045
2046
2046
2046
2045
2045
2045
2043
2042
2042
2043
2049
2056
2057
2057
2050
2042
2039
2037
2039
2041
2039
2037
2037
2037
2039
2041
2038
2033
2029
2026
2030
2036
2042
2048
2052
2057
2061
2065
2061
2056
2052
2048
2060
2074
2083
2092
2078
2060
2045
2031
2035
2043
2049
2055
2050
2044
2043
2042
2043
2044
2044
2043
2043
2044
2045
2045
2041
2036
2034
2032
2034
2037
2038
2039
2039
2039
2039
2039
2040
2040
2041
2041
2041
2041
2038
2035
2035
2035
2038
2041
2043
2045
2045
2044
2044
2044
2045
2045
2046
2046
2046
2046
2046
2046
2047
2047
2049
2050
2050
2049
2047
2045
2045
2046
2047
2047
2046
2045
2046
2048
2051
2054
2051
2047
2043
2039
2042
2047
2051
2054
2051
2047
2044
2042
2044
2046
2047
2048
2045
2042
2040
2038
2040
2042
2045
2047
2045
2043
2041
2040
2042
2044
2046
2047
2046
2044
2043
2043
2043
2043
2043
2043
2044
2046
2048
2049
2048
2046
2046
2046
2048
2050
2050
2049
2047
2045
2045
2046
2047
2047
2047
2047
2047
2047
2048
2048
2048
2048
2048
2048
2049
2049
2049
2049
2049
2050
2049
2047
2043
2038
2039
2040
2044
2048
2045
2040
2035
2029
2032
2037
2044
2051
2050
2049
2044
2038
2037
2037
2041
2047
2051
2055
2053
2050
2043
2036
2035
2036
2043
2050
2050
2049
2045
2040
2043
2046
2050
2054
2051
2047
2043
2040
2041
2042
2043
2043
2042
2040
2040
2040
2042
2044
2046
2047
2048
2048
2048
2047
2046
2045
2046
2048
2049
2050
2049
2047
2046
2045
2045
2045
2044
2044
2044
2044
2043
2043
2042
2042
2043
2044
2046
2047
2046
2044
2042
2041
2041
2042
2045
2047
2049
2051
2052
2052
2052
2051
2049
2048
2047
2047
2047
2047
2048
2048
2048
2048
2046
2045
2045
2045
2046
2048
2050
2051
2049
2046
2042
2038
2038
2039
2043
2048
2049
2050
2048
2045
2043
2042
2042
2043
2043
2043
2042
2042
2043
2044
2046
2047
2048
2048
2047
2046
2046
2046
2047
2048
2047
2046
2043
2041
2041
2041
2043
2045
2044
2043
2042
2042
2043
2045
2046
2046
2046
2046
2048
2050
2051
2051
2050
2049
2049
2049
2051
2052
2050
2048
2045
2043
2044
2045
2046
2046
2046
2046
2044
2043
2042
2042
2043
2044
2047
2050
2047
2044
2039
2033
2033
2033
2034
2035
2035
2035
2036
2038
2041
2044
2044
2044
2043
2043
2046
2050
2051
2052
2051
2050
2050
2050
2051
2051
2051
2051
2050
2050
2047
2045
2042
2040
2041
2043
2046
2049
2049
2048
2046
2045
2045
2045
2045
2044
2043
2042
2043
2045
2048
2051
2049
2047
2043
2040
2043
2046
2048
2050
2046
2040
2036
2031
2035
2040
2044
2048
2048
2047
2046
2046
2046
2046
2047
2047
2047
2047
2046
2046
2046
2046
2046
2046
2045
2044
2042
2040
2041
2043
2044
2045
2045
2044
2045
2046
2048
2049
2049
2048
2048
2049
2052
2054
2052
2050
2048
2046
2048
2050
2048
2046
2041
2036
2036
2036
2040
2044
2045
2045
2045
2045
2045
2045
2045
2045
2045
2046
2048
2050
2049
2048
2046
2044
2045
2047
2049
2051
2050
2049
2046
2043
2042
2042
2043
2044
2045
2046
2047
2047
2048
2048
2047
2047
2044
2042
2040
2038
2039
2041
2044
2046
2045
2043
2040
2038
2040
2042
2045
2048
2048
2047
2045
2044
2045
2046
2048
2050
2050
2050
2049
2048
2047
2046
2045
2045
2045
2046
2047
2047
2045
2044
2043
2042
2042
2042
2042
2042
2042
2042
2043
2043
2042
2041
2042
2044
2047
2050
2050
2050
2048
2046
2047
2049
2050
2050
2048
2045
2043
2042
2042
2043
2044
2045
2047
2049
2050
2051
2049
2046
2044
2042
2043
2044
2045
2045
2044
2043
2043
2044
2045
2046
2043
2040
2036
2033
2036
2041
2047
2053
2053
2053
2049
2045
2045
2045
2045
2045
2045
2045
2045
2045
2045
2045
2045
2045
2045
2045
2045
2045
2045
2045
2045
2045
2045
2045
2044
2044
2045
2047
2049
2050
2049
2048
2046
2045
2045
2045
2046
2046
2046
2046
2045
2045
2045
2046
2048
2050
2050
2049
2045
2041
2038
2035
2037
2039
2043
2048
2050
2052
2052
2051
2048
2046
2046
2046
2047
2049
2050
2050
2046
2041
2037
2034
2037
2041
2045
2050
2047
2042
2038
2033
2035
2038
2041
2044
2045
2046
2050
2054
2057
2059
2057
2055
2053
2052
2052
2052
2051
2050
2047
2045
2043
2041
2041
2041
2042
2042
2041
2040
2039
2038
2039
2040
2038
2036
2029
2022
2018
2015
2015
2015
2017
2019
2026
2033
2040
2046
2045
2043
2045
2048
2058
2069
2071
2071
2065
2058
2061
2065
2070
2076
2071
2064
2059
2053
2053
2054
2054
2054
2054
2054
2053
2052
2046
2040
2040
2040
2048
2057
2059
2060
2053
2045
2040
2037
2039
2042
2044
2045
2045
2044
2039
2034
2026
2018
2016
2015
2023
2032
2037
2042
2037
2031
2030
2030
2038
2048
2054
2059
2056
2052
2049
2047
2047
2047
2045
2044
2044
2044
2047
2050
2050
2049
2047
2045
2048
2053
2055
2057
2054
2051
2049
2047
2046
2045
2043
2041
2040
2039
2039
2039
2040
2041
2043
2045
2047
2049
2049
2049
2049
2049
2049
2049
2049
2048
2045
2043
2042
2041
2042
2043
2046
2049
2050
2050
2047
2044
2044
2044
2048
2051
2052
2052
2049
2047
2048
2049
2052
2055
2056
2056
2054
2052
2047
2041
2034
2026
2022
2020
2023
2026
2023
2018
2013
2008
2018
2031
2051
2072
2076
2078
2066
2052
2047
2044
2053
2065
2071
2076
2064
2050
2036
2021
2022
2026
2038
2052
2055
2056
2049
2040
2035
2032
2036
2041
2047
2053
2054
2054
2048
2042
2038
2033
2036
2041
2050
2059
2061
2062
2057
2050
2048
2046
2049
2052
2052
2052
2048
2045
2046
2047
2047
2046
2039
2032
2032
2034
2043
2053
2052
2050
2041
2032
2032
2033
2038
2044
2041
2038
2033
2027
2026
2026
2029
2032
2039
2047
2055
2063
2065
2066
2064
2062
2060
2059
2057
2055
2052
2049
2048
2047
2043
2040
2036
2032
2031
2031
2031
2032
2032
2032
2032
2032
2035
2040
2047
2054
2058
2063
2064
2065
2063
2060
2056
2052
2051
2050
2050
2050
2047
2044
2038
2031
2031
2031
2037
2044
2046
2048
2047
2045
2047
2049
2055
2061
2063
2064
2061
2058
2052
2046
2041
2035
2033
2032
2031
2030
2028
2027
2027
2027
2031
2035
2039
2042
2046
2051
2056
2061
2062
2063
2061
2059
2056
2053
2052
2052
2053
2054
2055
2055
2052
2047
2040
2033
2031
2029
2030
2031
2032
2032
2030
2029
2030
2032
2038
2045
2050
2055
2055
2054
2052
2050
2050
2051
2054
2056
2056
2055
2053
2051
2050
2049
2047
2045
2043
2042
2042
2043
2042
2041
2038
2036
2039
2043
2050
2057
2060
2061
2060
2058
2056
2054
2052
2050
2046
2043
2039
2036
2032
2028
2029
2031
2038
2046
2048
2048
2045
2041
2043
2045
2047
2048
2047
2045
2048
2053
2057
2062
2059
2054
2051
2049
2050
2051
2047
2042
2035
2028
2027
2027
2027
2027
2028
2028
2032
2037
2041
2045
2048
2051
2056
2062
2065
2068
2065
2062
2058
2054
2050
2046
2040
2034
2030
2027
2027
2028
2032
2036
2042
2048
2051
2054
2054
2054
2054
2054
2056
2058
2058
2057
2055
2053
2053
2053
2054
2054
2051
2048
2041
2034
2034
2035
2042
2049
2050
2050
2044
2038
2036
2034
2035
2036
2038
2039
2046
2054
2061
2068
2063
2057
2050
2043
2040
2039
2038
2038
2038
2038
2040
2041
2039
2036
2039
2044
2055
2068
2067
2064
2051
2037
2037
2040
2050
2060
2055
2047
2037
2028
2030
2034
2037
2039
2038
2036
2037
2039
2038
2037
2032
2026
2031
2038
2046
2055
2053
2049
2043
2036
2039
2043
2047
2051
2048
2043
2037
2031
2030
2030
2034
2039
2043
2046
2042
2037
2033
2029
2036
2045
2057
2070
2072
2072
2065
2057
2054
2052
2055
2059
2061
2062
2060
2058
2054
2051
2051
2051
2053
2055
2056
2057
2056
2055
2053
2052
2052
2052
2053
2054
2054
2053
2050
2048
2047
2046
2046
2046
2044
2043
2039
2036
2032
2028
2027
2027
2030
2033
2035
2037
2035
2033
2033
2033
2038
2043
2047
2052
2053
2053
2052
2051
2047
2042
2039
2037
2040
2045
2046
2047
2041
2034
2033
2033
2039
2046
2048
2050
2049
2048
2048
2049
2049
2049
2049
2050
2056
2062
2061
2060
2050
2040
2037
2035
2041
2048
2048
2047
2042
2036
2039
2042
2047
2053
2050
2045
2039
2033
2034
2035
2039
2044
2048
2051
2054
2056
2057
2057
2056
2055
2053
2052
2048
2045
2040
2034
2034
2034
2039
2046
2047
2048
2043
2036
2032
2028
2032
2038
2045
2052
2056
2059
2058
2057
2055
2053
2053
2053
2054
2054
2051
2047
2041
2035
2035
2035
2041
2047
2048
2049
2044
2037
2033
2030
2033
2038
2045
2052
2056
2059
2059
2058
2057
2056
2055
2054
2050
2046
2041
2035
2033
2032
2032
2032
2032
2032
2034
2036
2039
2041
2041
2041
2041
2042
2047
2052
2054
2055
2053
2050
2050
2050
2052
2055
2053
2051
2048
2046
2048
2050
2052
2054
2051
2048
2047
2046
2048
2050
2050
2049
2046
2044
2044
2044
2044
2045
2046
2046
2047
2047
2044
2041
2037
2034
2032
2031
2030
2029
2029
2029
2033
2038
2041
2044
2043
2041
2041
2041
2045
2049
2050
2050
2049
2048
2049
2050
2053
2055
2056
2057
2057
2056
2053
2050
2048
2047
2048
2050
2052
2053
2052
2051
2049
2047
2047
2048
2049
2049
2049
2048
2048
2048
2048
2049
2049
2049
2048
2047
2046
2046
2045
2045
2045
2045
2046
2047
2048
2048
2047
2046
2045
2045
2041
2038
2036
2035
2039
2045
2046
2047
2041
2034
2033
2033
2040
2048
2049
2049
2045
2040
2043
2047
2051
2056
2055
2053
2053
2053
2055
2057
2055
2053
2048
2042
2040
2038
2039
2041
2043
2045
2044
2042
2039
2037
2040
2043
2047
2050
2047
2044
2040
2037
2037
2038
2039
2039
2038
2037
2037
2037
2038
2038
2038
2037
2036
2036
2036
2037
2037
2036
2035
2034
2036
2038
2042
2046
2049
2052
2054
2056
2057
2057
2057
2056
2056
2057
2059
2061
2060
2059
2055
2052
2051
2050
2050
2050
2050
2050
2050
2050
2049
2048
2046
2044
2044
2044
2044
2044
2044
2044
2043
2043
2043
2043
2043
2043
2043
2043
2043
2043
2043
2042
2042
2043
2046
2048
2047
2046
2043
2041
2042
2043
2044
2044
2042
2040
2042
2045
2048
2050
2046
2040
2036
2031
2034
2039
2044
2049
2048
2047
2045
2044
2045
2047
2050
2053
2053
2052
2050
2048
2048
2048
2049
2049
2048
2046
2044
2043
2043
2044
2043
2041
2040
2039
2042
2047
2050
2053
2051
2049
2047
2046
2046
2047
2048
2048
2048
2048
2047
2047
2044
2041
2039
2037
2039
2042
2044
2045
2043
2041
2040
2040
2043
2046
2050
2055
2056
2056
2056
2055
2055
2056
2057
2057
2053
2050
2048
2047
2047
2047
2042
2037
2034
2031
2035
2041
2044
2046
2040
2033
2027
2022
2025
2030
2036
2042
2046
2050
2051
2051
2051
2051
2054
2059
2063
2066
2061
2054
2048
2041
2046
2052
2056
2059
2052
2044
2036
2028
2028
2029
2033
2037
2036
2034
2029
2024
2025
2027
2035
2043
2047
